from,to,length,capacity,volume,EstimatedTT,Speed,CO2
31035110,3669613447,1171.156,900,1741.8394325932218,101.22806626839046,11.569479129383565,461.7197620065661
31035110,31035112,37.766,900,2246.68304688929,5.284941057579348,7.145964276335352,26.28560985448764
31035142,31035110,24.249,900,3988.522479482512,14.211027647507118,1.7063509129301941,75.6902008841378
3669613447,3669613446,13.061000000000002,900,1741.8394325932218,0.94076548692876,13.88337495526029,4.7848193108095245
679655458,3669613447,11.209,700,0.0,1.34508,8.333333333333332,0.0
31035112,7566583637,1.814,900,4567.177035423888,1.71030297563799,1.0606307922275164,7.663564562292953
679655458,31035112,1177.131,900,2320.4939885345934,138.27271482361374,8.51311122011017,744.3406543988116
7566583637,31035113,11.39,900,3367.401102601641,3.895727450219406,2.923715826002797,22.739488682364488
7566583637,4343299467,144.07,700,1199.7759328222432,11.975295186238254,12.030601146730985,38.40940099852839
31035113,2832742963,416.694,900,111.95665444052904,37.50310961439818,11.110918648730479,10.777388778404438
31035113,31035116,74.956,900,3255.4444481611126,23.247458095765356,3.2242664850164253,136.04410218687417
2832742963,310953976,50.187,900,1696.5692055561374,3.554545397698404,14.119105085138727,17.816235078363892
2832742959,2832742963,693.696,900,1584.6125511156083,84.66695729683202,8.193231718106823,307.7772008014865
31035116,7566583638,1.286,900,3874.3403705695896,0.68368432794933,1.8809850503042533,3.7359301958975877
31035172,31035116,390.825,900,618.895922408477,35.74322288290506,10.93424063298221,56.355717447662556
7566583638,31035117,19.665,900,1830.1620562334836,2.2022899908893283,8.92934176759296,9.490502785944678
7566583638,262577623,434.76300000000003,700,2044.1783143361056,244.97555916381882,1.7747199005647232,683.8813113032394
31035117,31035121,76.727,900,3414.5448447975173,27.348834019882386,2.8054943747956527,159.24529937668262
262577622,31035117,424.684,700,1584.3827885640335,110.78585617035158,3.833377424524103,333.8551191178199
31035121,31035123,23.516,900,2071.719514975111,6.415030019610936,3.665766166036775,24.934773485025897
31035121,31035142,58.447,900,1342.8253298224054,5.63271949894755,10.376337754954882,18.828278955762627
31035123,2832749579,182.992,900,676.9574824953808,16.850623564737596,10.85965746590753,28.96916759000274
31035123,31035125,232.623,900,1394.7620324797315,29.67165242093184,7.839907151106162,93.79339412791583
31035141,31035142,36.848,900,2645.697149660108,21.23117035958269,1.7355614116378022,75.74433342342256
2832749579,31035152,399.442,900,2343.8946274764016,124.464860972677,3.209275267560754,523.5511753851454
31035172,2832749579,672.706,900,1666.9371449810212,89.66650261188825,7.502311124051923,334.89469027697925
31035125,31035127,64.985,700,2594.585401540746,8.671665534555984,7.4939467788557215,50.39722156130567
3725509621,31035125,73.341,700,1199.8233690610152,5.486616282727668,13.36725519349397,18.741700972348802
31035127,31035131,50.315,700,3444.09984720779,13.220819100763153,3.805739993605663,86.41806659515382
31036608,31035127,635.088,700,849.5144456670447,66.12670481327397,9.604107777536123,135.64202438824998
31035131,31035151,242.937,900,2510.75049569962,117.66016760892504,2.064734437634544,437.71186247284226
31035131,31035133,61.613,700,933.349351508173,4.499528211727866,13.693213399442152,12.14827228630653
31035151,6975390283,84.169,900,2510.75049569962,32.61203899768454,2.5809180470431796,134.8379096973206
31035151,31035152,30.539,900,0.0,2.74851,11.111111111111112,0.0
31035133,31035134,14.734,700,2941.724791576793,2.556792413749104,5.762689188519251,15.854529957329628
2832742977,31035133,547.307,900,2008.3754400686223,110.0930703713288,4.971311983161235,450.58741291605975
31035134,5825980919,49.627,700,871.8305001103643,4.661211386593728,10.64680313420969,10.228827088525495
31035134,31035137,70.596,700,2069.8942914664312,6.8398619510713745,10.321260941376465,35.16402679843932
5825980919,4331333358,731.074,700,871.8305001103643,61.79945238213523,11.82978120063951,142.73327667250405
1273688754,5825980919,61.43200000000001,700,0.0,7.37184,8.333333333333334,0.0
31035137,3725509621,10.343,700,3269.717660527446,2.3474769259016637,4.406007098888635,15.178705321104756
1273688754,31035137,47.955,700,1199.8233690610152,5.6085664772949055,8.550313202872012,15.631292177748433
3725509621,31035141,231.991,900,2069.8942914664312,63.13656842879058,3.674431565941917,245.37208621779854
2832742959,31035141,182.405,900,575.8028581936762,16.615412280720577,10.978060424757,24.4184866119288
31035148,525863808,402.166,900,2249.290760083435,138.34214669521342,2.9070388858865,538.1815192889427
31035148,915282634,29.509,700,1052.972303246013,2.7172878860501224,10.859725298703843,7.26628600569657
107772858,31035148,193.782,900,2296.545667453987,70.92790765878269,2.7320980753054096,274.78085324113783
791160066,31035148,383.198,700,1005.7173958754594,35.15221097439966,10.90110662680854,89.93870122888653
525863808,31035172,78.801,900,2285.833067389498,28.43966359617312,2.7708133654085687,110.29907829853884
310953976,525863808,29.372,900,36.54230730606501,2.643480519704082,11.11110892668427,0.247954492561924
915282634,2053915154,970.934,700,1046.5242750836724,74.89756932983491,12.96349145489873,218.85780181790952
915282634,1354143299,193.695,900,3404.7577379675818,45.634761444976995,4.244461762631169,304.2189839826785
310953976,915282634,409.648,900,3398.309709805242,95.9701512917512,4.268493844035547,639.5372480101252
6975390283,31035231,234.275,900,1968.430016356546,44.789033190814315,5.230633110608133,181.8164705808024
6975390283,3117349527,215.066,2000,542.3204793430727,9.678097687222937,22.221929035075867,23.315007285049337
31035152,2832742981,347.938,900,2343.8946274764016,108.41637783986486,3.209275267560753,456.0445543061488
2832742981,31035266,15.539,900,2833.525404624429,2.68951510068036,5.7776213995114345,16.073395486064484
31035231,2832742981,58.395,900,489.6307771480273,5.288853451453884,11.041145408169225,6.627206067727162
31035231,2948774631,142.355,2000,1478.7992392085173,12.961474115718948,10.98293286157628,48.93136444042515
2948774631,31035236,151.677,2000,1470.1843909207255,13.806565477810452,10.985860331721982,51.82451029440598
2948774631,1379446780,83.44,2000,8.61484828779181,15.019200000201874,5.555555555480883,0.27051462336217014
3952011594,2948774631,16.457,2000,0.0,1.97484,8.333333333333334,0.0
31035236,1324512148,2189.993,2000,7773.30486233573,153.4300756706772,14.273557452325107,3550.811144412651
31035256,31035236,80.844,2000,6303.120471415011,4.513814179719582,17.910351818032165,102.10670958663587
1324512148,1324511710,294.456,2000,654.1635454638994,26.512883154789684,11.10614784068873,44.50930672778788
1324512148,1324512621,219.798,2000,7119.141316871839,13.766036254329101,15.966687573620082,318.07973129875995
31035249,2397317881,45.489,900,536.4971009849656,4.131405096171132,11.010539741590069,5.66498615033537
31035249,2397317878,59.68300000000001,900,306.6568444065308,5.376707210633304,11.100288273456151,4.230264548880046
31035273,31035249,45.447,900,843.1539453914964,3.454515397247478,13.155824992475559,8.208093011961777
2397317881,2397317878,17.266,2000,1853.7585649027544,1.8163650006608338,9.505798665861898,8.099831109852117
2397317881,2832742977,38.551,900,868.3285572912351,3.6870656969308677,10.455739921339088,7.995458321979057
31035457,2397317881,49.707,2000,2185.590021209023,6.767532782564627,7.3449219378828055,32.96483119581092
2397317878,2832742959,694.05,900,2160.4154093092843,169.99572736462625,4.0827496711803954,711.418125292342
31035258,31035256,151.15,2000,1722.553376147658,13.661234513540016,11.064153817884554,60.282267369342705
1379446730,31035256,478.87600000000003,2000,4580.567095267352,44.70052450000623,10.712983915880745,516.7990242799066
31035258,1379446780,81.437,2000,0.0,7.32933,11.11111111111111,0.0
31035282,31035258,162.758,2000,1722.553376147658,14.710388401950018,11.064153817884558,64.91181787958627
1379446780,31035266,84.857,2000,8.61484828779181,7.637130000102655,11.11111111096176,0.16887982070105817
31035266,31035284,138.948,900,2842.140252912221,24.220930477974406,5.7366912524832205,144.96193088797148
31035284,31035294,271.556,2000,2335.601694646588,26.21486759627294,10.358854531792794,152.30393035923572
31035284,2489463884,642.309,900,506.5385582656359,38.593795625346,16.642804616454242,65.70794246439867
31035273,31035282,238.127,2000,521.0462632941868,21.435284920503992,11.1091128894778,28.666078163007324
31035313,31035273,144.144,900,1364.2002086856826,9.301006223756135,15.497678050342026,40.199267578077034
1379446730,31035282,165.593,2000,1201.5071128534698,16.116113580906585,10.274995839951435,48.004087759598775
31035294,31035304,197.539,2000,3397.3846404185665,18.920252937464628,10.440610950229232,160.42853624383244
31035295,31035294,159.908,2000,1061.7829457719806,14.436359036955006,11.076754158763887,39.28749514188796
2489463884,1870228445,149.72,900,506.5385582656359,9.048404466461141,16.546563601898306,15.328788695309452
885930821,2489463884,36.063,900,0.0,3.2456699999999996,11.111111111111112,0.0
31035304,31035313,181.699,2000,290.25563522758523,16.35319325450189,11.110918654983784,12.183710965387876
31035304,31035305,44.103,2000,1539.315889502802,4.023655206883674,10.96092923781057,15.796703371813653
31035304,1379446667,903.1560000000001,2000,1567.813115688179,54.988366529792586,16.424492251659665,286.5125910131157
31035295,31035305,398.785,2000,7292.309787479936,25.68550246727952,15.5256842068014,594.2757510448147
31035512,31035295,109.123,2000,8354.092733251906,63.279919214087535,1.7244491041592034,710.2379251156984
31035305,6991125200,345.197,2000,8185.718972586224,26.171522420481324,13.189794405305804,604.7064594986426
1870228417,31035313,822.4650000000001,900,1073.9445734580977,50.77754216489055,16.197416513962,179.11421294959862
1379446667,1379446656,168.205,700,1817.969674788649,51.9666077164086,3.2367900733087263,170.05959594619875
1379581645,1379446667,92.561,2000,250.15655910046965,5.553713074510848,16.666507390310663,4.675373932997483
6991125200,1379581645,424.08000000000004,2000,9924.66008394367,47.32342629806875,8.96131225429268,1107.1893825973484
3117335629,6991125200,432.607,2000,1738.9411113574529,26.53563983638512,16.30286673573321,152.39108855262086
31035457,2832742977,80.191,2000,1140.0468827773882,10.257632187270557,7.817691113892233,26.483266885192904
31035623,31035457,385.339,2000,3325.636903986413,30.02198589944937,12.835226866423499,277.0822895414848
31035512,4422263610,136.711,2000,0.0,8.94835638,15.27777774983969,0.0
885831143,31035512,281.355,2000,8354.092733251906,22.066942403500285,12.7500672660192,509.5478964898801
31035556,31035570,830.612,900,2699.317160786569,128.9517356888281,6.441262659731389,752.2031030131366
31035563,31035556,47.994,900,488.99701948958784,2.897793454575354,16.56225702498631,4.742964674255302
31035567,31035556,227.53500000000003,700,2210.320141296982,134.19072701566446,1.6956089668806935,394.63370208943456
31035570,2887169621,9.993,900,2699.317160786569,4.9310297349225,2.0265543988160633,19.532753065647924
1379581461,31035570,28.391,700,0.0,2.044152,13.888888888888888,0.0
31035563,1870228443,40.006,700,1901.4853689738652,14.225410942845617,2.812291339823839,46.171761214148034
1870228417,31035563,54.476000000000006,700,1901.4853689738652,19.370681560827332,2.812291339823837,62.87189081392613
1870228445,31035563,29.091,900,488.99701948958784,1.756463503501512,16.56225702498632,2.8748923894395286
1870228443,885930834,148.009,700,1919.0269077499136,54.199712687303666,2.730807833870146,175.42340293629934
1870228445,1870228443,29.423000000000002,900,17.541538776048288,3.530760589732644,8.33333194144097,0.14277449984451596
885930834,31035567,16.455,700,1120.2253324269193,1.7468761403983502,9.419671847053603,4.69215244446534
885930904,31035567,104.157,700,1131.7361054085495,11.205904319659902,9.294832173184318,30.26651354371892
885831123,31035567,625.327,700,1078.5840358884311,63.38172908642115,9.866045136562384,166.74836225440794
885930834,4029908800,1567.845,700,798.8015753229942,126.7321491199441,12.371328119087858,274.8976588066246
885930904,6292387763,89.275,700,1120.2253324269193,9.477506377032073,9.419671847053603,25.456816133676288
6292387764,885930904,89.052,700,1131.7361054085495,9.580807737111797,9.294832173184322,25.877219621295303
31035569,1379581461,9.979,900,2671.680309161144,3.962093136630432,2.518618229274301,17.246184031338952
31035569,6129468977,894.005,700,386.1943333757736,64.45357285398374,13.870526650637698,72.63616978219919
2887169621,31035569,27.972000000000005,700,388.0270915382811,2.027739561562056,13.794670938141559,2.287426577421366
1870228350,31035569,503.725,900,2669.8475509986383,63.66777699900886,7.911773015223096,386.19056480534186
1379581461,1870228398,267.183,900,2975.429942431964,43.39564838599794,6.156907660958222,276.21810842107664
6129468971,1379581461,894.982,700,303.74963327081934,64.47134916927492,13.881856228107619,57.17760198863834
6129468977,31035704,20.785,700,386.1943333757736,1.498501140116724,13.8705266506377,1.6887408783206037
6129468977,6129468971,21.875,700,0.0,2.625,8.333333333333334,0.0
2887169621,1870228349,511.423,900,2311.290069248285,59.70802770238034,8.565397647184575,320.7338125284489
31035623,1379446730,149.158,2000,5782.074208120824,25.020613340905655,5.961404621370526,307.2674307094735
4388633623,31035623,225.01900000000003,2000,9107.711112107228,22.13630458137793,10.165156481868083,497.61192649127025
31035641,3736716048,84.628,700,1170.4659743736404,7.948953848419368,10.646432425422635,23.41839206348301
31035641,1379581595,42.958,700,169.28711134359568,5.156235542672178,8.331271844446686,2.0120561921042115
31035641,1379581527,154.179,700,0.0,13.876109999999999,11.111111111111112,0.0
1379581609,31035641,193.632,700,1339.7530857172364,22.89512721112521,8.457345452350676,71.01815883030181
3736716048,3736716047,11.398,700,1480.1529892599638,0.709197476146566,16.071687200483545,3.4255328822765794
1379581563,3736716048,90.104,700,309.6870148863237,5.406623531805606,16.66548437669909,5.63439296033275
1379581595,7147504474,15.725,700,0.0,1.4152500000000001,11.11111111111111,0.0
1379581595,31036727,230.355,700,1758.3026969578718,53.6226293395416,4.295854247306278,185.20549498636703
846730847,1379581595,164.732,700,610.8714857958537,15.447885192266993,10.663725030948745,23.76943293020507
1379581563,1379581595,81.742,700,978.1440998184228,6.257159242934484,13.063755743838897,17.171480113666018
1379581527,6129468971,23.023,700,303.74963327081934,1.6584957819533939,13.881856228107658,1.4708674929601033
3736716047,1379581527,72.669,700,303.74963327081934,5.23481865867921,13.881856228107626,4.642595224163569
31035691,827055081,45.907,700,173.00100213321383,3.305480203675452,13.888148520434271,1.6701743219011425
31035704,31035691,120.345,700,34.76218302652044,10.831054765109034,11.111106222791637,0.9664461155312863
3736716043,31035691,64.766,700,138.23881910669348,5.829581333256072,11.109888737726113,2.068447781960083
827055081,818628556,128.901,700,175.201039080614,9.281392408728113,13.888110137309033,4.749278201579652
1379581500,827055081,43.514,700,2.200036947400092,5.2216800000368515,8.333333333274522,0.02648225348489168
31035704,3736716044,72.287,700,351.4321503492531,5.209388629267404,13.876292429763629,5.343823856574432
3736716044,3736716043,8.856,700,1527.8355063383983,0.553691059719648,15.99447895092271,2.74958204165852
3736716047,3736716044,52.751,700,1176.4033559891452,3.21181424481354,16.424050701307735,12.556695092935119
31035745,31035746,5.883,700,1389.596687231705,0.5175689983668,11.36660043117716,1.8666225708027806
1379581492,31035745,265.526,700,0.0,23.89734,11.111111111111112,0.0
3736716046,31035745,90.482,700,1389.596687231705,7.96033964137773,11.366600431177066,28.7091183837121
31035746,846503517,570.567,700,1389.596687231705,50.19680276919132,11.366600431177062,181.03573692932753
31035750,31035746,24.692,700,0.0,2.96304,8.333333333333334,0.0
846503517,846500810,145.71,700,69.50848019067139,11.656881979380264,12.499912091221725,2.213412775306414
846503517,846503516,12.088,700,1389.596687231705,1.848059700757398,6.540914232936265,5.568897620709967
846730726,846503517,10.395,700,69.50848019067139,0.831605848436328,12.499912091221775,0.15790560565033387
31035750,3736716049,82.883,700,1279.4360452148828,6.91923501176859,11.97863634621867,23.61038821162714
846730847,31035750,20.494,700,1279.4360452148828,1.71087921927519,11.978636346218662,5.838004126408148
3736716049,1379581563,8.098,700,1287.8311147047466,0.4961881031947619,16.320423540709932,2.1122478734102907
3736716046,3736716049,68.196,700,8.395069489863179,4.091760000156756,16.666666666028163,0.11560032322310383
31036580,902324934,42.461,700,796.0584229856908,3.427085412496584,12.389828349526821,7.41460033944148
31036580,6277581753,341.104,700,1596.5185821178004,72.63117180148951,4.696385746498511,233.06499986374203
306323127,31036580,24.141,700,1520.7465049931268,2.391506065997664,10.094475754519612,8.95119361588231
4331333373,31036580,1476.101,700,871.8305001103643,124.77838558165415,11.829781200639507,288.1907063164056
902324934,1063807312,31.524,700,1615.6308280813034,6.928982740158973,4.549585585961027,22.321754158613054
902324934,3329164869,56.470000000000006,700,513.576070056306,4.1510603900764265,13.603752943464238,6.139889373817509
3329164868,902324934,60.327,700,1333.1484751519188,8.477181811301586,7.116398036853877,24.993803070284848
6277581754,6277581753,8.785,700,0.0,1.0542,8.333333333333334,0.0
6277581753,902279631,795.824,700,1596.5185821178004,169.45456420255582,4.696385746498511,543.7600275914754
31036608,262577622,317.378,700,1816.332007363514,30.593815793843913,10.373926617674895,138.31182563803165
4029908801,31036608,874.656,700,2665.84645303056,252.2616183405213,3.46725754696192,1239.3351120562943
262577622,262577623,16.626,700,919.5263102632484,1.516483784114976,10.963519804270758,3.5568669641627486
582805019,262577622,17.982,700,687.5770914637679,1.727358345878424,10.410115563401236,2.960558517407418
31036727,1379581634,268.094,2000,9750.3739859516,28.695440279748347,9.342738685532764,668.9332718307006
1379581468,31036727,847.763,2000,7992.0712889937295,61.88839507501819,13.698254720814488,1431.1313717907606
1379581634,4388633623,646.028,2000,9750.3739859516,73.75744484862878,8.758817517686966,1682.9794687812046
1379581634,560581400,59.118,2000,0.0,3.54708,16.666666666666668,0.0
31039646,3736732155,9.512,900,3451.7242429049857,1.556750958795828,6.110161645480974,11.475547137101914
2469993750,31039646,38.537,2000,1745.7516187240171,2.8375565707143,13.581050822997003,14.250852863179414
3736732157,31039646,63.91,900,1705.9726241809662,5.450350049859343,11.725852360923007,24.5178998608799
3736732155,2469993493,61.021,900,1702.624905666593,7.05362626292142,8.65101122819155,27.996866663247317
3736732155,1844317468,69.93,900,1749.0993372383905,10.230732927140856,6.835287412740924,39.19967565814906
31040052,1844351722,128.213,900,1294.8396072901412,12.092381056420662,10.602791906886118,39.339735471619456
1844317464,31040052,118.914,900,673.4545517617283,10.944979631967247,10.86470729033476,18.722950512350234
2469993506,31040052,21.703,900,621.3850555284135,1.32358476551082,16.397136447565575,2.729456866353681
1844351722,2470149699,137.593,900,89.83145451653904,12.383458909632079,11.111031336566043,2.8554124962653615
1844351722,3370211399,370.044,900,1205.008152773603,32.83675213249392,11.269202219114096,102.2610261084372
31040287,4439656976,366.487,700,732.9076322368223,28.680898933433326,12.778086239576895,58.17827942114253
1844351683,31040287,36.567,700,644.1440780478948,2.769385417728426,13.204012618075346,5.03875118517391
2470149569,31040287,133.694,700,88.76355418892723,12.032685043915547,11.110903303132973,2.7415319101439617
4439656976,31040415,27.042999999999996,700,1541.5232286913802,5.259640893478871,5.141605776456919,16.654072069758215
4439656969,4439656976,27.894999999999996,700,808.6155964545572,3.77857163366982,7.382419259022449,6.81821898082645
31040301,3501004662,161.466,900,1374.84515790699,13.50427072583526,11.95666195369562,49.46739175345868
31040301,2470149572,17.909,900,0.0,1.61181,11.11111111111111,0.0
2477162281,31040301,81.972,900,1374.84515790699,6.8557596022578595,11.956661953695624,25.113281042538457
3501004662,3501026254,13.964,900,1374.84515790699,1.167884485994346,11.956661953695653,4.278068809813185
3501004662,842907736,13.456,700,0.0,1.07647998,12.50000023223841,0.0
3501004661,3501004662,17.7,700,0.0,1.416,12.5,0.0
2470149572,301458064,575.156,900,1226.2916690071931,43.11351555656622,13.340503379859573,150.3247703614923
3501004661,2470149572,159.312,900,1226.2916690071931,11.941978159573537,13.340503379859577,41.63833780023171
31040304,1844351660,5.996,900,1924.337034647381,0.622934226238842,9.625414285233138,2.8968380337990642
1844351683,31040304,33.206,900,1573.8618836431183,3.0114602979464578,11.026544172819904,12.121979823424912
1918036685,31040304,67.798,700,350.4751510042633,4.903645750547292,13.826039532409764,5.004049630143718
1844351660,1918036667,64.674,700,1458.0485260122264,13.746298493715965,4.704830178797974,40.30241091530346
1844351660,3736732150,56.18099999999999,900,466.2885086351556,4.499107319679282,12.487143783892858,5.72749387893858
31040409,6290549169,36.072,700,1159.0907474588212,4.009547839080744,8.996525655189616,10.969843857784149
31040409,6290549161,21.227,700,0.0,2.54724,8.333333333333334,0.0
4379685904,31040409,216.234,700,1159.0907474588212,24.035278538361794,8.996525655189606,65.7588494329147
6290549169,4439656969,654.418,700,1159.0907474588212,72.74119199810227,8.996525655189608,199.01483914735502
6290549176,6290549169,24.247,700,0.0,2.90964,8.333333333333334,0.0
6290549161,4379685905,217.42299999999997,700,719.3730471483649,16.9175298479726,12.851935356629859,33.80103559928632
6290549176,6290549161,34.887,700,719.3730471483649,2.714532794627154,12.851935356629866,5.423606191397879
31040415,6290549176,671.233,700,719.3730471483649,52.228164970790544,12.851935356629856,104.35129001262865
31040415,817305984,324.203,700,494.92029703810624,23.764569603494134,13.642283677308088,33.93769541053795
817305984,1870265569,456.49700000000007,900,2154.069749540211,48.27913359845992,9.455368520005132,249.6946150455747
4455867818,817305984,515.855,900,1659.1494525021044,68.17274855155871,7.566879889107911,253.98196368760676
31040884,818620313,17.159,700,968.63591332948,1.953901434968652,8.781916883271697,4.432769509261052
31040884,5583049891,952.288,700,0.0,68.564736,13.88888888888889,0.0
4919931388,31040884,516.353,700,968.63591332948,58.797299822272265,8.781916883271684,133.39202951311125
818620313,818620431,287.929,700,968.63591332948,32.7865776717227,8.781916883271682,74.38212553365734
5583049887,818620313,957.262,700,0.0,68.922864,13.888888888888888,0.0
5583049891,818620282,14.576000000000002,700,0.0,1.049472,13.88888888888889,0.0
5583049891,5583049887,17.713,700,0.0,2.12556,8.333333333333334,0.0
31041248,3672844141,265.676,700,897.480865844135,28.58463587784148,9.294363627208185,61.22384206930286
31041248,1932683786,27.253,700,0.0,2.45277,11.11111111111111,0.0
818634139,31041248,30.158000000000005,700,112.93886268633896,2.7143530432364518,11.110566503184563,0.7868637613695962
1870228349,31041248,97.119,900,784.5420031577961,9.10580656633362,10.665612023768718,17.995693352198035
3672844141,6047008468,471.826,700,939.621303454619,52.43697472508376,8.997963793176217,116.30567070743865
3672844140,3672844141,29.921,900,42.140437610484064,2.692890936291354,11.111107247888459,0.2912847017732204
1932683786,818634128,28.903,700,0.0,2.081016,13.88888888888889,0.0
1932683786,3672844140,237.06900000000002,900,1503.7912207753434,26.692925169502402,8.881342097001028,94.35241482620397
818634139,1932683786,10.082,900,1503.7912207753434,1.135188791275632,8.881342097001044,4.012591466103905
31041260,31041263,285.689,700,0.0,25.71201,11.111111111111112,0.0
31041263,6313627949,24.376,700,0.0,2.19384,11.111111111111112,0.0
6277751110,31041263,8.806,900,0.0,0.79254,11.111111111111109,0.0
6313627949,1330495132,1091.874,700,0.0,98.26866,11.111111111111112,0.0
6277751110,6313627949,31.769,900,0.0,2.85921,11.11111111111111,0.0
31041475,769214446,11.052,700,1676.230602385188,2.688447338335644,4.110923000947468,8.746245574936667
273428359,31041475,15.444,700,543.3038849718727,1.426447798367496,10.826894624307283,1.9654351705822666
3501099342,31041475,93.716,700,1132.9267174133154,10.096648257060924,9.281892130337537,27.285984277542067
769214446,4740714654,857.2609999999999,900,1855.9755640104704,142.4706137843724,6.017107508903235,562.7705783445193
769214446,4430045829,24.478,700,1124.761744962267,2.612231580269868,9.370532147640292,7.031916746653593
4419693264,769214446,15.441000000000003,900,1304.506706587549,1.222266814910802,12.633084537378073,4.382908124810984
31043918,31043921,23.935,1200,1115.856771965811,2.270656738752102,10.54100322233386,6.349754887710691
31043918,273427242,116.911,900,1638.2559499205588,12.585617925560399,9.289253868303357,49.19672261893947
1295958190,31043918,10.57,1200,1619.0239816409908,0.786212973885342,13.444194322773265,3.6375195939645297
844402495,31043918,43.282,1200,1135.0887402453802,3.296772068522556,13.128599460440336,10.531694956228161
31043921,31043922,43.019,1200,3500.1263705947827,16.095259360914635,2.6727745751315055,94.16738488052633
1295958817,31043921,107.36799999999998,900,2384.2695986289705,29.39530932267042,3.65255554283945,131.34636043756728
273427242,1870310384,206.529,900,1648.3979990310736,22.479084300384297,9.187607343795104,88.08041886981097
844402495,273427242,136.032,1200,10.142049110514462,12.242880004518845,11.111111107010002,0.31871994679715143
31043922,31043923,21.119,1200,709.4414065026934,1.9175066734909738,11.01378174687193,3.477339255938606
31043922,31080415,24.09,700,647.4113807088416,2.029205178419352,11.871643270083162,3.486846372625217
31043922,6129107406,589.842,1200,2143.2735833832467,40.536565750442556,14.550862636743233,262.2940981897207
31043923,1295958621,11.439,1200,1346.0998374888336,0.917942583079884,12.46156373051115,3.3694474636946254
31043923,1295958190,38.418,1200,1391.4826329528937,2.6065460804343417,14.739045009938293,11.054485274674457
31080415,31043923,9.117,1200,2028.141063939033,0.869897014756692,10.480550967921188,4.410474361009261
31080415,1295957703,16.835,700,385.6481562207232,1.355775181382184,12.417250463928006,1.4228191482110037
31080415,549090121,14.497000000000002,700,765.1281713210624,1.15155986582781,12.589011157990203,2.4169772917946317
4343066098,31080415,71.841,1200,2531.506010771978,5.530336107738558,12.990349700350658,39.14104999822119
6129107406,4687733956,14.422999999999998,1200,3106.4564692725253,1.4207011281483959,10.15202966636448,10.887210532056674
1330494890,6129107406,8.533,700,963.1828858892792,1.289476879730286,6.617412172434459,2.7004600408065427
1295958621,4375682327,43.513,1200,1452.461463504006,3.619355848499388,12.02230502370769,14.048283534457774
1295958621,1295958190,34.586,700,227.54134868809712,2.4922031675821983,13.877680780557501,1.6553791578690222
549090121,1295958621,12.014,700,333.90297470326925,0.86824748065959,13.837068655670855,0.8445894942359868
31044239,31044286,17.517,900,2319.17433326303,4.403303977230732,3.9781491558564985,19.63599913593999
31044239,2477162340,18.494,900,2195.752753621466,3.9535253565647097,4.677850356844498,17.43097257433299
31044753,31044239,25.017,900,2420.6660294609915,7.18329460919583,3.4826637860535494,32.091933898063154
2477162311,31044239,52.3,900,2094.261057423505,9.793373680563349,5.340345595491616,42.49844422419789
31044286,31044752,24.765,900,1626.0358096311004,2.631165669613464,9.412178140663467,10.255580314509096
31044286,2470149614,84.612,900,2597.237298925648,30.54654569322815,2.7699367663282985,134.59241301229835
4372813243,31044286,20.202,900,1904.0987752937183,2.9688286875966843,6.804703849838454,12.370369054379326
2477162340,3380215695,628.25,900,2195.752753621466,134.30314184393754,4.677850356844495,592.1384513801613
4372813243,2477162340,20.495,900,0.0,2.4594,8.333333333333334,0.0
31044246,31069459,535.512,900,2783.395323022903,74.13090767571614,7.223869459990753,457.98626681554737
1359117068,31044246,17.414,900,1961.8798476351155,2.75145536837355,6.3290141647087035,11.61903282575196
6047167130,31044246,27.166,900,821.5154753877862,2.0541759569218683,13.22476777535045,4.771388499223845
31069459,31069495,36.246,900,2244.082726900895,3.375912056067444,10.736654094663383,19.140292350010334
31069459,1359117134,30.603,700,1764.8945533793722,7.858457091738108,3.8942758919144684,26.50335186252792
31069450,31069459,20.194,700,1225.5819572573653,2.220263484218022,9.09531690429631,6.44623934175622
31044276,3736732158,51.408,900,1511.1770448385455,4.858014280706795,10.582101457412888,18.429206737173388
31044276,1359117117,324.329,900,353.63785389018943,23.3919550210582,13.864980490430511,24.13271601046357
31069450,31044276,532.343,900,1864.814898728736,40.35292199346192,13.192179740695147,212.43175679544265
3736732158,6047167130,26.535,900,821.5154753877862,2.006462453689236,13.224767775350449,4.660560768125772
3736732158,1359116963,320.067,900,1519.1011197295377,30.47950215891713,10.501057344414686,115.8454244449363
1359117103,3736732158,280.578,900,829.4395502787789,21.255811866225887,13.200060377172434,49.789316079915245
1359117117,138789941,15.362000000000002,900,587.9837829636176,1.120639984124028,13.708238343831747,1.9074606423077292
1359117117,599288798,144.799,700,1356.9649640729303,21.07545699502284,6.870503450254749,62.72316061370822
1359117103,1359117117,18.096,700,1591.310893146358,3.8200634210932676,4.737094127830236,12.244232129127726
31044752,31044753,17.495,900,1973.1696837735053,3.364874203463238,5.199302839313749,13.673263087221704
31044752,2470149581,1160.763,900,2049.4652379056656,205.11894257850577,5.658975155625804,882.5510819805854
4372813325,31044752,75.91,900,2396.599112048071,25.345195967571016,2.9950449030706356,106.27095312516761
2470149614,4372813332,23.817,900,1832.4104118575208,3.205357758153534,7.430371832727943,13.128139200122712
2470149614,4372813325,28.895,900,1100.1991774924777,4.02752563039758,7.174380165806072,9.818891184372236
4375812187,2470149614,24.168,900,0.0,2.17512,11.11111111111111,0.0
31044325,6383888197,587.64,900,1301.9438969846892,55.71330055551482,10.547571121090797,181.83001106381388
31044325,138792491,60.294000000000004,900,2417.3482843892803,20.68522007133398,2.914834833377321,86.57293758950544
31044331,31044325,48.924,900,1482.5596660755125,5.398815623518896,9.061987556469248,18.93819559915922
4372893896,31044325,275.656,900,2236.732515298457,74.6184486168943,3.6942070641976468,313.89289472716547
6383888197,1843209548,223.319,900,1308.868273901242,21.281780455723304,10.493435944638874,69.67107295855057
4358010936,6383888197,1229.695,700,6.924376916553027,147.5634001022058,8.333333327561474,2.355450943711722
138792491,301458131,45.691,900,1263.075196331302,4.2129103956957845,10.845471588164147,13.505501272112983
138792491,4358001351,460.3349999999999,900,2247.2557461306287,126.343436653382,3.643521279723537,531.6819536986255
1442029853,138792491,562.985,900,1092.98265807265,46.91283375513455,12.000660692094346,136.88798243410332
31044331,4372893890,254.88,900,2428.2117956819698,88.69271823188292,2.8737421186441514,370.7979012205328
301458131,31044331,61.83899999999999,900,2078.36104989996,13.611979785831853,4.542983531636277,56.389522931991856
4372813332,31044331,588.132,900,1832.4104118575208,79.15243183517478,7.430371832727927,324.1835144664136
4372893890,301458135,17.579,900,2428.2117956819698,6.117111165247446,2.873742118644153,25.573824174339876
4372893890,4372893896,24.39,900,0.0,2.9267999999999996,8.333333333333334,0.0
31044753,4372813279,81.174,900,1689.9901793275146,11.100855352547267,7.312409487560194,41.765348500454564
4372813278,31044753,68.379,900,2137.4865250149983,13.54517002226602,5.048220132164914,59.21598524403512
2470149581,3501067345,13.09,900,2046.6776933942592,2.304844911328668,5.679340911685915,9.911372110310543
2470149581,844413560,9.373,700,1311.3905122508538,1.417985185518438,6.610083162873864,4.042119887195265
3501069195,2470149581,17.601,700,1308.6029677394472,2.6521162867379764,6.6365868223857944,7.55098068712703
4372813279,4372813291,28.470999999999997,900,1689.9901793275146,3.893518278542058,7.312409487560199,14.648794406539553
4372813279,4372813284,32.553,900,0.0,3.90636,8.333333333333332,0.0
31044758,31044893,27.813000000000002,700,1356.2721317023536,2.673098018291508,10.404781197577067,9.03518757532758
31044758,769214462,61.818,900,1784.3273189109482,9.425308349904403,6.5587244156979745,36.492460506472305
31044959,31044758,19.467,900,2046.332228024482,4.111393428274602,4.73489106299651,16.9442122186456
769214428,31044758,61.788,700,1094.2672225888225,5.36483047303302,11.517232522180333,15.337243172050607
31044893,5435998131,40.035,700,1537.2091366829209,4.267116332922708,9.382214328470985,15.705783061289338
31044893,31044958,18.321,900,1912.1644171466369,2.71956805629459,6.736731576764567,11.353332825986357
5435998130,31044893,29.163,900,2093.101422127205,5.452669706500104,5.34838924228895,23.6569380864839
769214462,675164110,448.962,900,1785.3708743778643,57.11435806754427,7.860755424565062,231.26655651036862
769214428,769214462,66.629,900,1.0435554669163425,5.996610000000779,11.111111111109668,0.016062801203768424
5435998131,31044994,30.084000000000003,700,1543.270293353585,3.219181202849856,9.345233493960338,11.878911922734643
5435998130,5435998131,60.477999999999994,900,6.061156670664524,10.886040001619898,5.55555555472886,0.13795001388233286
31044958,31044959,27.486000000000004,700,1127.888922281267,1.9723545685302781,13.935628227576494,6.5125500683636215
31044958,31069321,36.163,900,1914.6301958021456,5.3845621968379325,6.7160520536352255,22.4918670547093
2477162071,31044958,49.496,700,1130.354700936776,3.554497023943644,13.924895608742181,11.756057230559902
31044959,1359115472,60.603,700,774.2125902962938,4.3961289174872515,13.78553748934178,9.89026572509416
31079697,31044959,56.321,900,1692.6558960395073,7.725177406737606,7.2905769064771215,29.08926722317
31069321,4375775117,113.38400000000001,900,1914.6301958021456,16.882537403596828,6.716052053635226,70.52008556068792
4372755587,31069321,33.397,900,0.0,4.00764,8.333333333333332,0.0
1359115472,1359115468,8.436,700,948.57839394062,0.578780465466366,14.575474645991195,1.6595499563598495
31079697,1359115472,97.411,900,174.36580364432612,8.767883494763106,11.109978828776839,3.9240537196622127
31044994,31044995,17.808,700,205.5980758069438,1.60358279566494,11.105132861328656,0.8460559301967903
31044994,3736766001,198.00000000000003,700,1337.6722175466414,18.858304732062102,10.499353086779253,63.1111843026021
31044995,2477162071,22.389,700,1686.0927200051838,2.170332454710138,10.31593106918276,9.086929901893937
3736766001,31044995,177.307,700,1480.4946441982408,16.416120428931286,10.800785774422035,61.568897435572445
2534611428,3736766001,663.724,700,1480.4946441982408,116.9587204774386,5.674856883613332,363.75195518793527
2477162071,4372755587,21.564,900,555.7380190684086,1.961170258466946,10.995475740518653,2.783817103276273
31045172,31045173,12.148,900,1896.1017595883511,1.76760081782127,6.87259243010168,7.351213172231122
31045172,31069275,485.14199999999994,1200,3380.6390484882213,55.30793494189151,8.771652756692282,437.761969483681
31045190,31045172,101.03699999999999,1200,3575.9868514516584,12.89333506151105,7.836374337436854,104.48147622881643
1305383414,31045172,10.957,900,1700.7539566249145,1.263884115907608,8.669307464261998,5.0142954715833294
31045173,31045189,100.634,1200,3963.017869081955,16.301088055027552,6.173452941318395,138.27986629651107
31045173,1296960973,496.203,900,2709.140066739947,64.69969390045522,7.669325310308907,394.95399985132906
31069290,31045173,482.42400000000004,1200,4265.113741711214,94.95075069500744,5.08078131524837,829.537453860314
31069275,1305382753,11.442,700,970.6848791026472,0.867350783589936,13.191894463554807,2.3767077931438294
31069275,31069258,19.053,1200,2711.196521049009,1.568812582860552,12.144854145202618,11.430020907551631
31069290,31069275,12.654,700,301.2423516634344,0.911534512398132,13.882085459067179,0.8017472652918001
31045189,31045190,12.632,900,3231.558806942141,9.871056145591675,1.279700957393636,35.619543441911304
31045189,1305382964,33.149,1200,2394.132978526755,2.4392286625906623,13.589951818946332,16.80753098724745
5043583248,31045189,496.8140000000001,900,1662.6739163869422,54.925948867807605,9.045160078994746,215.9457526190724
1296960973,4365482787,32.842,900,2709.140066739947,4.28225413203618,7.669325310308912,26.140670780139054
1296960973,5043583248,32.877,900,0.0,2.95893,11.111111111111112,0.0
31045190,1305383102,11.798,900,2476.6186204296,3.644125841285058,3.23753912840715,16.247186111892667
273427392,31045190,607.811,1200,2821.046664939118,52.384777665098675,11.602817213156824,387.54807034354104
1305382964,3313063447,572.9,1200,2698.6085638286577,46.93620580148594,12.205929094973047,341.3335693971311
1305383723,1305382964,19.938,700,304.475585301904,1.868760947936028,10.669101375443834,1.4335179208618556
1305383102,1305383414,100.76000000000002,700,947.8009910617008,11.27322140754144,8.937995303861827,25.166737284858847
1305383102,4375709616,157.536,900,1738.8563523073171,18.97972952229102,8.300223657822919,75.99185041847198
1305382957,1305383102,50.117,700,210.03872293941652,4.5131748385524055,11.104599709253664,2.432541416395088
31069242,273427280,14.532999999999998,700,3746.765814619337,13.318593535517538,1.0911812843633921,49.9550206816033
31069242,4374879059,62.249,700,1171.570449223727,5.85491812488468,10.631916394428842,17.255051270180168
273427295,31069242,20.048,700,3217.141011040412,8.871403811327303,2.2598452766181207,44.2290593209498
1400834502,31069242,54.056,700,1701.1952528026509,5.832033784889783,9.268807759662451,23.654997682182213
273427280,675130104,20.516,700,2960.0510311646585,29.702755060280257,0.690710338430351,62.23395556950499
273427280,4365496317,73.062,700,2080.9136733566734,11.13061654221714,6.564056871682201,50.26742991259655
3737747958,273427280,955.245,700,1294.1988899019948,105.7591723761034,9.032266218980364,323.4998092534952
4374879059,4374908601,889.658,700,1455.926037807346,125.64076924019729,7.080965878990849,404.06579244690175
1400834502,4374879059,68.231,700,284.3555885836189,6.152886101794146,11.089267519531075,4.486773324480306
31069245,31069290,18.891,1200,4555.090026004584,4.496022084924504,4.201714236089481,39.988332943456896
31069245,1305383658,9.664,700,1051.3792244779092,0.951961973144862,10.151666004130828,2.4690012388700593
31069258,31069245,13.712,700,1935.9396853418448,1.8125598668645642,7.564991507684404,7.878853283478914
4375704579,31069245,434.156,1200,3670.529565140648,58.63214617363127,7.40474344422435,480.61001637666396
769214459,31069290,1592.215,700,11.266067370065334,114.63948010990885,13.888888875573128,3.772255367076373
1305383658,273423689,1554.403,700,1176.1845321451724,176.44856531096957,8.809383047465134,486.5580310901515
273426324,1305383658,424.001,700,124.80530766726343,38.16287943166136,11.110298968904134,12.2252854879729
31069256,4331448804,447.528,2000,6375.2243701135685,36.17522791330025,12.37111763532141,626.2501490347059
31069291,31069256,17.102,2000,5213.216214681432,1.043606341025652,16.387405219474065,18.046267339106986
273423689,31069256,39.852,700,1162.008155432137,5.556848859622698,7.171690468238845,14.307084478524498
4331448804,273426306,163.342,2000,6402.462972772383,13.304169990208429,12.277503979595576,230.3013615620213
4331448803,4331448804,79.377,2000,27.238602658815363,4.762620006397998,16.666666644277036,0.4365714754645917
31069258,1296147699,424.157,1200,2834.862015059521,36.77555783627947,11.533665971521028,272.5672966872564
1305383171,31069258,11.2,700,2059.605179352358,1.669965927879804,6.706723660056686,7.501406992277129
1296147699,5588806854,37.362,1200,2526.2377386952053,2.8708704267461758,13.014171469363676,20.29945447864993
1296147699,3737964415,16.793,1200,308.6242763643148,1.511848335294192,11.107595654912192,1.1974924860196439
1305382753,1305383171,19.382,700,513.3183864612298,1.78086904485348,10.88345044573148,2.3238766234395336
1305382753,4365496316,490.84799999999996,700,1425.8631743036176,79.35244221488401,6.1856697323920855,242.29594907111849
1305383127,1305382753,435.96900000000005,700,968.4966816622006,49.637962978660674,8.782975243916088,112.6005569852363
31069291,769214459,39.483,700,802.2233256009933,3.996882477559506,9.878449071664548,7.824753103104376
1296147787,31069291,154.067,2000,6015.439540282427,11.309099525456759,13.623277401812189,196.11358860961184
769214459,273423689,17.504,700,790.957258230928,1.761125898194802,9.93909635758695,3.4074495670089346
5056686922,769214459,791.194,700,0.0,71.20746,11.11111111111111,0.0
4375775117,4375806209,69.35,900,1430.4585177840206,6.081856959061429,11.402767356551296,22.615025370533186
4375775116,4375775117,9.215,900,350.9953245444305,0.830737840036626,11.092548763149786,0.7478591754774871
31069505,31069450,36.304,900,1796.4583564297957,2.6723294116477203,13.585151531755013,13.813642305369376
1359117136,31069450,38.363,700,1293.938499556305,4.631741424270048,8.282629897899778,13.791299282568232
31069495,31069505,24.014,700,951.2890959257652,1.959643947907104,12.254266917031998,5.034847171773608
31069495,273431648,497.569,900,2330.140065081679,49.0215695314708,10.150001412757119,281.762172732916
31069494,31069495,28.911,700,1037.3464341065503,2.5525515110851202,11.32631403301616,6.86017967780495
1359117134,273431237,844.2760000000001,700,1399.0807845842455,119.05418941573416,7.091527010879138,368.0651802526475
1359117134,31069494,34.499,700,365.8137687951267,3.1216618710767516,11.051485210376196,2.923733715390901
31069494,1749116828,217.06000000000003,700,783.4929997860647,21.753274180992804,9.978268015840065,41.75562391903013
1359116755,31069494,848.2939999999999,700,1455.025665097489,130.50426664248704,6.500124645915821,411.1906094621602
1749116828,844546832,14.282000000000002,700,437.5304804464616,1.299571846549908,10.989773314892693,1.4519731627511319
1749116828,844546834,932.43,700,345.9625193396032,74.9163560155176,12.446280753522817,70.62567985012333
31069505,1359117137,48.418,700,1017.4668867179256,4.19247564216768,11.548785045526449,11.159973343274846
769223685,31069505,497.3670000000001,900,1862.6361472219548,37.664987487417655,13.205022307949795,198.1725491847259
273431648,4635943228,14.22,700,1424.506801178519,2.5489080103192623,5.578859630253538,7.598426518971026
273431648,273431528,16.171,900,2456.3591045381227,1.7395441092627,9.296113800100203,10.198079745294933
769223685,273431648,20.551,700,1550.7258406349629,4.508502972722436,4.558275801155873,13.947449782233662
1359117137,848387166,68.827,700,1022.0139628282842,5.985852538353012,11.498278575859725,15.969387740683873
1359117137,1359117136,35.495,700,6.603249376066544,3.1945500018298443,11.111111104746644,0.054146118741675436
848387170,1359117137,64.356,700,11.150325486424912,5.79204002697465,11.111111059364518,0.1657750015761702
31069553,31069593,75.165,1200,1815.789520457368,7.464230210017297,10.070027033615007,33.32586468966938
31069553,4362157920,554.632,1200,3992.3717492274,91.53602084048791,6.059166598103607,778.9872007991577
7566576908,31069553,1.586,1200,5808.16126968477,1.009694081934066,1.5707727997791388,7.457667595857373
31069593,31069595,116.348,1200,5605.44787885144,65.36840645178117,1.7798812349177242,501.22007103958174
2542288902,31069593,252.771,1200,3789.6583583940737,36.72160558077183,6.883440851844342,305.3481103203569
4362157920,4362157927,50.718,1200,3992.3717492274,8.370458078487834,6.05916659810361,71.23403058267762
4362157920,4362157919,18.957,1200,0.0,2.27484,8.333333333333332,0.0
31069556,31069688,26.689000000000004,900,2146.9037087238767,2.342249251762644,11.394602850194262,13.067010869919033
31069556,5805175484,294.972,900,3543.200168276313,36.91998700533788,7.989493602946097,297.9944043339723
31069657,31069556,31.894000000000002,900,3106.392658437622,6.953280648350874,4.586899567697498,43.15810407144437
273430904,31069556,131.487,900,2583.7112185625674,15.545911546053942,8.45797942503897,92.99753305257548
31069688,31069656,32.288,900,2620.1317310240224,3.079728090941904,10.484042437046783,20.175156621493286
31069688,599289768,34.484,900,1828.6257989026783,4.619770026166201,7.464440828154636,18.90377653793837
599289764,31069688,413.236,900,2301.853821202823,39.95389333040978,10.342821826714871,228.62258694637657
5805175484,5805175485,22.952,900,259.366707389441,2.7556142157873658,8.329177527283838,1.6473442592814778
5805175484,7566576908,255.692,900,3283.83346088687,27.634838689618764,9.252523702845156,216.2337104992685
31069560,7566576907,1.689,1200,4827.847429179055,0.576860718997524,2.9279164699152442,4.830188713504559
31069595,31069560,65.006,1200,2012.9000757793044,7.3609337523118015,8.83121655314232,34.76465235818022
2841513051,31069560,62.83,1200,2814.947353399753,14.432580342871091,4.3533448979575295,80.0872304946703
7566576907,7566576908,91.211,1200,2524.327808797896,8.404741194015731,10.852327025244184,53.863514103833204
7566576907,1842440031,79.512,900,2303.51962038116,19.58047343304795,4.0607802600829634,87.23773165781951
31069595,1468897580,171.315,1200,3592.5478030721383,16.55817879572982,10.346246535529641,147.89643298679377
1468897580,1468860806,148.439,1200,3288.5486180567677,12.06312036006315,12.305190992823926,107.39410494068498
1468897580,1468897601,110.302,700,303.99918501537,9.952724046062825,11.082594020441482,7.756821773636376
31069656,31069657,24.196,900,3244.3511970092086,4.954738459820868,4.8834060962472625,32.61892724842658
31069656,769223700,422.22599999999994,900,2063.748917565008,35.341734250112914,11.946951924088191,194.24413884638653
1842413082,31069656,41.274,900,2687.9683835501933,5.291940674354058,7.799407162673449,32.19367347634183
31069657,2542288885,75.012,900,2530.173271410519,8.517834868596186,8.806463280540521,50.521341414115845
273431528,31069657,419.34,900,2392.2147328389315,43.105644713077645,9.728192277165457,250.17994361318287
769223700,599289771,18.218,700,1797.5175129831125,5.437416759834396,3.3504880726771535,17.806052832493126
769223700,769223685,15.85,900,2036.5987353655669,1.307314582687002,12.12409026098565,7.148057291439709
273431528,769223700,20.032,700,1770.3673307836705,5.710894268877282,3.5076818194951693,18.703548459155076
2542288885,4366518329,57.106,900,2779.861683022508,7.8824806582064095,7.244673660004131,48.67088075982492
2542288871,2542288885,418.238,700,249.6884116119888,37.685499195529445,11.09811489639534,24.13963495962665
31069687,273431185,20.193,900,3794.059766069711,10.018831055351393,2.0155045921464305,55.62343107190376
31069687,5726327136,328.005,700,1677.2132805422088,34.738163286471156,9.442209056796683,139.81994252780197
273431138,31069687,32.988,700,3118.3552670543427,70.04027285173694,0.47098617205318216,112.29932756665319
4358112701,31069687,1280.222,900,2352.917779557577,128.08703004360115,9.994938594205902,738.8436647797014
273431185,273431184,32.567,700,2158.0899078505004,5.3717197555332605,6.062676662618825,24.714180226565368
273431185,3703611005,190.162,900,2575.287168509756,22.33943514867472,8.512390699873238,133.45707769366763
5726327137,273431185,328.577,700,939.3173102905448,29.206267382158206,11.25022227937022,70.84207694083061
5726327137,5726327136,22.225,700,780.9345887411839,2.965851724117224,7.493631532309728,5.187947524403743
5726327136,427590465,301.179,700,2458.147869283394,68.80412820387697,4.3773390908691026,333.8885377334414
599289768,1842413082,28.251,700,939.3670174674016,3.139064221505256,8.99981587074793,6.961058482531431
599289768,848392023,542.838,900,1724.7258083964527,64.3461885998381,8.436210625867059,256.756761382023
599289764,599289768,419.04299999999995,700,835.467026961178,43.2498239939777,9.688894920320356,87.53335734052338
31069790,2902143428,20.359,700,1845.3207080205143,6.586797288509718,3.090879999528008,21.51776479244012
31069790,4080192169,248.02299999999997,1200,3747.157527112766,35.09887127705278,7.066409573180619,290.3778545989052
31069792,31069790,23.958,1200,4025.721488802042,4.039154550540564,5.93143929013404,34.49706105155433
4080321139,31069790,12.315,700,1566.7567463312394,2.4963888103668843,4.933125781071785,7.955909707460085
2902143428,6047036754,12.429,700,1863.4854943389496,4.1461117981429325,2.997748397804184,13.521956524119028
2902143428,1394788332,23.838,1200,4037.3175553932433,4.048878779353344,5.887555863998286,34.62245056072009
4080347306,2902143428,237.265,1200,4055.482341711679,22.63197473468277,10.483618985151969,229.47683133564718
4080192169,4080300408,32.456,700,210.569326774916,2.337105411642696,13.887264065332616,1.4372523454315844
4080192169,1385874449,15.845,1200,4432.203274706546,3.4788243374979957,4.554699652180736,30.753388250431993
4080347306,4080192169,23.046,700,895.6150743686989,2.153560519664868,10.701347739968023,4.865839595720876
31069792,31069793,12.453,700,943.5338999221216,1.009739120570442,12.332888511801743,2.58249281762821
1394788332,31069792,20.021,700,911.4544002120356,1.5829485007859638,12.647916208303174,3.9687565797896496
6027804518,31069792,146.071,1200,4057.800988512128,25.13824852553484,5.810707132265978,215.41954660746083
31069793,4366552153,9.616,700,928.9394710192367,0.7706185144864259,12.478288308980645,1.9535797103856505
31069793,4080321139,24.025,700,1150.9073859260188,4.406983502880312,5.451574752730017,10.559095342811204
6027804517,31069793,124.765,700,1136.3129570231345,22.49218314021351,5.547038240895973,53.4165660603801
4366552153,4545719489,426.03800000000007,700,911.4544002120356,33.68444184481684,12.647916268369345,84.45337957569544
4366552153,4366552159,30.725000000000005,700,17.485070807201225,3.6870001038285602,8.333333098660706,0.14861246987404253
4080321139,4080300408,269.902,700,813.9374853249678,36.67101899379118,7.360089994927532,66.55612645557967
4366552159,4080321139,10.098,700,1229.7868457301888,1.2280832545957738,8.222569571086431,3.468156178381886
31069845,31069846,23.768,1200,1881.1461422167845,1.549138123618068,15.342724859477979,9.159475916938536
31069845,31069864,109.609,1200,2481.123327645226,8.29392287678733,13.215579844221713,58.15769246029964
31069856,31069845,19.264,1200,2474.482666173527,2.667578502539676,7.221530680975143,14.650268847464861
31069859,31069845,101.324,1200,1887.7868036884815,6.611488979627598,15.325443377764993,39.194547330993586
31069846,31069855,19.18,1200,2046.5903845079015,1.855111632470916,10.33900044842757,9.43661016985295
31069846,1743677831,272.918,1200,1906.7531990730577,17.866629324205547,15.275293120356686,106.70757954918048
6027804508,31069846,110.202,1200,2072.1974413641738,11.178360551346024,9.858511853666252,56.48394569523486
6027804508,31069864,23.164,1200,0.0,2.08476,11.11111111111111,0.0
31069864,6027804509,184.905,1200,3444.5282711052223,65.57719930301458,2.819653812075807,385.9739284463164
31069859,31069864,162.844,1200,963.4049434599964,12.077123480208455,13.4836743423931,33.31346787406085
31069855,31069856,23.034,1200,5736.489039568125,11.694957412916827,1.9695668130060435,96.98902268701742
1756592910,31069855,618.548,1200,3689.89865506022,92.20543354746626,6.708368218686146,742.0729785693362
1743677831,4358119065,355.143,1200,3218.377777157931,44.47457390079247,7.9853041603546835,326.0148035408441
31069866,1743677831,511.79,1200,1311.624578084875,50.81679266400637,10.071277095032048,163.8963330814529
31069856,1756593130,128.963,1200,3262.006373394593,13.774928423761015,9.362153909819648,107.50756935411214
1756593130,4366943117,1085.229,1200,3262.006373394593,115.91659466970945,9.36215390981965,904.6806602094686
1756593132,1756593130,20.119,1200,0.0,1.81071,11.11111111111111,0.0
3998415249,31069859,1092.383,1200,2851.191747148478,95.39049223245698,11.451696856097286,708.5132492005462
31069866,6027804508,232.667,1200,2072.1974413641738,23.60062080905995,9.858511853666254,119.25328209173347
6027804509,2832443283,253.816,700,945.1687716869196,37.78130410322085,6.7180317361878,77.91229845825877
6027804509,273420056,318.233,1200,2499.359499418304,45.08675612719392,7.058236771397684,248.72878078033315
4366590211,31069866,95.43,1200,3383.8220194490523,10.89879998716602,8.75600984625596,86.2966879526091
31069879,560581400,856.3089999999999,700,0.0,102.75708,8.333333333333332,0.0
5667492130,31069879,17.812,900,1248.1726990280831,1.354715296325748,13.148150056554035,4.763329023388563
31069917,31069879,34.092,700,0.9846348535540308,2.45462400000069,13.888888888884985,0.0070591874513426965
560581400,3956110229,609.257,700,0.0,43.866504,13.888888888888888,0.0
31069887,846736981,244.98100000000002,900,779.3687382150332,22.945188041624213,10.676791994713094,45.06820712782624
31069887,3673105878,597.251,900,1011.2014694572312,39.966059489012586,14.94395513683793,124.46371376406839
847513943,31069887,921.604,900,1790.5702076722646,141.55906560852807,6.510384877423767,549.0756436782838
846736981,560565919,13.388,900,410.38118674171335,1.208687942115444,11.076473532588023,1.2713272026668219
846736981,8374311875,442.0419999999999,900,2165.793026570874,109.03462760276294,4.054143254475596,456.5304638569702
31069974,846736981,26.289,900,1796.8054750975532,4.068047340045858,6.462314177421458,15.807431063485193
3673105878,885687036,1036.859,900,1650.1423698000483,72.25741604881757,14.349516723646625,356.3433732645477
560565919,3673105878,339.362,900,638.9409003428178,31.103814958508377,10.910623036199883,50.57862451672886
31069895,846730628,22.817,700,994.718359752351,2.127404227184262,10.725277175085607,5.343952093442913
31069895,5667492130,696.022,900,1248.1726990280831,52.93687682344718,13.148150056554018,186.1319219356026
885687036,31069895,8.747,900,495.73800845556985,0.528314744941668,16.556418467869506,0.8763748297800742
902279664,31069895,343.51,700,1747.1530503248655,94.16633847982514,3.6479065188840907,308.2035245415571
846730628,846730645,8.83,900,2368.5839771131928,2.36829875159403,3.728414750907923,10.579930493903921
5667492124,846730628,707.957,900,1373.8656173608415,59.16261887346926,11.966289077129993,216.6581802009324
5667492130,5667492124,35.466,900,0.0,3.19194,11.11111111111111,0.0
31069917,5667492124,18.227,900,1373.8656173608415,1.523195694380766,11.966289077129996,5.578062863312882
1379581626,31069917,293.902,700,1374.8502522143954,43.93973885539927,6.6887516324846255,131.6727380815736
31069923,560565916,328.725,900,204.4594115476493,29.59095032879734,11.108970693654648,15.52837843128793
31069923,31069924,547.119,900,1952.2255807671984,85.39850835917888,6.406657569460862,359.83755446590646
846730645,31069923,1042.867,900,2156.6849923148475,71.90033697198919,14.5043409241083,467.04974795538703
560565916,3736716056,278.541,900,2182.418007071507,70.21634740746656,3.9668967453351316,294.4163768904749
560565919,560565916,26.149000000000004,900,1977.9585955238583,5.059986891956658,5.167799948566346,20.582297872847356
31069924,847512140,963.6630000000001,900,1952.2255807671984,91.33243984698034,10.55115796331002,447.02683730142934
31069974,31069924,202.713,900,0.0,18.24417,11.11111111111111,0.0
847512140,847512143,11.031,900,1724.9517269298638,0.789475997353248,13.972559060670493,3.9940268477854266
847512140,847503237,226.42800000000003,700,670.514193210647,17.295631715028776,13.091629362300125,32.58012332418407
847513943,847512140,21.989,700,443.2403393733123,1.6016186535441959,13.729235702481924,2.0571745658307896
3673105907,31069974,162.547,900,1796.8054750975532,25.153063676154826,6.462314177421457,97.73861680080364
31072185,844402495,18.139,1200,1145.2307893558943,1.3843796859837298,13.102619305707712,4.456415532059489
31072185,1296147782,13.501,700,949.2319635437344,1.2098446859699459,11.159283630837374,2.9539318621955566
273429455,31072185,13.073,700,646.4668406779554,0.9907858355736,13.194577002033533,1.8083602494835045
3986979209,31072185,560.359,1200,1447.995912221673,46.53326636448071,12.042116184384758,180.222712034965
1296147782,1870310384,336.431,700,949.2319635437344,30.148082182472173,11.15928363083732,73.60893639954944
3987072571,1296147782,748.384,700,0.0,67.35456,11.11111111111111,0.0
4374684928,31079697,817.328,900,1867.0216996838333,137.6832515690706,5.936292110227923,545.4531065565582
31080028,1278939002,415.929,2000,1792.4573565804728,25.5844131544684,16.257124894317016,151.09211576386423
31080028,3117333097,704.934,2000,5208.113046633812,35.2817983068514,19.980104014797575,732.4640004209355
1324511892,31080028,315.64,2000,7000.570403214286,19.407082550959252,16.264165372161955,447.784797054287
1278939002,3725508769,562.175,900,2361.067599174727,162.87547566374516,3.4515632123807563,707.6426601880144
1324512676,1278939002,729.329,900,568.6102425942552,48.28809519405153,15.103702000857634,85.25187823656059
3117333097,4557967502,47.796,2000,11160.873102695516,18.238404643258576,2.620623949017752,337.4205383117106
3117364915,3117333097,942.752,2000,5952.760056061715,60.53583019400437,15.573454547144753,1146.1246941784366
31080098,885811874,23.426,700,12.888243051176744,1.686672014021016,13.88888877343293,0.06349198246909638
31080098,4352851672,267.63,900,2140.053028602473,35.08958677950589,7.627049063920853,168.96377171684762
1324512676,31080098,16.268,700,12.888243051176744,1.171296009736782,13.88888877343295,0.044091503919032625
885819416,31080098,41.07,900,2140.053028602473,5.384782457251831,7.627049063920852,25.928864867208176
885811874,885811896,1038.583,700,84.76075210473431,93.47392357364633,11.110938326898413,20.33677103143517
885819416,885811874,50.705999999999996,700,71.87250905355758,4.563576688267277,11.111021784812456,0.8419114928797106
4352851672,1324512346,25.035,900,2140.053028602473,7.463710968622566,3.354229565593726,29.11031000952928
4352851672,1780348930,139.49,900,0.0,12.5541,11.111111111111112,0.0
3952333304,4352851672,21.29,900,0.0,1.9161,11.11111111111111,0.0
3952333346,1324512676,60.25,900,581.4984856454319,3.99335138113737,15.087577888735611,7.204070972367234
31080119,3555356004,14.266999999999998,900,858.5520220107935,1.360949750933172,10.483120328445223,2.921283558361474
31080119,1324512660,68.1,900,1478.0176032656482,4.2203671306148465,16.13603695896447,20.42341243921499
1324511885,31080119,32.875,900,2271.5528908760707,11.6442719385351,2.823276558082155,45.2204053418387
563862409,31080119,12.723000000000003,900,479.6155549869738,0.7636583492600459,16.660591758510954,1.2321974866264724
3555356004,885811894,204.503,700,44.046714616898,24.540365497232305,8.333331466601999,2.4917773241966112
3555356004,563862409,19.753,900,2472.5653865128284,9.103703149016305,2.169776373050389,34.19687612145634
3952257800,3555356004,195.818,900,1658.0600791189336,18.541471509235183,10.561081945543885,77.10819275777045
1324512660,1273502225,156.856,900,3238.617080778379,10.820655329594173,14.495979700139186,105.50565734364648
1324511885,1324512660,88.887,900,1760.599477512733,16.474431191725657,5.395451834758569,60.24160027655419
31080129,1273955905,44.754,700,765.1752331710746,4.4438588211792,10.070977004648475,8.361196416395138
31080129,1830390035,199.843,900,2015.2533418197756,16.02406699754279,12.47142813560658,88.09836498804748
1830374075,31080129,47.006,900,2780.428574990849,4.778259471265169,9.837473306478673,32.369869419428554
1273955905,4119489646,488.9289999999999,700,49.44608165307976,44.00361202875646,11.111110598840927,5.584960956012997
1273955905,257946570,217.872,700,715.729151517995,28.211692971305023,7.722755249803842,45.58036688665036
1830390035,1830390034,14.379,700,1267.5152897477208,1.9905324577578962,7.223695320294487,5.60013069960841
1830390035,1354143297,253.86,900,2015.2533418197756,24.843552543007394,10.218345365886606,123.83548855760436
1830390037,1830390035,157.758,700,1267.5152897477208,21.838960947977625,7.223695320294485,61.44136719582894
31080171,1918036681,17.937,1200,3152.522649718306,4.78452298908612,3.7489630713272226,28.496152345539773
1918036675,31080171,9.505,700,46.06618044578015,0.570300773760048,16.66664405403594,0.08841180500854841
4687733956,31080171,648.195,1200,3106.4564692725253,63.84880869168353,10.152029666364458,489.29039941943347
1918036681,1295957778,10.106,700,33.07281890816002,0.6063602185694701,16.666660658976205,0.06748797219705634
1918036681,1305702027,405.85,1200,2203.651486252128,44.38325012314411,9.144215416265004,232.11540304984177
1918036681,1305701123,476.865,700,915.798344558019,52.01303398832832,9.168182731024846,113.14582655310868
1295957703,549090121,17.189,700,0.0,1.54701,11.11111111111111,0.0
1295957703,1295958155,30.361,700,385.6481562207232,2.4450661913712,12.417250750571078,2.565976343148608
4343066099,1295957703,44.399,700,0.0,3.9959100000000003,11.11111111111111,0.0
549090121,1295958700,46.145,700,843.9954623520684,3.83035578302271,12.047183764111034,8.648843408612525
4337762677,549090121,42.52,700,412.7702657342749,3.088215247066992,13.768470329386217,3.7010749707830537
31080420,549090019,16.884,700,4.08705494375899,1.0130400000851578,16.66666666526564,0.013933546476678525
31080420,6466813117,328.265,700,688.7626876708455,25.237622808786746,13.006969891225692,48.63680558797168
769223697,31080420,17.93,700,660.4353416825335,1.364955979388082,13.135954763931746,2.537944187722172
769223692,31080420,176.824,700,32.414400932070706,10.609443528731173,16.666661123285806,1.1573243239763416
549090019,549090057,18.394,700,412.7702657342749,1.33595087616534,13.768470329386213,1.6010718018011167
549090019,549092975,85.893,700,213.0084553018413,5.156776469086872,16.656335700199424,3.694599531029206
549089857,549090019,345.714,700,621.6916660923572,26.011680720448464,13.290721338441816,45.86900412168376
6466813117,31080421,18.932,700,379.2542840993514,1.371600207066588,13.802855892308052,1.5128864829264983
6466813121,6466813117,29.453,700,0.0,2.120616,13.888888888888888,0.0
31080421,31080422,35.064,700,972.4963533903313,3.2049385839684237,10.940615266512534,7.942397314702852
31080421,6466813121,18.159,900,1232.0521701541163,1.366333449633786,13.29031357965151,4.7747768375601325
549089857,31080421,17.507,900,1825.294239445096,2.3359752668440623,7.494514282102063,9.550927602566942
31080422,273349943,15.006,900,1705.184656940559,1.7396230339082759,8.626006731060112,6.90904683654599
31080422,273923291,638.401,700,855.3222954288605,53.37659774942213,11.96031644798701,121.65967088148257
1305702077,31080422,137.654,900,1588.0105989790886,14.050191267964044,9.797304348010266,54.27707701661844
6466813121,1273121967,285.95,900,1541.560573725611,27.839673775527157,10.271312886265507,106.37799795407642
273349943,549089857,33.103,700,589.5194119099295,2.4701454128690883,13.401235339238864,4.152643932305115
273349943,1296147464,136.555,900,1739.2717835390326,9.826201031653945,13.897028929095205,49.93701588467844
273923292,273349943,639.226,700,623.6065385084028,48.12129736182357,13.283640197679333,85.08931240584982
273923291,273922618,15.540000000000001,700,854.4912589661044,1.29859657095306,11.966765004311503,2.957840056779677
273923291,31080530,420.605,700,0.8310364627559063,30.28356000000435,13.888888888886894,0.07350578848297949
273923292,273923291,15.603,700,0.0,1.123416,13.88888888888889,0.0
3737747934,31080429,11.885,700,0.0,1.06965,11.11111111111111,0.0
31080429,3737747724,152.369,700,854.4912589661044,12.732680882853732,11.966765004311492,29.001488520686166
273922618,31080429,361.731,700,854.4912589661044,30.227968867916463,11.966765004311492,68.85086496647169
3737747934,273922619,368.585,700,558.2180793687995,27.31447411802514,13.494127633845473,43.67829435271749
273928116,3737747934,36.659,700,0.0,3.29931,11.11111111111111,0.0
3737747926,3737747934,147.648,700,558.2180793687995,10.94164839746103,13.49412763384548,17.496677305343514
3737747724,6332101405,178.36,700,854.4912589661044,14.904612895443247,11.96676500431149,33.94854263366948
3737747926,3737747724,26.778999999999996,700,0.0,3.21348,8.333333333333332,0.0
31080488,1271066677,51.29200000000001,900,1990.7262122280576,8.406489821024387,6.101476489238136,35.72783691356974
1305701077,31080488,47.798,900,0.0,5.73576,8.333333333333334,0.0
1305701969,31080488,21.685,900,1990.7262122280576,3.5540577822840542,6.10147648923814,15.104853456109323
1271066677,1258299278,15.491,900,1838.127730707901,2.099308680583458,7.3790958629745695,8.610026035307072
1271066677,1271066859,964.502,700,154.74854766979016,69.45614219928305,13.886489653177943,31.389197635702818
1271067013,1271066677,23.903,700,2.150066149633967,1.721016000011076,13.888888888799503,0.010807649786364854
31080492,1272006401,79.043,900,0.0,7.11387,11.11111111111111,0.0
31080492,1305702133,358.345,900,1628.8690038819589,38.18828431370922,9.38363706146803,148.9469760792946
1305701058,31080492,26.204000000000004,900,1628.8690038819589,2.792520621625626,9.383637061468042,10.89175671819569
1305702133,1305701562,23.519,900,1628.8690038819589,2.50638423523176,9.38363706146805,9.775729898307281
1305702133,1305701246,26.605999999999998,900,0.0,3.19272,8.333333333333334,0.0
31080495,1305701696,18.728,900,1517.5607766419896,1.780767583356138,10.516813184966072,6.765790042148496
31080495,1305701551,26.330000000000002,900,0.0,3.1595999999999997,8.333333333333334,0.0
769223684,31080495,91.063,900,1517.5607766419896,8.658801710976078,10.516813184966072,32.89796767450708
1305701696,1272006361,704.799,900,1498.4318935810977,65.79296945561633,10.7123755901526,248.82573975539367
1305702007,1305701696,28.697,900,1154.8734067082794,4.119025145838594,6.96693974519487,10.467287069560088
1305701551,1272936304,53.649,900,669.2711922690958,3.290146173194526,16.305962463640387,7.273308579893343
1305702007,1305701551,21.536,900,669.2711922690958,1.320743871943878,16.305962463640434,2.919681141802887
31080499,769223680,24.933,900,2.8137781062504583,1.495980000010338,16.666666666551492,0.01416577156291007
31080499,1305701430,55.146,900,1524.5442784674035,5.279465250464904,10.445376071969392,20.09205962822512
1305701527,31080499,65.776,900,15.79746354349852,3.94656002709969,16.666666552222317,0.2098121685861561
769223687,31080499,16.738,900,1511.560593030155,1.582313881915854,10.578179330471242,6.003166916876866
769223680,769223702,15.698,900,1206.8819700070908,1.162198521935202,13.50715880610562,4.0205942530832735
769223680,1305701012,70.441,700,2.8137781062504583,4.226460000079818,16.66666666635191,0.040021301675072424
1305701765,769223680,68.177,900,1206.8819700070908,5.0474715651660365,13.507158806105592,17.461590928300332
1305701430,1305701567,49.083,900,1644.1515897383474,5.317697392618752,9.230122809945867,20.815605741260743
1305701527,1305701430,103.08800000000001,900,119.60731127094456,9.2781293523168,11.110860399274166,2.848481638486171
1305701215,31080505,27.439000000000004,900,0.0,3.2926800000000003,8.333333333333332,0.0
31080505,769223694,86.28,900,1541.560573725611,8.400094608681528,10.271312886265509,32.09754734561184
1273121876,31080505,25.209,900,1541.560573725611,2.454311369845302,10.271312886265507,9.378153349971367
1305701215,1305702148,25.559999999999995,900,1588.0105989790886,2.6088808811161384,9.797304348010266,10.078327462658313
31080530,1305701215,82.417,900,1588.0105989790886,8.412211877110675,9.797304348010265,32.497085856412795
769223694,769223675,15.378999999999998,900,1479.995628344882,1.4108495610740162,10.90052435377494,5.311882507919406
769223694,1273121852,12.422,700,62.39598184348472,0.894388084365768,13.888825463063652,0.16299556893333894
31080530,769223694,22.243,700,0.8310364627559063,1.6014960000002278,13.888888888886912,0.0038872320900296383
31080516,1305701848,74.248,900,1566.9712090247165,7.416138463844899,10.011679307495847,28.507983146134162
31080516,1271067479,24.468,700,0.9850382416288572,1.957440000000552,12.499999999996474,0.005267269644167615
1271066729,31080516,15.437,900,1473.2164168721458,1.407254904896688,10.969583368503724,5.289526342485833
5860029739,31080516,83.213,700,94.7398303941992,6.657201599289546,12.499696570535052,1.7229083053428342
1305701848,1305701246,24.262,900,1566.9712090247165,2.423369672042412,10.011679307495841,9.315546372851896
1305701848,1305701562,27.39,900,0.0,3.2868,8.333333333333334,0.0
1271067479,1271067063,14.511,900,1592.3573026520214,1.487833009896564,9.753110667311262,5.753489918159569
1271067479,5802941956,84.409,700,37.49673947156549,6.7527240018593275,12.499992592138879,0.6916977392078215
1272006400,1271067479,49.528,900,1628.8690038819589,5.278124001979626,9.383637061468034,20.58643438936024
31080517,1305702105,21.945,900,0.0,1.9750500000000002,11.11111111111111,0.0
31080517,1305702071,11.044,900,1566.9712090247165,1.103111641993092,10.011679307495843,4.2404127500526
1305702059,31080517,14.126000000000001,900,1566.9712090247165,1.410952105649616,10.011679307495879,5.423765891637352
1305702071,1305701700,91.23,900,1566.9712090247165,9.112357397594149,10.011679307495843,35.02832806838996
1305701870,1305702071,26.598,900,0.0,2.3938200000000003,11.111111111111109,0.0
31080523,1305701789,46.563,900,0.0,5.58756,8.333333333333334,0.0
31080523,1305701192,142.022,900,1266.4511886613825,10.938210282244752,12.984025387639017,38.7173383461721
1305701365,31080523,33.538,900,1266.4511886613825,2.583020211276594,12.984025387639019,9.14296442420132
1305701789,1272935760,743.628,700,0.0,66.92652,11.111111111111112,0.0
1272936818,1305701789,193.014,700,0.0,17.37126,11.111111111111112,0.0
1305701192,1305701867,23.337,900,1266.4511886613825,1.797362474523282,12.98402538763903,6.362018032309197
1305701192,1305701410,29.209,900,0.0,3.50508,8.333333333333334,0.0
769223683,31080530,14.589000000000002,900,1588.0105989790886,1.489083066299034,9.797304348010277,5.752453808791947
107772858,315564778,384.587,700,2841.6532939956574,168.92969438069045,2.2766098133896837,746.555829320906
107774958,107772858,393.717,900,2296.545667453987,75.86784099760203,5.189511060588165,358.6594029019239
1354143299,107772858,28.964999999999996,700,2841.6532939956574,10.178292241259737,2.8457622667371054,49.604714496069164
315564778,5852231036,442.289,700,1373.2755257539343,82.45939310274426,5.363718836117417,234.87689568129144
315564778,888357852,10.737,700,2636.8301726939053,1.845976609399614,5.816433396462215,10.281654875330588
791160066,315564778,192.017,700,1168.4524044521818,26.98663885343828,7.11526177983205,69.7341440951495
107774936,107774938,14.174,900,3430.631933461141,2.4932685687885177,5.684907024230913,17.975498787966682
107774958,107774936,28.96,900,2342.8567647308564,3.1475283322219143,9.200870315774555,17.53749185192757
593974689,107774936,184.368,900,1087.7751687302823,17.09907957333771,10.782334757215922,47.08255489926177
107774938,107774940,40.091,900,5154.31359147583,21.157053826378434,1.8949235715425978,154.4238211798482
593974689,107774938,187.238,900,1723.6816580146865,20.09105397469921,9.31947125500683,82.72371605461471
107774940,4334170917,17.384,900,2869.299759689362,2.295315621642858,7.573686091831463,14.791930806126611
107774940,4325994661,763.926,900,2285.0138317864653,87.6592235136967,8.714724696148341,468.00672262261634
4334170917,309998790,48.948,900,5760.663892238835,37.83589626830713,1.2936920973906152,245.14224526584997
4325994662,4334170917,763.747,900,2891.36413254947,138.68957466109245,5.506881118255093,836.7237150402548
4325994662,4325994661,11.32,900,0.0,2.0376,5.555555555555556,0.0
4325994661,2053915220,308.573,900,2285.0138317864653,32.18930246765556,9.586197163174324,177.48010055404387
107774945,107774948,53.16,900,6491.890343946925,63.342696989004516,0.8392443411310367,339.2095168150278
4333022371,107774945,614.553,700,657.6057265678501,58.42606320860453,10.5184735416076,96.1982138344193
3313153268,107774945,8.089,900,5834.284617379075,6.540524459908254,1.2367509745714593,41.64826898794422
107774948,107774949,16.51,900,4148.337475274462,4.5181301140945145,3.6541665651673676,35.12995095741278
107774948,4332972862,467.02000000000004,700,2343.552868672461,65.90612723753034,7.086139325359339,341.2390324066726
107774949,107774952,41.652,900,5700.3445800397785,31.02332207890492,1.3426028293830699,203.79822341493372
4035090782,107774949,474.7149999999999,700,1552.0071047653194,54.16236105743047,8.764665918028223,196.75878325875627
4332972862,4325766718,528.164,700,1353.1795298048582,57.01986322580913,9.262807206470727,183.9218037582525
4332972862,308131771,29.170000000000005,700,2762.6568483070973,5.5049575714606265,5.298860094985319,31.456918334469158
4035090782,4332972862,25.224999999999998,700,1772.2835094394954,2.692005352167786,9.370337982310144,11.418457935000005
107774952,108065281,337.742,900,4022.354051170165,42.28439841505902,7.9873904480031035,387.41819822175813
107774952,1856633207,29.952999999999996,900,1677.990528869615,2.843040957750036,10.535549942869837,11.952870740506652
108065281,6129405425,10.814,900,4597.816598263958,1.76072140568514,6.1418007216150174,17.308543714821027
108065281,4115494071,226.81300000000002,700,1994.6596144050104,17.665252201025094,12.839499681008704,97.80728342035722
5852231036,108065281,17.097,700,2570.122161498797,21.766667436568255,0.785467047255789,43.8436524729103
1856633207,107774958,61.943,900,4639.402432184846,23.372377406118,2.65026526500405,180.60599091519572
5852231036,1856633207,335.918,900,2961.4119033152315,29.43655468606239,11.411593631881463,226.69351558877383
262728248,108009619,28.0,700,790.0228559283267,1.8771705374414762,14.916066197247646,4.560799832356462
108009631,108009619,453.141,700,2221.7675821742573,66.61495683964458,6.802391257128641,323.85016604087974
3246794213,108009619,53.026,700,1378.2338189041752,6.640203840525678,7.985598224617475,20.84477424621202
262728248,5728765650,32.382,700,1830.81329045826,8.519578018377707,3.800892477320861,29.591416441660748
262729474,262728248,410.18799999999993,700,1263.6567056031931,43.518372170481,9.425628293105943,131.88758517804015
5728765654,262728248,33.443,700,118.08513122404632,3.010046320463688,11.110460251936658,0.9123389529671928
262730330,108009631,310.607,700,2764.075090004343,39.12047672697257,7.939754982225061,245.903675340426
108009637,108009631,960.7979999999999,700,1560.0048069774516,77.96659158145351,12.323201264944768,329.54322646904586
262730858,262730330,211.131,700,1747.9522854928068,14.894631635650086,14.174972914043808,77.13118863151071
262730105,262730330,124.055,700,0.0,8.93196,13.88888888888889,0.0
4139135543,262730330,764.972,700,2411.5143952909234,90.15249320323849,8.485311640527323,503.8446948413574
108009637,108009638,28.149,700,2197.822031318047,20.3428262810548,1.3837310318190674,52.53906749634919
4344823095,108009637,26.749,700,1329.8559479093658,4.675929805193346,5.720573471888112,13.086315056754145
108009638,108013938,439.532,700,3071.66347045664,166.0876679208276,2.6463855233943114,849.196776392207
4344823095,108009638,19.789,700,873.8414391385913,1.84281249100758,10.738477244193264,4.068791337658977
108013938,262727581,839.331,700,1158.9720875978178,155.46926712668338,5.398694002436348,374.2849150317577
108013938,108013940,121.469,700,1654.5946020050208,8.316718047785772,14.6054007484767,41.65843738840945
262727581,108215809,538.992,700,1158.9720875978178,74.87810937563249,7.19825866991513,192.45567748618743
262727581,262727035,41.999,700,0.0,5.03988,8.333333333333334,0.0
108013940,5776224729,72.552,700,1993.7433414141267,5.648304896399226,12.844915657129565,31.266665065316815
108013940,262571660,68.408,700,1157.6738766982678,9.488439657903918,7.209615328376547,24.36971068507367
262727035,108013940,919.9480000000001,700,1496.8226161073726,208.01173042485166,4.422577506187082,616.3213977940596
5776224729,3245705890,503.97700000000003,700,1993.7433414141267,47.082629122934065,10.7040963809413,236.8421401076637
262571660,5776224729,44.127,700,0.0,5.29524,8.333333333333334,0.0
262571660,134252777,242.21399999999997,700,1157.6738766982678,33.59596718657965,7.209615328376543,86.28647386087057
134252775,262571660,231.22900000000004,700,0.0,20.81061,11.11111111111111,0.0
108016282,138846858,716.001,700,2632.6572744503737,165.7750165858028,4.3191128237915635,858.5231851794958
108016282,108016283,114.539,700,2352.8186834148983,19.405701229325146,5.902337598958449,96.758765016949
108018049,108016282,12.973,700,2449.3887389418223,2.44574858409258,5.304306454219305,12.39387138220162
108019302,108016282,315.551,700,2536.087218923447,65.54386796456063,4.814348157948467,336.14068916546705
138846858,108064564,114.907,700,2589.73095573411,38.02485397444641,3.0218919467046526,172.86768217554547
138846858,262908790,532.234,700,2547.7123172278834,112.00305584265219,4.751959631777463,575.2025372193718
262909421,138846858,550.732,700,2504.785998511617,132.54172689007342,4.155159382047002,646.2505291390829
108016283,4334601930,241.468,700,2033.3959111351187,106.93330203634594,2.258117867882978,336.83745388932095
108016283,4331411128,23.68,700,1517.2330964238693,1.868875561594098,12.67072055873085,7.808206209617966
108018046,108016283,12.029,700,1206.7518565777082,1.419448351734684,8.47441894261215,3.9682594414448493
4334601930,4334559242,121.53700000000002,700,2033.3959111351187,53.82225690191403,2.258117867882978,169.5388773392185
4334601928,4334601930,15.129,700,0.0,1.81548,8.333333333333334,0.0
4331411128,108018046,17.12,700,2883.948761705228,6.307166161980947,2.7143727563732,30.60167291453981
4331411128,4334601959,171.872,700,1314.1447338651155,23.494265539493753,7.315487249902915,68.74255113277043
3811342112,4331411128,596.239,700,1708.6234524629529,53.91972392157472,11.057901573591494,235.94183110064586
4334601928,4331411128,256.961,700,1985.4532514080424,105.12005690490456,2.4444526341196364,335.520050353798
108018046,108018049,114.66800000000002,700,2979.8617667325902,39.16405770269947,2.92788864908899,202.40525881825096
4334601964,108018046,173.092,700,1302.6648616050677,23.274832238387514,7.43687422650965,67.78264071432405
108018049,108018054,310.848,700,2673.140196822764,75.32637902115398,4.12668183496122,391.2175416586015
138851466,108018049,1154.775,700,2142.6671690319968,156.1978634109502,7.3930268621014,747.1131986451717
108018054,108018055,65.051,700,2224.788218438038,9.593803489443953,6.780522456143229,46.66902317127173
108018054,1347149627,109.70200000000001,900,2815.7490755738977,62.64034476799914,1.75129942860792,239.06678549485704
108019302,108018054,15.197000000000001,900,2367.397097189171,4.883589141639828,3.111850640837714,20.518348652834074
108018055,108019300,16.101,900,2819.294261851581,11.542855855838837,1.3948887693902432,38.43852079966727
108018055,4356049401,854.8450000000001,700,1441.2420634131545,117.96530569906446,7.246579788304481,377.6611057693438
262572971,108018055,172.266,900,2035.7481068266984,44.862481360960324,3.839867853361923,173.7962759793113
1347149627,108024258,328.114,2000,2628.226468058689,18.839329920899047,17.41643685723732,173.22520979081565
1347149627,262572477,550.353,900,187.5226075152077,39.63081837348042,13.886995590489173,21.704036990466424
108019300,108019302,65.21,700,1671.9371254934904,5.732109363494364,11.37626584993263,24.883822706115904
108019300,1273549606,16.947,900,2262.359037734745,5.930552339255316,2.8575753202319754,23.04884551410987
1273843494,108019300,16.461,700,1115.001901376654,1.078508754101646,15.262741203905517,3.7642498601784165
4356049401,263935414,39.037,700,1441.2420634131545,5.3869551071532,7.246579788304486,17.24611664795122
4356049400,4356049401,14.377999999999998,700,0.0,1.72536,8.333333333333334,0.0
263945908,108019302,178.223,900,3231.547190619128,28.09388503896838,6.3438360252699475,195.51746051181104
1273549606,263942193,149.801,900,2451.660955737875,67.1846639528754,2.2296903963838126,253.6035396869275
1273843494,1273549606,19.81,700,189.30191800313352,2.378119729027398,8.330110447425573,1.0376588402818685
108024258,108024270,311.946,2000,7326.730076484111,33.537219291880135,9.30148672390161,586.5641269309738
263945899,108024258,873.3970000000002,2000,7073.492309749465,86.73294420565226,10.069956785152948,1508.5081473670803
108024270,262572616,324.111,2000,281.5028086888548,19.446958012914205,16.66641126004214,18.422699340894884
108024270,262573096,771.023,2000,7045.227267795259,75.90141977985944,10.158215778258633,1319.4740360308647
262572616,262572801,116.814,900,1924.3618837051504,21.127196369998888,5.529081945102693,84.90982854867102
262572477,262572616,410.415,900,283.5908459710384,29.57095272944661,13.878991446606681,24.48157720335642
262573096,197654143,359.836,2000,7720.614141489572,43.92700969392154,8.19167984589201,777.9640881908202
262573104,262573096,273.283,2000,2468.751294065522,17.88336859077347,15.281405100658404,138.3313771982316
108025624,263105456,868.4290000000001,2000,7841.219912258632,110.29495874234864,7.873696222405491,1962.3212732500801
108025624,262572971,298.165,2000,406.7144367169769,15.335223949670388,19.44314611762867,24.203010522896825
262572937,108025624,292.125,2000,8247.93434897561,42.4718470356974,6.878085611734056,768.4944239761217
263105456,2833168172,24.897,2000,9262.756876253225,5.09607493315578,4.885524708048663,95.79491932783806
263942193,263105456,207.43499999999997,2000,2451.660955737875,13.543421939748583,15.316291622813516,104.22182187910965
262572490,262572971,459.79699999999997,900,1629.0336701097222,73.51279515623744,6.254652663155973,257.0855291348418
108064564,108171132,16.538,700,1684.1653916927169,2.20106547251811,7.513633831655105,8.308882761061108
108064564,1426482207,401.916,700,2142.6171817049635,65.23365423303146,6.161175619017942,299.0471546754386
4334559239,108064564,236.34099999999998,700,1237.0516176635736,29.02251404745302,8.143367580547041,82.21920569574227
108171132,6129253033,285.343,700,1630.5351817737692,36.483748876384794,7.82109867510619,134.7354111279893
108171132,4334559237,236.234,700,1487.0788784316564,42.06907702805457,5.61538347614479,131.11068264774187
1426482206,108171132,380.454,700,1433.4486685127083,34.27560150259959,11.099848968985851,126.05426199080053
1426482207,589642210,281.392,700,1900.6991711137075,99.92601980122592,2.8160032848276,324.3703526396218
1426482207,1426482205,141.459,900,241.91801059125592,12.7361177529153,11.106916781420304,7.907279970977367
108064608,108064612,105.76400000000001,700,1379.8282563561215,15.931585055917752,6.638636371006549,47.83189857010567
108171114,108064608,30.785,700,3.448668263428065,3.694200000157434,8.333333332978196,0.029368822522983912
589642210,108064608,220.52499999999998,700,1376.3795880926943,19.26899137623067,11.444553360069971,69.06811121702
108064612,108171113,27.544,700,447.3195450946097,3.345150700761192,8.23400870810763,3.437533410782006
108064612,263122102,505.624,700,932.5087112615118,44.6985813949598,11.311857876031253,107.9221887644672
108171113,108171114,61.56700000000001,700,694.9071166035512,4.744254856885248,12.977169620356497,9.211351241182275
108171113,263114440,123.774,700,707.7588867719688,9.585444776680884,12.912702840989999,18.89692849140556
263122101,108171113,526.182,700,955.3464582809104,47.393038696615655,11.102516624188834,116.17572698087857
263122102,108064624,10.559,700,1891.4470769899688,3.6918578875208703,2.860077587409656,12.000035366187435
263122102,263122103,115.577,700,1400.456677284139,22.45691726841261,5.1466102234151245,64.61486123205867
263122101,263122102,18.537,700,2359.395043012597,17.24442992973539,1.0749558017012653,40.300099492007355
108064624,108171105,18.586,700,835.6979776105012,1.9185502348672863,9.687523246575644,3.8838237570078324
108064624,108064645,1005.031,700,1450.5649462862798,168.88611444808117,5.95093920707712,520.1112270035851
263122131,108064624,115.91099999999999,700,955.9060600370888,13.056221452077947,8.877836549069281,29.33235475736544
108171105,263122132,115.41800000000002,700,639.2931625177218,10.91036562496956,10.578747217769985,17.507001120960208
108171105,263122101,10.083,700,1649.8834386868523,2.34670137265335,4.296669409026438,7.605806612481649
263406380,108171105,1004.527,700,1453.478623594072,169.57890242916454,5.923655511449043,522.7589230747308
108064645,108064648,8.898,700,2238.933917608317,5.490905892555852,1.6204976326516949,15.928025530137713
108064645,257946494,115.32599999999998,700,500.3625920117877,8.460281790572292,13.63146084903619,12.208329161871589
263406380,108064645,18.607,700,1288.7315633338262,2.453056862476596,7.58522979414935,7.103071636006307
108064648,3743408008,150.292,700,1224.1701084887611,18.14268401317006,8.28389007331554,51.1104373209247
108064648,108171094,18.679,700,2584.5119445828186,19.423888131375058,0.9616509255851893,45.874466963314816
263405660,108064648,115.38099999999999,700,1569.7481354632607,23.50453522532093,4.908882430302325,74.96275796253954
257946494,263405660,8.677,700,3016.572255616208,1.33238422831359,6.512385703471251,8.707162000162803
257946494,257946515,453.448,700,508.81464752135327,33.30753997909364,13.613974502008213,48.83333754518888
263122131,257946494,1007.47,700,3025.0243111257737,155.76138504575422,6.468034421394366,1019.1774576955058
3743408008,4115494084,707.546,700,1224.1701084887611,85.41228743234788,8.283890073315538,240.61816653362118
3743408012,3743408008,51.87800000000001,700,0.0,6.22536,8.333333333333334,0.0
108171094,263406380,8.931,700,2521.0768961294807,8.469234308903447,1.0545227200304415,20.861668806362538
108171094,263358757,114.687,700,1137.2799903644775,12.419352071210636,9.234539720140194,33.632658385293226
4115494083,108171094,868.664,700,1073.8449419111414,87.600557892426,9.916192555151584,229.90273153445662
6129405425,6129405424,16.913,700,1491.5859781181532,3.792193960874826,4.459951198302715,11.22115613415139
6129405425,108067773,196.003,900,4330.400728634562,28.119172056322956,6.970439940671233,267.97080625839595
4115494084,6129405425,766.489,700,1224.1701084887611,57.520986520245046,13.325379941636207,200.06586148092495
4115494071,4115494070,252.073,700,1620.930290332416,46.58078207102216,5.411523568145805,156.92424507074622
4115494071,4115546355,243.756,700,373.729324072594,19.20091330746246,12.695021122003812,19.78311323086342
108067773,108161651,123.23900000000002,2000,4402.952001636351,21.263961151796263,5.795674621498707,197.6044577560536
108067773,108153168,81.448,900,1715.3837605128958,7.357655333884655,11.069830850176222,32.33948276352542
108152622,108067773,87.412,900,1787.9350335146844,10.535605284013812,8.296818041639668,43.36836002508871
108161651,4337460690,280.821,700,53.522474484430845,33.698603316242924,8.333312730045481,4.157789356797952
108161651,108161653,115.883,2000,4349.42952715192,13.025365124083626,8.896717972668172,133.23960941277767
108153168,108154281,44.618,900,1734.0286624078335,3.845051860487508,11.604004736191765,17.486042435213115
108153168,1831705144,71.07,900,6020.414272033203,13.353755777539956,5.32209823093624,166.45623216001798
108161118,108153168,89.01,2000,8158.865749348278,8.95011084223149,9.94512823014464,178.6681465677582
108152617,108152622,86.243,900,6038.408043025417,12.206263096034958,7.065471170125351,162.72706422402845
108152617,5434033261,341.598,900,729.3806639711883,35.20431830844291,9.703298243331584,62.23735692333659
1831705144,108152617,17.691,900,6767.788706996606,32.812931318146596,0.5391471986599476,128.14232503336183
108152622,6129405424,189.186,900,4254.3243054091245,26.215866906707475,7.216469349392207,247.49396316723258
2833060263,108152622,230.28800000000004,900,3.85129589839082,27.634560000041894,8.3333333333207,0.2453432712649304
5434033261,257946605,73.253,700,729.3806639711883,7.154928812717298,10.238117236023204,12.918327586828593
5434033261,1333868903,148.112,900,0.0,13.33008,11.11111111111111,0.0
6129405424,5852231036,11.044,900,4158.258539060093,1.466196628168788,7.5324139940176025,13.674272790527557
6129405424,888357852,441.717,700,1587.651744467183,115.8540150198675,3.8127034261544672,349.2815958443457
108154281,3023386394,395.364,900,2104.1576329223326,40.61893960968013,9.733488953654971,207.40246657654475
1354143294,108154281,144.826,700,370.1289705144998,14.21356169298093,10.189282822159859,12.997256171473058
3023386390,1831705144,429.28899999999993,900,747.3744349634006,31.11883078350417,13.795151976839776,67.61526493952552
3023386394,1273703037,11.087,900,2104.1576329223326,2.523529224558636,4.393450209374575,10.492644354553466
3023386394,3023386402,437.289,700,2310.5474136599705,70.74025116746083,6.181615032222909,349.96604022265745
3023386390,3023386394,32.603,700,2310.5474136599705,5.274188028541134,6.181615032222912,26.092453296056597
2981967064,108161118,938.85,2000,6843.444309862426,86.91679142717847,10.80171028617177,1506.8820862730845
1354143294,108161118,48.434,700,1315.421439485855,11.054905005658032,4.381222631511614,28.71443585215781
4337460690,4337460697,94.61,700,0.3336776109500963,11.353200000000042,8.333333333333302,0.008732931755418212
4337460690,791159724,53.978,700,53.188796873480754,6.47737561898532,8.333313239051535,0.7942068979905919
108161653,108165126,985.127,2000,7523.939512044422,65.99902642122532,14.926386848688157,1527.9474178162147
2833060263,108161653,543.026,2000,3174.509984892504,40.656471993572076,13.356446670676545,367.25323994681827
108165126,1751874249,301.329,2000,1317.2681299771414,18.212585868637305,16.545097010024197,80.22987910777952
108165126,108165133,728.201,2000,7362.724760925542,79.18979413823061,9.19564203852937,1386.3590435496908
1751874249,5667518743,82.996,700,1331.0907382765288,9.689676130562969,8.565404961081805,29.976063718118038
3679038912,1751874249,12.124,700,13.82260829938732,0.72744000800076,16.666666483358078,0.03383855277255449
108165133,2833127121,46.209,2000,8957.243568926098,8.531945170068534,5.415998237085345,158.86303415486844
2833127113,108165133,157.126,2000,1594.5188080005605,7.1822119640394835,21.877104266305697,50.05310110273772
2833127121,1658531500,86.792,2000,9704.74797222416,20.605904639346036,4.211996586370424,390.7273242116339
257946454,2833127121,404.462,2000,747.5044032980619,29.125646877577253,13.886798864933715,63.582698343658215
263358758,263406380,114.90899999999999,700,1231.2843795594567,14.002650016502011,8.206232382054873,39.56977716770049
263358757,263358758,9.327,700,2574.6951503668733,1.227233083674822,7.600023275180349,7.103074425020134
263358757,263109819,532.901,700,568.3110467542251,39.574733801227005,13.465687543891388,64.33846718314334
4115494081,263358757,928.3610000000001,700,2005.72620675662,87.21194900444603,10.644883076201777,440.25879818647826
263122132,263122100,9.908,700,2108.739619117738,1.552873493077818,6.380429599813825,7.0612887954276005
263122132,6129390963,1410.973,700,1106.2301561577751,184.28264611292013,7.656570109892056,459.1504593109624
263358758,263122132,1003.2819999999999,700,2575.676612757793,132.10157977695656,7.594776699067226,764.7434013802211
263122100,263122101,115.239,700,1664.858062606654,34.37779512177294,3.3521347018271737,104.2869710350586
108171114,1426686870,227.16100000000003,700,2288.5217851259517,43.05462614229206,5.276111311459337,203.6017719725739
263114115,108171114,125.33299999999998,700,1597.063336785828,26.7112378688956,4.692144954687643,85.7233037475564
263114440,263114115,13.61,700,2469.81937071455,2.0831534080411918,6.533364248386108,11.15416169317518
263114440,263114450,617.222,700,1164.525587450002,69.06316460971925,8.937065127090026,189.4272909513976
263122100,263114440,550.003,700,1546.4598926946285,54.83136405020632,10.030810094317369,208.17270910310165
1426686870,1426686873,12.005,700,1412.6274507577843,2.3767017454336563,5.0511175931372705,6.867712078090496
1426686870,1426482206,321.286,700,875.8943343681658,30.26075877170424,10.617248642833871,66.63383667990645
6129253033,262908586,9.428,700,1630.5351817737692,1.205457237102558,7.821098675106204,4.451784189956231
6129253033,6129253029,23.227,700,0.0,2.78724,8.333333333333332,0.0
4334559239,4334559237,14.774,700,0.0,1.77288,8.333333333333332,0.0
4334559237,4334559240,120.66800000000002,700,1487.0788784316564,21.488826277425307,5.615383476144789,66.97115509934103
108177573,108177576,17.399,700,5509.268444813525,28.730094219001217,0.6056019123143992,100.64623009426627
108178882,108177573,42.499,700,4093.4785099933392,24.047902085423075,1.7672643480098533,134.1145858384505
1273948513,108177573,39.878,700,1415.7899348201854,3.557762924603736,11.208728868419925,12.983737558974807
108177576,114612819,30.095,700,2877.854356841698,6.206923981403563,4.8486174617519096,36.18404998012345
108177576,114612795,79.634,700,2631.414087971827,22.094159885686032,3.6043008836734196,108.49927533707269
114612819,5005805743,1.761,700,5023.6162455755575,2.059226096484648,0.8551756424446267,8.656944260139031
138853789,114612819,77.881,700,1214.0219931880729,6.332334023743014,12.298940597256253,20.805662466564158
114612795,138853789,13.831,700,1016.233855941194,0.88253305984686,15.671934150999395,2.8669858433238637
114612795,4335599626,68.14,700,1615.180232030634,6.893216346401844,9.88508071933185,27.17749911832769
108177589,108177590,8.658,700,951.3525484021916,0.7772233911648719,11.139654439663389,1.9002876423921355
108177589,138851467,113.27,900,2649.2519633397173,43.70716907152206,2.5915656951985584,191.02059263971813
108180350,108177589,18.136,900,1962.597395709295,2.868134855951568,6.323273106341778,12.113716785192599
5005805743,108177589,590.896,700,1638.0071160326138,134.8188202039697,4.382889563237709,436.10404267186226
108177590,108180348,17.844,900,1632.135618516694,2.862441016771542,6.233840241754812,10.02198135865161
108177590,4334601964,970.189,700,1302.6648616050677,130.45655613505502,7.436874226509649,379.92496713880087
138851466,108177590,113.154,900,1983.4479317195703,18.374362087544345,6.158254608289509,77.96694301041516
138851467,138851466,10.909,700,1783.3084565059833,1.0484991092084222,10.404396059273612,4.65975598628602
138851467,6128881829,79.94,900,2782.0152250260285,36.47380820223663,2.1917097210347767,154.92361556172423
138853789,138851467,595.122,700,1916.0717181922937,64.34998190158669,9.248207729260075,293.7485847273081
108180348,108180350,8.104,700,1317.4605391516518,1.113098403426888,7.280578226552362,3.26122177981598
108180348,3777385836,751.367,900,1628.819813230159,120.10172630189126,6.256088260641163,419.9806051115063
4334601959,108180348,965.904,700,1314.1447338651155,132.03549770561332,7.315487249902915,386.3264819711617
4334601959,4334601964,20.98,700,0.0,2.5176,8.333333333333334,0.0
108178119,263630444,8.18,700,1199.6438454951542,0.551295483743364,14.837777999661443,2.025847611241258
108178119,108191740,545.409,700,1544.016744414883,52.551705588156935,10.378521379959045,201.99951804022697
108183458,108178119,258.319,700,1788.1381182845546,24.929340461795164,10.36204709851351,110.90031518459539
4081336835,108178119,228.179,700,955.5224716254828,20.55504647509932,11.100874925114828,50.39283162846095
263630444,1319390252,153.338,700,0.0,11.040336,13.88888888888889,0.0
263630444,1273948513,523.437,700,1869.8014165934096,65.10244385648629,8.040205082836517,277.7791525294525
472419637,263630444,542.47,700,670.1575710982556,39.526680385270154,13.724147707636854,76.74167605093203
108191740,108191741,62.047,900,2273.8760558497224,14.696073939384888,4.222011964278196,65.33517239608561
108191740,4346507082,8.232,900,1710.2847880135578,1.439784505355934,5.717522288493401,5.181541297521168
472419637,108191740,12.144,900,2440.1440994483964,5.365266483257778,2.2634476848251888,20.304140571423545
108178882,5476898869,41.096,700,1311.6488200465303,3.480120415556574,11.808786792633878,12.081224410468483
262577865,108178882,17.668,700,5405.127330039869,27.146995010184803,0.6508270986667752,98.9817922058718
5476898869,197667417,450.176,700,1765.6603018197543,51.16056748132951,8.79927690724476,211.7022944135025
1273948513,5476898869,43.281,700,454.0114817732239,5.260204436459142,8.228007204437516,5.485198859821519
108180350,3597685333,588.57,700,1126.5109475019606,62.938142564374424,9.351562915889971,169.56712189691785
3777385835,108180350,752.106,900,1771.6478040596032,141.21324111570954,5.3260302933187935,518.0794847590215
3777385836,3777385837,16.083,900,2043.1674645077117,4.228602405693918,3.803384299820631,16.39420055186303
3777385836,262570985,365.705,700,1137.6425146828697,48.25926173473309,7.577923632776904,123.32617624404706
3777385835,3777385836,5.67,700,1551.9901659604232,0.9153250044668939,6.194521041520478,3.0430632118353884
3597685333,1836134213,3.85,700,4512.120077044901,3.050956283245194,1.2618994317102739,15.22920832190831
5005805743,3597685333,28.926,700,3385.6091295429424,9.044028450973729,3.198353494441481,54.88384954094777
108183448,108183458,507.24800000000005,700,1418.0257782989383,56.63753181223557,8.956039992731776,189.29327583969553
3102649453,108183448,19.649,700,903.7725459000712,2.123872388721066,9.251497455471915,4.573580413882833
3102660641,108183448,676.453,700,514.2532323988668,49.73086408363443,13.602277226922526,73.6492539314659
4081333635,108183458,421.565,700,697.5079381792661,34.20027289125378,12.326363632841336,64.64279433768985
108183458,3102649453,516.678,700,697.067262105429,47.15440672083521,10.957151959494496,83.81955152699412
3707018513,108183458,646.953,700,1671.3476399448937,130.07398636197473,4.973730859601973,443.07946589022737
4081333635,263612200,347.652,700,1539.7347323322026,84.27270928554942,4.125321268858426,252.0823895829872
7247946026,4081333635,152.118,700,935.5666944783532,13.480549318958287,11.284258259867036,32.615638112126945
3102649453,3102660636,691.4,700,1090.3455760787149,53.9680376810317,12.811286637590833,163.11817806089655
108188418,3102649453,631.314,700,1297.0508598733566,105.26784577578181,5.99721591476931,290.37986779637293
133918636,108188418,777.543,700,1194.1726034017963,112.85439528579083,6.889789254826641,295.7691607234742
263612200,108188418,125.067,700,102.8782564715604,15.008546515191235,8.333052096244673,3.5593662507356907
108191741,263630437,13.911000000000001,900,1160.0683899520643,1.5019850845627019,9.261743104493041,4.153207478215034
108191741,108191742,24.876,900,2264.5901167155885,5.820552166557876,4.273821329688558,25.856299342624983
4372747074,108191741,28.544,900,1150.7824508179308,3.065696989285302,9.310770144525728,8.424640733722487
4346507082,4346507086,191.065,700,76.09922734930642,11.46401583171675,16.6664982676832,2.9358768680523726
4346507082,4350115353,52.455,900,1634.1855606642516,5.62209855756537,9.33014593445965,21.955512833078174
263630437,262573256,457.12899999999996,900,1185.0334965910492,66.78268716136313,6.84502255645188,173.42028254390794
263630437,472419637,58.796,900,2065.410156942291,10.60592206606071,5.543695270791125,45.776460801922774
263630435,263630437,79.031,900,2090.375263581278,14.724421508977986,5.367341593135736,63.851600945049306
108191742,472419534,54.713,900,2636.9752645497,20.783754825299543,2.632488713415693,91.0237267036439
4372747074,108191742,26.879,900,372.3851478341122,5.002343676663606,5.373281353177115,3.8653120960461522
472419534,263630434,18.907,700,1280.733707410242,2.05398693857352,9.205024455087715,6.257134696276127
472419534,4266807075,552.032,900,1356.2415571394588,45.47740880468817,12.138598361459245,165.7003355150703
263630435,472419534,14.499,700,0.0,0.8699399999999999,16.666666666666668,0.0
108191747,262573989,13.18,900,1177.888926062881,1.150360942641594,11.457273549060641,3.5307031942395533
108191747,1273859404,564.138,900,1900.31704175199,82.51556223174452,6.836746726824952,343.51427196258123
263625292,108191747,448.761,900,1717.4928376019373,63.308071484753256,7.088527410096152,240.24106108536918
4266807075,108191747,5.487,900,1360.7131302129353,0.45365677579117203,12.095046944754076,1.6550847733318494
262573989,4266807074,5.8,900,1715.0267194375042,0.67993958242818,8.530169664909362,2.70680905224843
262573989,262573992,319.756,900,1246.6760795376442,29.153864369748558,10.967877052065663,92.72476916795728
263923086,262573989,565.921,900,1783.8138729122657,71.86069160175083,7.87525123103897,290.8672266370294
1273859404,263617509,15.363,900,2049.5291614628386,2.715026228215752,5.6585088719736545,11.681904381937787
263923086,1273859404,13.195,700,149.21211971084645,0.95018188366749,13.886814963331279,0.41405764854649346
1435193372,108193650,137.03,700,831.8128629016393,14.111531492004426,9.710498118339672,28.459110643798997
108193650,4081333897,134.547,700,831.8128629016393,40.05481163960821,3.3590720937744507,60.75213829537288
4081333901,108193650,131.477,700,706.3839986175575,26.034939672247642,5.050021304260981,37.61707308289169
1435193372,5005516420,83.337,700,706.3839986175575,13.201845295929186,6.312526630326226,20.061174918450163
140355751,1435193372,33.927,700,831.8128629016393,8.080088560856725,4.198840117218065,13.121043071463626
4081333897,4375989805,174.995,700,831.8128629016393,52.09623226733587,3.3590720937744507,79.01566323291325
4081333901,4081333897,7.391,700,0.0,0.88692,8.333333333333332,0.0
108201860,6574843980,669.695,2000,7641.975018203072,79.68199252175145,8.40459655695969,1407.2234284106246
6129187671,108201860,173.177,2000,0.0,31.17186,5.555555555555555,0.0
6129187660,108201860,247.753,2000,7641.975018203072,39.3043653070756,6.303447417719765,645.9324078855559
6574843980,258309932,762.385,2000,4901.372530262808,43.85179470831708,17.38549140510784,750.7459040862745
6574843980,263642305,850.6500000000001,2000,2740.6024879402635,58.06560403900476,14.649808851184734,482.8352239963093
108215809,262728225,13.474,700,970.8776024823716,1.024851251948142,13.147273786695623,2.8028178626661786
108215809,3246794213,393.031,700,1496.3189501282206,59.19816616168491,6.63924282597766,192.7414456745992
262728119,108215809,10.561,700,1308.224465012772,1.192850100209472,8.85358520584055,3.664388811789127
262728225,262728226,11.325,700,1886.2068317507376,3.27081870500118,3.4624358674125637,11.364448786528051
262728225,262728323,666.303,700,915.4840611898948,48.438762875749866,13.755574264130814,128.67073810365164
5728765650,262728225,407.41,700,1830.81329045826,107.18798346202404,3.800892477320861,372.30062913028866
3246794213,5728765654,19.418,700,118.08513122404632,1.747722376902906,11.11046025193666,0.529731118282358
108236183,4332534083,15.841999999999999,700,1133.4173702913506,1.565809988673474,10.117447273037936,4.371983898364601
108236183,108236185,28.662,700,752.6519087657639,2.628844575976884,10.902888767910191,5.033960240872183
108236484,108236183,26.567,700,1886.0692790571152,4.191660775176084,6.338060598160873,17.022296888052217
4332534083,134252777,272.151,700,1133.4173702913506,26.899176507226045,10.117447273037927,75.10666518898022
3245705890,4332534083,41.097,700,0.0,4.93164,8.333333333333334,0.0
108236185,4077452607,59.81300000000001,700,2746.39525017989,23.609504266513465,2.533428882064066,105.91494468715858
3245705890,108236185,12.136,700,1993.7433414141267,1.695455779152312,7.157957257999211,7.486308405805988
4077452607,108236192,29.597,700,1718.1496054830377,4.045205500570908,7.3165627792760874,15.475257899228016
4077452607,4077452604,35.398,700,1028.2456446968524,20.3531535967463,1.7391899408482234,28.254186611804
108236192,108236195,14.963000000000001,700,2263.4038814707965,3.450053628122094,4.337034032756337,15.378176904747576
4077452604,108236192,29.029999999999998,700,545.2542759877599,3.72591734148723,7.791369839786205,4.596687050367163
108236195,3777385837,367.77,700,1702.9865548885552,66.22320292366066,5.5534915824586415,235.76612869793104
108236195,262570985,16.568,700,560.4173265822426,1.499873220927708,11.046266956984732,2.1515986444138515
3777385837,3777385835,16.182,900,1702.4152565774991,2.805134647038282,5.76870704480631,10.068764637244826
4266659697,3777385837,318.637,900,968.1227387050194,28.85092477576134,11.044256032572584,71.49045165531675
3777385837,262577856,550.222,700,1498.6772471308418,42.924622602250274,12.81833052088745,178.38615737993752
262570985,4332629633,90.078,700,1698.0598412651125,12.118293621197875,7.433224743988001,45.998131765756625
4332629633,108236484,20.391,700,1133.4173702913506,2.0154293320944836,10.117447273037934,5.627390712760556
3245705889,108236484,19.649,700,752.6519087657639,9.008034285322518,2.1812750015855986,10.327136620142763
4266659697,108237805,593.761,700,1585.312931109261,103.42056274039507,5.7412277043052935,345.31557577124846
108237805,108240035,37.22,700,2626.4857509554663,51.37765482339624,0.7244394499503476,99.22943977995696
262578739,108237805,29.023,700,2536.0960217930237,35.167369664028996,0.8252820804419224,72.62874936273819
4077452604,4266659697,465.14900000000006,700,1028.2456446968524,37.30844474508088,12.467659887144718,104.63891567890622
108240035,3725508823,8.928,700,1164.7863279179678,1.2491309591248259,7.1473690847076545,3.2211499560970487
108240035,262724153,847.952,700,1461.6994230374971,145.01984278894832,5.847144664430851,448.28028584306605
108238958,262578739,227.816,700,1041.1728198462024,18.508464256549583,12.308746789695576,52.1772328723169
108238958,108238959,15.333,700,0.0,1.37997,11.111111111111112,0.0
262577855,108238958,94.581,700,1041.1728198462024,11.526071859628273,8.205831193130383,27.541849926951606
197672455,262578739,15.438,700,1494.9232019468195,3.480078942798126,4.43610626475824,10.306295245173434
108238959,108238969,91.877,700,980.2134278623972,10.56881446959238,8.693217225483524,24.186815164729826
197672455,108238959,229.33399999999997,700,980.2134278623972,74.99456934678607,3.058008093086386,129.62171027789822
108238969,138852135,296.467,700,980.2134278623972,22.735503041070448,13.039825838225285,62.45324129142909
108238969,262577855,16.072,700,0.0,1.44648,11.11111111111111,0.0
138852135,138852136,17.903,700,2295.390267090508,10.058336739531942,1.7799165471997414,31.58186679630138
262577856,138852135,13.393999999999998,700,1315.1768392281117,1.136075188923198,11.789712626939057,3.951107034045574
262577856,262577855,296.02,700,1041.1728198462024,24.049564513571514,12.308746789695574,67.79815497973466
108240021,4318917301,8.847,700,1958.0372718797432,4.322344977798552,2.046805621819186,12.48381951058386
108240021,4318917314,98.99,700,257.5284945768,8.920906171971426,11.096406361835353,5.893326667920633
3725508823,108240021,17.563,700,2215.5657664565438,13.055702120960381,1.3452359618257022,33.37714320592687
4318917301,459308542,64.895,700,2576.0250170533527,83.32742857513419,0.778795183166919,167.11160506392937
4318917298,4318917301,94.374,700,617.9877451736086,8.866900222076119,10.643403854374604,13.790672707953435
4318917314,4318917298,13.173999999999998,700,1711.2719613312704,4.249107358001244,3.1004158968101416,12.887276334618967
197675237,4318917314,905.86,700,1453.74346675447,191.2330035733837,4.736943848985698,559.9550630945131
262724326,3725508823,850.7600000000001,700,1595.0560884623176,180.71334469647272,4.7077873603022615,579.7049231046741
262724153,262725484,52.551,700,1461.6994230374971,11.234329535165346,4.677715731544683,32.972796433783714
262724326,262724153,8.973,700,0.0,0.8075699999999999,11.111111111111114,0.0
114612757,4347713109,24.333,700,1515.0049160475733,3.7772529371891155,6.441983209657034,12.36673611176908
114612758,114612757,24.994,700,932.5311982722816,1.8413161081911,13.573986502814003,4.938049418623114
4347538934,114612757,137.271,700,582.4737177752911,8.521893734940145,16.108039394716076,16.228654925630735
4347713109,114612822,166.856,700,1515.0049160475733,25.901340405524476,6.441983209657034,84.801057028124
4347713105,4347713109,22.003,700,0.0,2.6403600000000003,8.333333333333332,0.0
114612758,4347538933,128.689,700,363.9109191777841,9.31456653171409,13.81588714427469,9.86473314387931
114612787,114612758,26.224,700,363.9109191777841,1.8981046766053797,13.815887144274726,2.010216583896767
459322880,114612758,230.069,700,932.5311982722816,16.949258049748696,13.573986502813979,45.45459276999285
4347538934,4347538933,18.686,700,0.0,2.2423200000000003,8.333333333333332,0.0
4347538933,4266807058,481.155,700,363.9109191777841,34.82621093929468,13.81588714427469,36.88322759399211
114612787,386837780,249.96500000000003,700,922.1839172498844,18.265845040424143,13.684830865848388,48.70591541496675
4347713105,114612787,28.168,700,1286.094836427668,3.08315133385479,9.136106843248017,9.407621671755185
386837780,386837776,190.937,700,922.1839172498844,20.928683942652757,9.12322057723226,45.76833676136968
459322880,386837780,16.751,700,0.0,1.206072,13.88888888888889,0.0
4335599630,138853789,66.801,700,2113.8598554391724,10.524843974638992,6.34698245037797,47.918529827526996
4335599626,4335599630,18.058,700,0.0,3.25044,5.555555555555555,0.0
4335599626,262573321,158.972,700,1615.180232030634,16.082013340478348,9.885080719331844,63.405655853225625
114612822,262573320,53.725,700,2113.8598554391724,22.614783408725067,2.3756583925217796,75.85116260107783
114612822,262573406,496.57699999999994,900,1071.652994274805,40.952690571059605,12.125625766599091,117.83371227706806
262573260,114612822,15.45,900,1670.5079336664048,2.584381989213432,5.97821841526696,9.17513288414959
262573320,262573321,14.471,900,771.0193589961153,0.902090402227434,16.041629491089065,2.2661851078449775
262573320,4335599630,157.185,700,2113.8598554391724,24.765311898828312,6.346982450377969,112.75391253034883
4081637710,262573320,303.36,900,771.0193589961153,22.692956485637314,13.36802457590754,49.814948498264926
262573406,262573426,99.333,900,2420.3612217827967,34.21292546829191,2.9033763889048463,143.14788186595888
262573215,262573406,295.469,2000,1348.7082275079938,17.871290982708132,16.533164855627348,80.5556381116768
262577993,133918636,42.094,700,104.49369106623588,5.051461441170246,8.333034012083502,1.2167946332562054
4336153986,133918636,60.957,700,1089.6789123355602,7.81655105286294,7.798452231393473,19.276625673542522
133955891,133955898,57.68200000000001,900,1183.2714098178708,6.313441191207474,9.13638034362811,17.72421050388792
133955919,133955891,23.432,900,692.4823452933588,2.1623466443194017,10.836375407965736,3.7989810872152994
6405362639,133955891,455.332,900,490.78906452451145,32.8253298454012,13.871360993004359,47.01342997976774
133955898,4341553858,385.135,700,683.1118802597874,31.210081680719068,12.340083052007143,57.81009895179286
133955898,631747590,22.716,900,500.1595295580826,2.058546029831394,11.034973068763763,2.634237989686295
4341553858,631746956,40.87,700,683.1118802597874,3.3119712083203563,12.340083119480662,6.134728701927674
4341553858,4341553864,45.426,900,0.0,4.0883400000000005,11.11111111111111,0.0
631747590,306319329,33.067,900,2210.9731261454026,10.816956762503033,3.0569596168329634,42.165792895633494
631747381,631747590,435.729,700,1710.8135965873212,52.6299107459892,8.279113413339882,207.17122044758628
133955906,306533524,30.684,900,1983.877543325394,7.477954956608586,4.103260875205359,28.777803079508963
548772802,133955906,833.2479999999999,900,1705.5583294901764,71.05001521327192,11.727625919555777,319.559665687576
306319329,133955906,42.218,900,278.3192138352172,3.80213367518661,11.103765308285203,2.715399640470479
306533524,4341356494,405.097,700,278.3192138352172,41.74244521052964,9.704678246731296,28.160809735764804
306533524,133955913,31.764,900,1705.5583294901764,5.525865781126974,5.748239508184703,19.855438729339408
133955913,133955919,43.086,900,1931.7601908555,9.831451302071748,4.382465891980834,37.50451990274532
4341356490,133955913,396.918,700,226.20186136532325,40.83221247318198,9.720707646216578,22.40225526333645
133955919,4341339651,419.6089999999999,900,1239.2778455621417,31.763817691476643,13.210282343126403,111.22161774023468
4341339651,6405362635,68.785,900,1239.2778455621417,5.206928831145708,13.210282343126412,18.232161312703134
4341339651,4341339656,26.616000000000003,900,0.0,2.3954400000000002,11.11111111111111,0.0
133957386,632033213,324.837,900,942.4877111574244,21.1857901545658,15.332777188392644,62.72735256095006
133957386,6405362631,101.792,900,490.78906452451145,9.164942789168094,11.106670531572375,11.543616742748354
6405362608,133957386,14.445999999999998,900,1433.2767756819344,1.337948254658508,10.797129074088993,4.8572089841686195
632033718,632033213,14.036,900,0.0,1.26324,11.11111111111111,0.0
632033213,4053604159,120.143,900,942.4877111574244,7.835697246742206,15.332777188392651,23.200104417693233
6405362631,6405362639,18.259,900,1937.854898961073,1.803001122381228,10.127004233854993,8.610577010572902
632033718,6405362631,301.388,900,1447.0658344365609,26.825598072901514,11.235089677439621,100.17428476858511
133957395,133957399,84.937,900,2224.0065748417496,8.933054095524954,9.508170340370993,47.79635745203726
133957395,4112378277,145.374,700,462.3371051569541,13.11923732785977,11.080979508716293,15.549154007570289
6405362635,133957395,35.717,900,2686.3436799987035,4.368089586745121,8.176801160027145,26.903296802060574
133957399,7567371017,2.693,900,3671.230655873776,0.545760377307222,4.934399989400556,4.075834282298401
632050833,133957399,147.352,700,1447.2240810320288,24.631208547602,5.982329276098214,75.76961004247
4112378277,838080068,11.482,700,462.3371051569541,1.0361899858192378,11.080979508716291,1.2281108472967786
4112378277,4112378275,178.445,700,1348.9013755636793,21.386190628817303,8.343935724558177,66.5256474602234
632050833,4112378277,16.283,700,1348.9013755636793,1.951477161080622,8.343935724558191,6.070425719940685
7567371017,6405362608,101.364,900,1433.2767756819344,9.3880511480829,10.797129074088948,34.081831058512336
7567371017,306533611,453.695,700,2237.9538801918434,90.47916655041315,5.014358744642175,413.4866026537704
134250228,134250229,65.289,700,706.7738685955021,5.963269664931648,10.948523824764573,10.743713111639508
134250228,4139135523,85.644,700,234.83148029000637,10.286696241027965,8.325705162597615,5.567129636887598
1273520690,134250228,183.283,700,941.6053488855084,27.202946276745532,6.737615776445497,55.923742506435474
134250229,3725508786,215.70700000000002,700,876.1453716225958,20.09443151123382,10.734665465873402,44.47689121299302
4139135523,134250229,47.959,700,169.3715030270937,5.756506878013308,8.331267731682388,2.2474123853443193
4139135543,4139135523,503.58399999999995,700,169.3715030270937,36.25860984939541,13.888673672038117,17.936652706679467
3725508786,4139135543,492.632,700,1696.9649325985124,88.29040671505062,5.579677547413794,313.5491784335923
3725508786,4344823095,528.549,700,2203.697387047957,76.22251129791292,6.934290027970679,369.19797979170517
3725508786,262908584,34.398,700,0.0,2.0638799999999997,16.66666666666667,0.0
262908586,3725508786,58.94200000000001,700,3024.516948023874,42.29708947796729,1.3935237797083675,151.01063775714695
134252775,262908584,1204.235,700,1393.9817662501046,154.45280640986297,7.796782900819474,487.2429068925301
134252777,134252775,12.049,700,1133.4173702913506,1.19091305097378,10.11744727303797,3.325213608849578
3811342112,134252775,247.85900000000004,700,260.56439595875435,22.338290013856877,11.095701588897281,14.930630276424388
262908584,262908586,23.423,700,1393.9817662501046,6.008375582071968,3.898391450409738,16.01009491192889
134252777,3811342113,240.22999999999996,700,1157.6738766982678,44.42770551238178,5.4072114962824065,106.87606226334788
3811342112,3811342113,9.109,700,752.6519087657639,1.113955538928354,8.17716657593267,1.922294432019677
3245705889,3811342113,272.155,700,550.9495757646858,32.83768287342974,8.287886847832716,41.64003318483655
135447648,135447658,202.71399999999997,900,10.671671383378769,18.244260417419028,11.111110856894767,0.4997567211800459
135447648,4341533303,99.074,900,1653.5060110961983,6.912194637279859,14.333219071358265,34.12962561726995
135447689,135447648,98.659,900,1664.1776824795772,6.9083615775606715,14.28109963445722,34.24129245783749
135447658,1273652212,106.254,900,3134.722799519802,10.617227297183687,10.007697586749867,81.633723883726
3962802576,135447658,921.947,900,3124.0511281364243,170.06899831384888,5.421017405527489,1104.6761607308015
4341533303,4341533302,21.588,900,1643.6565660786462,1.5011718598380779,14.380765172568958,7.385630028538256
4341533303,678202866,11.333,900,9.849445017552563,1.019970001058352,11.111111099581885,0.025786897908762426
1273652212,1909514132,207.007,900,59.79740184841144,18.631050216420707,11.110860504125087,2.8596634630776796
1273652212,306323111,480.883,900,3074.925397671392,85.03019562820778,5.655438005842629,548.833359642808
135449856,135447689,192.984,900,0.0,17.368560000000002,11.11111111111111,0.0
4331477987,135447689,164.442,900,1664.1776824795772,18.210226368929746,9.03020076019322,71.62047082430124
135449856,4331281782,881.639,900,2941.69425821991,139.16905070783287,6.335022014707029,881.3893899241634
5729018829,135449856,247.225,900,2941.69425821991,39.0251208955638,6.33502201470703,247.15500553401262
4331281782,4331281787,83.746,900,2941.69425821991,7.617635767347409,10.993699693410491,57.23217144690916
442359338,4331281782,1037.416,700,0.0,124.48991999999998,8.333333333333334,0.0
135459125,135459129,207.569,900,1792.2217548370277,26.62110951250704,7.797158112530232,107.9732242423389
135459125,4337346114,22.647,900,677.2058065157429,3.7259424876575458,6.078193658388401,5.382293738533285
4346543001,135459125,449.709,900,2469.42756135277,48.834942664689535,9.20875454053037,286.88381022017427
2168736631,135459129,8.763,700,217.12229066895185,0.789198064636722,11.103676494738645,0.4396954344927407
135459129,1329794532,167.923,900,2009.344045505979,28.18356358700703,5.9581890516291764,120.2632627835807
4337346114,2168736618,114.95099999999998,900,1616.6208229336694,12.090952001755085,9.507191822721161,47.02310486445948
4337346114,4337346119,62.361999999999995,900,686.5826106292724,10.416957608339004,5.986584792288858,15.204634105870575
1358245410,4337346114,356.712,900,1625.997627047199,24.66093546416299,14.464658103435296,120.53333165687286
4346543002,2168736631,656.933,700,217.12229066895185,78.88474300216767,8.327757371053972,39.47549886892297
1329794532,1329794554,12.027,900,3289.5446187540097,2.561895685518756,4.694570535398151,16.93696663755549
1358245410,1329794532,11.532,700,1280.200573248031,1.6691476555829818,6.908915434430052,4.692696947253441
135459131,1329794552,11.396,900,1316.1838469677796,1.559997108537744,7.305141745218995,4.569928070884104
135459131,1358245423,472.213,900,2723.161087953737,62.265113052216904,7.5839097827380755,380.9560140842233
697291018,135459131,7.822,900,3286.33892180001,6.504840102753552,1.2024892044139384,22.89190404453941
2887117152,135459131,713.963,900,620.8314425093743,74.63901585073499,9.565546810367936,111.72402295449871
1329794552,1329794535,7.864000000000001,900,3032.7829765126417,1.341183258690336,5.863479095078466,8.60722939542586
135462081,1329794552,408.77000000000004,900,1716.5991295448623,29.164267001520297,14.016124594480338,147.14804649051717
1358245423,1358245426,263.295,900,889.8697229735866,24.020160082643958,10.961417371662183,54.51666431116889
1358245423,1403426785,598.378,900,1833.2913649801487,44.73518802275268,13.376002794392194,233.58897294792862
135459147,135459151,195.76,900,2808.441325985193,27.659177652927397,7.077578460807244,171.5683039210616
1273454909,135459147,13.515,900,2054.5606033240365,1.125583756557216,12.007102911060002,6.175671498159515
1452747128,135459147,1117.119,700,753.8807226611547,88.25995131856392,12.65714498264213,183.10808304211426
135459151,135459154,16.392,900,3465.0034725396463,4.0711773109858855,4.026353741893515,27.218476412859744
135462073,135459151,9.73,700,656.5621465544519,0.739781374805016,13.1525344262209,1.368543857654623
135459154,135462071,9.729,700,818.8142540666959,0.795355267579152,12.232269523545703,1.7571283040998735
135459154,135459156,89.153,900,2646.1892184729472,13.273633756306285,6.7165481311885324,76.63167620394677
135462071,135462073,16.403,900,2129.358919154849,1.424837555329836,11.512189539531658,7.924751375717723
135462071,4331368342,326.707,700,956.9288410655108,29.465601544159302,11.087742414162935,72.30362734088797
4337309590,135462071,166.149,900,2267.4735061536635,15.708109724636975,10.57727523633273,89.39478168144714
135459156,1063807410,690.669,900,2646.1892184729472,102.83094627028038,6.716548131188532,593.6662049746363
135459156,4578497795,65.383,900,0.0,11.768939999999999,5.555555555555555,0.0
1063807410,902324953,8.722,900,4328.389906773234,4.523725688909556,1.9280567832357753,27.98797598202025
1063807422,1063807410,11.146,700,1682.2006883002855,2.7386525255390763,4.069884695505875,8.916173865190348
135462036,1475240159,73.415,900,905.0445195869984,9.618432015698232,7.632740958212259,19.59064515821686
135462036,4341533301,199.56,900,1465.2302681186975,27.087562190595886,7.367218895367491,88.52262014537648
1909514141,135462036,105.249,900,2370.2747877056954,28.291527355322525,3.7201597028729996,126.39106094056777
1475240159,4341533301,125.699,700,905.0445195869984,18.132946911919642,6.932077869668945,36.06864398740774
5729018830,1475240159,289.287,700,0.0,26.03583,11.11111111111111,0.0
4341533301,421084344,249.12100000000004,700,0.0,17.936712,13.88888888888889,0.0
135462073,4337456739,346.709,900,2132.9764737518144,30.18014267391046,11.48798412738175,167.963952548564
4331368347,135462073,326.648,700,660.1797011514182,24.864625694898262,13.137056797401211,46.21683747052468
4331368342,1063807361,21.892,700,956.9288410655108,1.974432592520928,11.087742414162946,4.844925299264227
4331368342,4331368347,30.205,700,0.0,5.4369,5.555555555555555,0.0
4337456739,1063807267,212.042,900,584.1498400438098,23.003704203721732,9.217732853898116,31.97759425883005
4337456739,135462081,688.201,900,1548.826633708005,46.46704366579011,14.81051828796817,220.1491304808544
1358245415,135462081,145.755,900,167.77249583685813,13.136284338787426,11.09560331071931,5.653333697153604
135462085,1843209597,14.837,700,734.1666615989477,1.290853631500734,11.493944501477404,2.473399439934177
135462085,1358245410,13.718,900,2104.886620346688,1.17495473081742,11.675343432556199,6.5066699536158135
1329794554,135462085,11.415,700,3.2056969539994684,0.913200000029052,12.499999999602332,0.0079970970931924
1329794535,135462085,106.79099999999998,900,3032.7829765126417,18.212907092929775,5.863479095078463,116.88385482794045
1843209597,1451368172,13.683000000000002,700,369.82507733350326,1.238410382054184,11.048841481208875,1.1724756376778815
1843209597,6302477701,236.937,700,734.1666615989477,20.61407169463994,11.493944695147647,39.498540016081535
1358245415,1843209597,668.243,700,369.82507733350326,60.480820648617765,11.04884148120884,57.260735039741434
1451368172,1358245410,14.91,700,801.3115799485417,1.3409656125321479,11.118853355117302,2.759073151248046
138789941,4358010935,148.951,900,587.9837829636176,10.865801736444366,13.708238343831724,18.494868515322157
138789941,1359117107,18.22,700,1138.2200099768977,2.19468457321653,8.30187637091592,5.7522350994839035
1439430739,138789941,138.745,700,1138.2200099768977,15.041238406155022,9.224306952227032,40.7511215665538
4358010936,4358010935,19.565,900,172.33534576319786,2.348028325687884,8.332522987885246,0.9327819176028461
4358010935,138789947,343.536,900,755.5346253251653,25.623216898471807,13.407215860569359,55.22279386571764
4358010934,4358010935,14.652000000000001,900,2.13987351490378,1.7582400000040619,8.333333333314082,0.008673232129548665
1359117107,1359117103,14.828,900,1080.319267991121,1.2279478482168,12.075431396808023,3.5536095015571245
1359117107,2534627558,15.359,700,1228.5478701362642,2.072045811625542,7.412480898745526,5.686343999076152
4358010934,1359117107,155.48,900,1170.6471281504878,13.512527175558402,11.506359837798055,41.306890543707574
138789947,847692749,18.435,900,755.5346253251653,1.375005832062222,13.407215860569364,2.96339307937015
138789947,4372893889,25.853999999999996,900,0.0,3.10248,8.333333333333334,0.0
847692749,4372893896,7.931,900,2236.732515298457,2.146874785894692,3.694207064197655,9.031127739215352
301458135,847692749,21.025,900,1691.3056859040364,3.599366604629118,5.841305515520399,12.871100667649245
4372893889,4358010934,343.724,900,1172.7870016653912,29.91009431683878,11.491906256092623,91.54203889005032
301458135,4372893889,4.766,900,1172.7870016653912,0.41472666882165,11.491906256092689,1.2693014085428396
301458131,4372813326,604.017,900,1296.399934555595,57.03281709317276,10.590692004802008,185.67368288606414
4358122015,301458131,468.418,900,2111.6857881242527,107.66610469741987,4.350654287311885,448.1116695337545
4358001351,4358001352,21.794,900,978.6611911544512,2.159843322681156,10.090546740652313,5.201629583808067
4358001351,138792506,530.645,900,1268.5945549761775,49.11642571600394,10.80381954233075,157.86609646571188
138792506,5411444468,16.041,700,1843.879209427006,4.314326198563806,3.718077693184137,14.991040706507574
138792506,550860452,15.476,900,896.9113146097757,1.193775356718048,12.96391311221815,2.989687900018806
844413543,138792506,17.028,700,1472.1959690606045,2.467624100984646,6.90056479558835,7.975741666056716
5411444468,2023009317,62.702999999999996,700,1843.879209427006,16.864359804784385,3.718077693184137,58.59879218378806
2023009302,5411444468,100.972,700,0.0,9.087480000000001,11.111111111111109,0.0
550860452,844413661,17.042,700,832.7661497783243,1.40481895230954,12.131100574905215,3.14184741283382
550860452,138792509,30.803999999999995,900,726.5435304406374,2.28602490583542,13.47491880835077,4.753403041558168
2469993949,550860452,37.205,700,662.3983656091859,2.361780295802604,15.752947073917653,5.021937255981115
138792509,2469993888,157.27,900,1260.2826873691652,14.472975455519771,10.86645938724505,46.33497143550329
2469993936,138792509,24.202,900,533.7391569285285,2.19766974982059,11.01257365988487,2.9982151858042014
2469993888,2469993879,17.903,900,1274.5801013178732,1.664095286553108,10.758398358956377,5.363625382657317
2469993888,2469993894,7.513999999999999,700,3.0694695122787343,0.541008000014466,13.888888888517513,0.004850221191765313
844413647,2469993888,16.459,700,17.366883460987008,1.316720016087354,12.499999847278144,0.062468248017470376
138795223,3235605231,13.092,900,1458.6238252726196,1.17755667439359,11.117936218859299,4.410138100291142
138795223,4895906753,173.537,700,255.8623381101038,12.51079733506299,13.870978431857578,9.341166167099603
2469993493,138795223,286.19,900,1702.624905666593,33.08168171917016,8.651011228191543,131.30599744931664
3373843169,138795223,15.768,700,11.86125771612987,1.135296006770268,13.888888806063354,0.03933094527031502
3235605231,3743407966,16.25,700,1848.329139572876,5.28412249219188,3.075250436380293,17.257904891240663
3235605231,4326163860,357.289,900,13.047883230347525,21.437340068505808,16.666666613406164,0.9413162546735636
6294711419,3235605231,170.458,700,794.1294691532119,13.743558012394512,12.40275624741962,29.68034341390243
4895906753,4895906767,23.337,700,255.8623381101038,1.682433587121852,13.870978431857585,1.2561862590779111
6294711419,4895906753,12.609,700,0.0,1.51308,8.333333333333334,0.0
262908790,263108212,14.369000000000002,700,3116.176926250767,5.700245159194032,2.5207687737472084,28.950986370315068
262908790,262909454,208.146,900,3348.4057983951698,46.679056095073776,4.4590875954316145,310.05386298170095
1426482205,262908790,89.634,900,3916.8704074180537,32.946470389932,2.7205949207655014,217.31219093016372
6128881830,138851466,80.896,900,2342.806644245584,20.975812220225695,3.856632541837733,93.63797354539307
6128881830,6128881829,11.737,900,4.551396432565554,1.056330000049974,11.111111110585455,0.01234082577410165
6128881829,262574563,181.302,900,2786.566621458593,25.162545188993874,7.2052329618587905,155.53534839493489
138852136,138852138,116.035,700,2225.7423167132274,58.439179921351,1.9855685886790844,188.84758488860382
138852136,262577852,13.722,700,69.64795037728283,0.8233211529516721,16.666643327218708,0.19297528433910593
138852138,262577857,14.092,700,1076.5121112904574,1.7814543484774799,7.910390750143966,4.356809914322204
138852138,262577865,714.832,700,2225.7423167132274,105.5316648449118,6.773625726937118,513.4574551763352
197656584,138852138,421.8399999999999,700,1076.5121112904574,53.32732772933155,7.9103907501439625,130.41986192575064
262577852,262577856,17.543,700,857.6724119434728,1.224179094325362,14.330419528743745,3.1348387944237923
262577852,3777385835,548.502,700,1621.2227134425289,46.44047722502496,11.81086054181273,199.28695935913353
262577857,262577852,115.065,700,2409.247175008717,76.98389152991342,1.4946633342806463,228.80867891516803
1836134213,262577857,723.522,700,1332.7350637182608,84.67352213853098,8.54484355589076,262.0795413374562
1836134213,262577865,20.02,700,3179.3850133266437,5.268635266638318,3.7998454982771794,31.776699054848674
140346745,3102660641,14.866,700,514.2532323988668,1.09290523579215,13.602277226922565,1.6185452780092215
3102660638,140346745,47.071,700,514.2532323988668,3.4605235001999457,13.60227722692254,5.124885294038219
316756910,140346745,18.668,700,0.0,1.344096,13.88888888888889,0.0
3102660641,3102660636,21.984,700,0.0,2.63808,8.333333333333334,0.0
140347256,3102660638,134.13,700,514.2532323988668,9.860848868343972,13.60227722692253,14.60348971743422
140347256,140351881,289.18,2000,1256.3890066015354,17.45630551169554,16.565933714109924,73.42355351395402
263621041,140347256,61.425,700,1770.6422390004032,21.89962174442739,2.80484296563845,66.1183056697561
3102660638,3102660634,22.75,700,0.0,2.73,8.333333333333334,0.0
140351881,197654198,48.002,2000,2160.022469788509,4.549686004076916,10.55061820903377,24.638177540682527
3102660636,140351881,322.609,2000,903.633463186972,29.082054074222587,11.09306100513548,67.40333908212176
197654198,140351885,185.19,2000,6431.588802463947,14.01128659755102,13.217201626035447,254.70008734023418
3672931645,197654198,481.26,2000,5315.813693444558,32.392412175876586,14.857183138661279,527.9721432764853
140351885,258309932,595.222,2000,431.9355623399716,35.716353648138394,16.665251046169548,51.91332366546145
140351885,140355727,401.698,2000,2310.5881722158883,38.667550771640784,10.388503848415706,222.51381281290588
258309932,6128880544,297.316,2000,8761.035463896216,25.40163456159447,11.704601106635923,586.2624867571184
140355727,6129187671,792.009,2000,7326.037921326962,113.50658729269306,6.97764789595595,1830.4305093164458
263642540,140355727,767.755,2000,3835.053792927391,70.3827973723373,10.908276292833914,686.8905900306981
6129187671,140355743,198.618,2000,7326.037921326962,28.464892892505148,6.977647895955949,459.03070154431845
140355743,140355751,503.9289999999999,2000,7710.658012107291,81.75628701063158,6.1637950844620555,1348.8919969188225
6129187660,140355743,269.891,2000,384.6200907803308,48.58297446553216,5.55525887348618,39.06673913041649
140355751,5005516420,72.439,2000,6878.84514920565,9.037496554348435,8.0153834155705,141.74256850002632
5005516420,309581559,1047.386,2000,7585.229147823208,122.34455347057008,8.560953228309817,2156.465778859015
171761478,1658531616,50.548,700,1244.8296767991196,57.20925481779122,0.8835633353553197,61.092229056114405
263116931,171761478,36.669,700,8.350306685218085,4.400280006445608,8.333333321126519,0.08470273811955298
263116954,171761478,83.83,700,0.0,7.5447,11.11111111111111,0.0
1658531500,171761478,158.607,2000,1236.4793701139013,9.570705048982369,16.57213331601566,39.63046536155387
1658531616,263361121,243.29299999999998,2000,681.7251218349651,14.605274443067165,16.657886227909014,33.49238834243079
1658531616,263122129,392.368,700,563.104554964154,52.4284922476163,7.483869613241439,66.10658229371928
181923671,331608000,1215.135,2000,10192.007051689148,128.60034321408077,9.448925015520114,3146.1977179942096
2025595290,181923671,481.258,2000,8192.088170411636,32.47409883137963,14.819749194547677,814.1497372048984
3977332099,181923671,767.306,2000,1999.9188812775164,28.701415681842352,26.73408198765011,311.5364068020436
331608000,3993075744,1985.616,2000,10975.872213811914,287.1421582638814,6.915097427718135,6922.723372771372
4051659316,331608000,278.208,2000,783.8651621227602,12.530894710911767,22.201766627066103,43.59160869060431
5711943169,182402424,19.442,900,2127.6716286058654,3.802285908276564,5.113239895421842,16.59600122702976
182402424,4356001265,18.972,900,2127.6716286058654,3.7103676706009137,5.1132398954218425,16.19480173229134
5711943165,182402424,11.465,900,1331.7432606387845,0.55126770652611,20.797517910577945,3.0466045786446077
5711943167,5711943169,251.23,900,2127.6716286058654,49.13323159841175,5.113239895421842,214.45393417686896
1841300518,5711943169,182.334,700,584.9252319439518,11.32586862790541,16.09889766430397,21.648948016872065
4356001265,331607180,107.654,900,2127.6716286058654,7.006612240735824,15.364629338856396,46.90921444672187
5711943165,4356001265,17.619,900,0.0,1.58571,11.11111111111111,0.0
182439939,182439941,44.286,2000,9071.89432734316,3.601467134036016,12.296655321791178,88.41435896976684
289311410,182439939,474.092,2000,3643.255346005317,23.146012700646203,20.482663953034297,344.595028223321
289312609,182439939,517.321,2000,1395.6439856538032,31.326648301736533,16.51376792745885,145.97362962785365
182439941,5664307378,114.272,2000,4179.14849767552,88.51858248456057,1.2909379792647646,415.48155002098554
182439941,2390246540,3274.7,2000,4892.745829667639,167.17363765400088,19.588614843553522,3197.303248540642
289311395,5664307378,31.217000000000002,900,30.504672425742758,1.8730200111759419,16.666666567219945,0.19227967587917283
5572366905,5664307378,2331.37,900,25.13173994844392,139.88220038452886,16.66666662085087,11.830677395844559
2390246540,5581489067,1684.842,2000,7034.063487176273,165.29066899053169,10.193206974656945,2872.887172659347
1404109773,2390246540,473.92,2000,2141.317657508636,51.77836804876515,9.152857030056635,263.21460083687407
182464536,4341725685,29.889999999999997,900,0.0,2.6901,11.11111111111111,0.0
4341725685,1752585700,178.13,900,3054.2905312766216,30.94413647281282,5.756502533412204,199.17760201797824
471054674,4341725685,235.92099999999996,900,3054.2905312766216,40.98339202157118,5.756502533412204,263.79710910954606
182472502,1024462969,12.61,900,3413.2948417074176,1.464281445475584,8.611732422727243,11.635086712308075
182472502,1707800001,116.74100000000001,700,320.7296532455821,8.432149018699441,13.844750577950046,7.881775606608985
7115293995,182472502,217.466,900,3323.5038289046097,24.01788364937369,9.054336475881414,188.8152152543465
471054866,182472502,21.469,700,410.5206660483906,1.558994913903504,13.771051982616573,1.8584329438105827
1024462969,471054865,20.49,700,265.4471716363507,1.4774867898544741,13.868144297938645,1.1443281609183422
1024462969,1273791425,527.402,900,3271.5927047749483,110.59575861017767,4.768736221241177,729.9844655241154
1707800048,1024462969,122.55400000000002,700,123.74503470388166,8.824511369040083,13.887907769031662,3.189274481983416
1707800001,1024451911,6.9239999999999995,700,288.2347606635308,0.499564690431168,13.86006683943972,0.4199654095527203
1707800001,7115293998,172.799,700,1310.8003258126985,19.589677435650906,8.820921149294994,60.22619026208135
1707800048,1707800001,9.702,700,1278.3054332306467,1.050421096622142,9.236295835259684,3.197578956543927
182472504,1024451911,284.697,700,1277.1641172931536,30.77470904566625,9.251005414138644,93.64863842462242
182472504,4354333734,58.359,900,3335.6903054938766,6.488835862753446,8.993755002339693,51.085329591833904
315563754,182472504,756.882,900,4612.854422787033,187.1014444460658,4.04530281549045,1667.5031325974355
1024451911,392155831,9.805,700,1565.3988779566853,1.652621991816048,5.932996201524218,5.4887292913567585
4354333734,4354333739,51.983999999999995,900,12.186476589267931,4.6785601820291935,11.111110678810038,0.1463491866245388
4354333734,392155859,38.229,900,3323.5038289046097,4.222175760955302,9.054336475881424,33.19239266808794
182472511,4352753162,110.84900000000002,2000,2287.124452243982,7.095061043894544,15.623403282116652,51.74428484353821
182472511,315562656,416.329,2000,10825.369546735794,30.941003288042154,13.455575312934332,957.7005338253763
1825885297,182472511,50.852,2000,10128.22087013384,13.89607016818341,3.6594518726906884,263.9165559810844
4352753162,1623011785,86.338,2000,2287.124452243982,5.52619672173648,15.623403282116652,40.302556313736716
4352753160,4352753162,161.585,2000,0.0,9.6951,16.666666666666668,0.0
315562656,315561470,66.991,2000,12429.249420882574,6.67499311828821,10.036115215828076,203.72436536167837
315562687,315562656,281.78,2000,1603.879874146771,13.74386275822374,20.502241979344188,90.16571295365281
182472512,262729996,22.643,700,1355.6764399824208,3.28936623651573,6.8836968497568884,9.78465634280277
182472512,262730001,391.719,900,1670.7084632454005,32.9894190105132,11.87407998531788,146.30175559854067
262729477,182472512,332.928,700,1274.0335307927144,42.9982562039403,7.742825625786447,123.7449984478874
262729963,182472512,25.555,900,1752.351372435107,3.752847331750128,6.809496294666085,14.393327183748873
262729996,263109773,240.17199999999997,700,1335.84738870126,33.88276536125571,7.08832344229589,100.00596801683018
262729996,262729979,26.088,900,1471.9098986572908,2.850399023354484,9.152402799134562,9.960017934936038
4884699284,262729996,356.746,900,1452.0808473761304,38.276445589837365,9.320248902492615,132.77163050981594
262730001,7567382963,1.538,900,3015.9504947946466,1.401095972072478,1.097712098711565,4.248002731747618
4143720017,262730001,9.905,900,1345.2420315492448,0.97066456127205,10.204349056505738,3.2279552301564314
182472515,263383496,22.807,700,1683.4293542257524,5.615431443143508,4.061486678436356,18.284733293849143
182472515,4542247400,140.99,900,2157.8561378754925,34.41777170836406,4.096430216187913,144.0000356748181
4264725536,182472515,276.759,700,1560.8254180487716,55.557456715743,4.981491528959359,176.79984824164242
263383329,182472515,14.966,900,2280.4600740524747,4.290652922007906,3.4880472207936895,18.06773568240323
263383496,263383554,14.447,900,3167.0905984575224,12.578657437127358,1.1485327486030434,41.33585267488514
263383496,263384504,392.225,700,1144.900947987252,42.859061204085904,9.151507032137415,116.48484741768861
4341839202,263383496,145.25,900,1629.5748643487327,18.58896596887252,7.813775131076313,68.59198390048999
4542247400,4341839208,23.383,900,2157.8561378754925,5.708140689812586,4.096430216187914,23.88221032828053
4542247400,4341839202,26.968,900,0.0,4.85424,5.555555555555555,0.0
197654143,2124424271,203.979,2000,884.015053772146,12.25698040533364,16.64186392198508,36.41747737699735
197654143,2124424268,614.249,2000,6836.599087717424,56.749148297842055,10.823933370350819,983.7969110960577
2124424271,472419637,443.478,900,1044.8915136043618,45.15862560355299,9.820449450638463,114.89033914386025
262573321,2124424271,253.31400000000002,900,160.876459832216,22.7999437125251,11.110290586412392,9.414796533021644
2124424268,4346507086,246.375,2000,1298.3276610675691,14.88500481377505,16.551892530931323,64.65117942642392
2124424268,263620409,294.814,2000,3352.6043561651086,14.074578975143753,20.946559077941362,197.24148225213597
197654176,197654185,145.158,2000,4234.120618215453,15.5407942296695,9.340449262424023,157.30691208794278
197654176,263641100,317.605,2000,742.7629878774628,14.294321983244556,22.21896221256864,47.15665974083452
263620409,197654176,670.209,2000,4976.883606092916,39.07903424942595,17.150091164544193,671.1185252565948
197654185,3672931645,15.262000000000002,2000,5402.335899361238,2.8191993426219177,5.413593770849139,31.65658123660524
263631693,197654185,463.762,2000,1168.2152811457825,29.849284530481686,15.536787808981234,110.69790393915835
263641100,4266808709,467.624,2000,742.7629878774628,21.046167481912295,22.218962212568634,69.4308523311912
263640436,263641100,241.95900000000003,2000,0.0,14.51754,16.666666666666668,0.0
3672931645,5476366884,174.723,2000,86.52220591667985,10.483381433741298,16.666664387279194,3.0524848730691283
197656584,6173856806,28.389999999999997,700,0.0,2.5551,11.111111111111112,0.0
6173803653,197656584,28.032999999999998,700,1076.5121112904574,18.856568082167698,1.4866437984815637,24.958881060917204
6173856806,6173856787,54.175,700,1025.4108125932437,8.666438486633039,6.251126121019443,19.075168069736797
6173803653,6173856806,41.234,700,0.0,4.94808,8.333333333333334,0.0
197656644,459299951,335.038,700,51.10129869721456,30.15348194959076,11.111088283605241,3.955204323962998
197667417,197656644,635.965,700,0.0,76.3158,8.333333333333334,0.0
263612200,197656644,233.18900000000002,700,51.10129869721456,20.98705311738704,11.111088283605243,2.7528523364532034
459299951,6173856786,31.434999999999995,700,361.2654738962756,3.06145358062785,10.267998247274825,2.7410893849890123
6173856787,459299951,28.763,700,310.16417519906105,2.704158123533436,10.63658213981079,2.1102537839269977
197667417,3245705952,63.74999999999999,700,1765.6603018197543,7.244913493688593,8.799276907244762,29.97943308586149
3245705952,4375989804,368.121,700,706.3839986175575,72.89494000538097,5.050021304260981,105.32362740515201
3245705952,263612211,56.422,700,1059.2763032021962,4.366771686102576,12.920757954798795,12.889318300257106
262577993,197668686,11.184,700,0.0,1.00656,11.11111111111111,0.0
459308542,197668686,595.894,700,100.88838724413483,53.632133980348925,11.110764308172755,13.888640655814505
4336153988,197668686,13.38,700,0.0,1.6056,8.333333333333334,0.0
4336153988,262577993,12.587,700,3.605303822101056,1.510440000076884,8.333333332909152,0.012553362141881325
459308542,197672455,18.35,700,2475.1366298092166,20.326018048620828,0.9027838092097481,43.86328383343478
197675227,4331365978,43.326,700,867.7057938489796,4.5653108327400425,9.490262894979328,9.523718705508593
197675227,4331365979,41.393,700,1032.413607878582,4.000409266295346,10.347191310836244,10.268744670285926
1273747222,197675227,37.019,700,1900.1194017275611,4.733078950721496,7.821335833486769,20.369495334121197
4331365978,4242257713,480.717,700,867.7057938489796,50.65370741776982,9.490262894979326,105.66896286192977
4331365979,4331365978,18.578,700,0.0,2.2293600000000002,8.333333333333332,0.0
4331365979,262725485,425.661,700,1032.413607878582,41.13783027807949,10.347191310836237,105.59766446255594
197675237,4331364543,80.071,700,0.0,9.60852,8.333333333333332,0.0
4242257713,197675237,9.957,700,1453.74346675447,2.1019881842450037,4.736943848985705,6.154894313947036
4331364543,262724326,4.914,700,1595.0560884623176,1.304753067607884,3.76622988824181,3.937335631144737
262725498,4331364543,27.838999999999995,700,1595.0560884623176,7.391742093841242,3.7662298882418126,22.305959836271533
197681807,308131943,85.139,700,1303.9601592112667,8.98088033442018,9.480028330151079,28.143525105190232
316809318,197681807,8.829,700,0.0,0.79461,11.11111111111111,0.0
316809684,197681807,831.818,700,1303.9601592112667,112.05745783521928,7.423138237021137,326.5148786844254
308131943,605674969,556.449,700,1303.9601592112667,93.70177784525872,5.938510589616909,259.283693547363
308131943,308131942,7.976000000000001,700,0.0,0.71784,11.11111111111111,0.0
257943348,4318884466,85.891,700,1900.1194017275611,10.981627925022835,7.821335833486764,47.2610368660149
262727881,257943348,36.463,700,179.5074118854189,2.625498227140782,13.888030707112268,1.3764809518859555
1273829669,257943348,50.73,700,1720.6119898421427,5.557749664855884,9.127795071589548,22.680927927543962
4318884466,1273747222,33.203,700,1900.1194017275611,4.245182754823356,7.821335833486772,18.269762921170916
4318884466,4318884467,14.188,700,0.0,1.7025599999999999,8.333333333333334,0.0
257943466,2990330560,429.379,2000,1578.4014396807534,39.22945554430515,10.94532141836804,157.81935708184636
257943466,5049772071,35.104,900,1209.7244154806576,3.905363965938954,8.988662850930991,11.14835922222489
316802651,257943466,43.74,900,2788.1258551614096,30.164711449007914,1.450038733967023,101.81142876424367
2990330560,2990330645,128.33,2000,0.0,11.5497,11.111111111111112,0.0
2990330560,316808124,58.91599999999999,2000,1578.4014396807534,5.382756499149426,10.945321418368042,21.654727506082196
5049772071,309581490,6.989,900,1207.3137011948097,0.776354627109564,9.00232929121664,2.2128904179732993
5049772071,4331322486,12.124,900,2.410714285847945,2.18232000013002,5.555555555224563,0.010999184503729123
257943483,607232820,150.259,700,600.9818800608222,14.054809218603431,10.690931314891985,21.2998899674498
257943483,593898341,415.98,900,27.54739135229284,24.95880031302341,16.66666645763992,2.3138157936139803
257943483,7792325685,194.931,900,0.0,17.54379,11.11111111111111,0.0
7792325687,257943483,532.765,900,176.64709331253542,31.969331698746405,16.664877608964563,19.00309815280352
7792325790,257943483,802.519,2000,472.2581411025872,72.23547747991628,11.109762515560659,87.5598142086474
593898339,607232820,410.811,700,1742.3536397397995,34.71142339087038,11.835037571753666,160.25805765789084
589643195,607232820,202.69900000000004,700,801.4495976337053,14.707709734249583,13.781819444531084,34.246717957361994
593898339,593898341,160.366,700,1192.1941171539977,23.217435383667006,6.907136699207279,60.78335920356289
593898341,316802651,769.278,900,1202.7743757314067,48.26047022347923,15.940126493540426,188.13942385169207
7792325685,7792325686,5.777,700,2731.896212841894,9.245137744094539,0.6248690024862139,16.47967752199606
7792325685,7792299884,7.489000000000001,900,143.21515363599582,0.67451019397095,11.102871486509422,0.24787004225178094
7792325745,7792325685,715.274,2000,2875.1113664778886,50.07295373846777,14.28463764562189,428.85475644241444
309581255,7792325687,1183.254,900,176.64709331253542,71.002861692995,16.66487760896456,42.20527230898691
7792299884,7792325687,334.067,900,146.2084521657052,30.09026718758757,11.102161304097852,11.288386133662156
257946205,4344656891,35.272,2000,8026.595108983405,4.76310564651867,7.405252500704057,85.3802319355548
257946205,4344656898,44.653,2000,0.0,2.6791799999999997,16.666666666666668,0.0
3782679262,257946205,792.187,2000,8034.489483221731,107.25739191290464,7.385849924854347,1923.2553938712886
4344656891,6129187660,1582.046,2000,8026.595108983405,213.63836004911198,7.405252500704056,3829.5377186640035
309581559,4344656891,42.285,2000,0.0,2.5371,16.666666666666664,0.0
4344656898,309581576,814.4190000000001,2000,7585.229147823208,95.13181281108227,8.560953228309817,1676.809412339462
309581559,4344656898,34.535,2000,7585.229147823208,4.034013395353895,8.560953228309822,71.1042019588729
257946384,589642824,97.76,700,1701.374968318601,31.009904306578942,3.1525411698629338,94.07853549651544
257946384,2397205844,1307.789,900,1609.2630253672758,107.91419011828117,12.118786218629596,466.1253702314776
605674969,257946384,1490.911,700,1060.1879704349165,247.00798033945847,6.035881909366122,557.7362413551334
4331322486,257946384,118.128,900,2250.450023250961,22.09385759678929,5.346644400259306,103.05466588153672
593898339,589642824,758.46,700,4.076574446024034,54.609120000283994,13.88888888881666,0.650212163402791
589642824,316802651,163.762,900,1585.3514794300036,20.00277277369863,8.186964969942986,72.7312293500686
316802454,589642824,1219.647,900,1396.5598282333815,124.64452875173922,9.785002295842702,423.2589688000804
2397205844,316802214,26.28,900,2072.646339672777,2.210536363160106,11.88851739241739,12.169694812309155
316802454,2397205844,36.658,900,463.3833143054997,4.4213218544285455,8.291185579100537,4.71594910964545
257946400,257946401,57.401,900,3676.911803329709,7.781962777426591,7.376159670990084,63.83837396238514
257946400,4346609885,378.198,700,591.5131433958884,35.29325273460382,10.715872601597582,52.69849202707167
592287545,257946400,440.31899999999996,900,4268.424946725597,86.85093978048214,5.069824242695784,758.9780347412761
257946401,331596103,149.151,900,1274.847819832397,13.866306951218911,10.756360761715936,44.69873893915682
257946401,548746518,118.42,900,2402.0639834973126,8.735212171967802,13.55662549102379,60.29105269434443
4346609884,4346609885,10.026,900,4.051137454008562,0.9023400000267959,11.111111110781154,0.009383116983518186
4346609885,746786918,331.065,700,361.1297982594803,29.948530366987875,11.054465642993,27.694021510048948
331596103,2166218025,45.087,900,1317.7053122335842,3.604452539302128,12.508695705764369,12.980094671083418
548746518,331596103,73.454,900,42.8574924011882,5.288689967212206,13.888883722696141,0.6620172227297922
548746518,331596292,112.57900000000001,900,2361.922817377709,8.203337389545167,13.723560869686711,56.13164171838509
548746499,548746518,21.779,900,2.7163262815838625,1.5680880000094082,13.888888888805559,0.012440759671864714
257946454,472198472,430.23,900,1213.5270093831534,47.97912737912603,8.967024277043802,137.28472541372045
316629607,257946454,15.960999999999999,900,1934.3539093858324,2.923106049097518,5.460287698055913,11.77558180853988
4035032465,257946454,1311.396,900,26.6775032953827,104.91168115727285,12.499999862113441,7.64562560312955
472198472,4035032467,1031.989,700,2150.685404171829,140.75867421337665,7.331619211158552,674.3866403935966
472198453,472198472,193.825,2000,937.158394788677,11.651391331422131,16.635352335757684,36.68690138104017
263405660,4346222710,163.074,700,1502.2825550470266,10.72285859108349,15.208071487168816,50.28365773772054
263406768,263405660,453.01699999999994,700,55.45843489408011,32.61731695902229,13.888849305696517,5.283351752611638
257946515,472199365,29.019999999999996,700,327.86739599095904,2.0967143960958903,13.84070241232455,2.0030755236697173
257946515,4269214022,24.313,700,202.80512193462656,1.751428197162564,13.881813733151468,1.0370835837645578
263406768,257946515,8.219,700,21.857870404232045,0.739710010048512,11.111110960173402,0.04150202445014501
472199365,4269214022,21.274,700,1330.9612505397483,2.483242404243138,8.567025097368237,7.681873048690665
472199365,472199488,18.997,700,327.86739599095904,1.372545947023902,13.840702412324546,1.311248301969455
5667518743,472199365,16.473,700,1330.9612505397483,1.92283783609557,8.567025097368246,5.948269941293659
4269214022,472199198,118.253,700,1533.7663724743754,18.92489765812801,6.248541056136797,62.299186877057544
257946570,7185511955,43.029,700,715.729151517995,4.178787098143464,10.297006999738457,7.421236093442082
1830390037,257946570,38.716,700,0.0,2.32296,16.666666666666668,0.0
7185511955,1830390037,13.656000000000002,700,0.0,1.63872,8.333333333333334,0.0
7185511955,6129215359,184.535,700,715.729151517995,17.921227013314375,10.297006999738453,31.826856364389936
257946605,257946633,390.872,700,729.3806639711883,38.17811331801342,10.238117236023198,68.9311364793096
257946605,1856633151,100.683,700,49.44608165307976,9.061470417772897,11.111110598840932,1.1500864623171405
4119489658,257946605,37.704,700,49.44608165307976,3.393360156448548,11.111110598840938,0.4306870074908915
257946633,1830374069,50.038,700,1180.9582643753874,7.1425134321714365,7.005657108689211,18.584928570391675
257946702,257946633,126.673,700,451.5776004041988,11.543403555242286,10.973626573288527,13.302041267549658
1856633151,1333868903,21.131,700,3178.3612807908958,48.29922277344647,0.4375018641421538,74.04103935468268
315564780,1856633151,26.403999999999996,700,1779.6187738744525,7.6460114989057315,3.453303726234108,25.042891574341798
1856633142,1856633151,81.482,700,1349.2964252633617,19.54226154458725,4.16952765748694,51.37756277955405
1830374069,563839256,21.02,700,705.5312657494549,2.0330259137536624,10.339268111536207,3.5651591785786687
1830374069,1830374075,504.09800000000007,700,475.4269986259322,45.50676371754411,11.077430228369685,55.45405030360039
257946702,316811913,255.845,700,986.5143040024326,29.59668140340943,8.644381324810544,68.04902096163609
888357873,257946702,39.854,700,1438.091904406631,8.208914973965356,4.85496562291086,23.921131994122995
316811913,888357935,227.50499999999997,700,473.4631879780163,20.494824587262492,11.100607328027294,24.89630171246499
316811913,315564780,216.05500000000004,700,513.0511160244167,19.850854150540055,10.883914533930627,25.890628975959785
258069478,8088553083,498.521,2000,714.2156088795,29.930253770699316,16.656089982372112,71.8995927980531
258069478,315562867,359.119,2000,6317.559060619356,78.9817061992075,4.546863030462153,994.778440315102
315561768,258069478,381.984,2000,7031.774669498854,119.74894689071854,3.189873563970412,1507.8901885391256
8088553083,393867304,701.995,2000,10299.849364059352,85.81597560025493,8.180236780969658,2026.7633446820746
471580193,8088553083,211.18,2000,10909.93285657992,30.038008003597128,7.030426251125263,722.6579471262187
315562867,315562090,130.281,2000,9440.01155947329,28.30548426490933,4.6026769505410305,534.3621280269175
315561471,315562867,244.41900000000004,2000,3122.452498853929,27.100644186010193,9.01893690505605,199.90269416315692
6128880544,6128880536,309.122,2000,5108.923323540554,15.35592683582043,20.130468405131886,315.0663888020289
6128880544,5005642847,189.477,2000,3652.112140355657,32.608516047972174,5.810660004314517,251.4975178401459
258310049,308132236,70.43,2000,5108.923323540554,6.736295810746764,10.455300951546599,85.94510473315631
309581746,258310049,156.159,2000,0.0,18.739079999999998,8.333333333333334,0.0
6128880536,258310049,1578.873,2000,5108.923323540554,94.3823262068826,16.72848152247454,1627.9278354015262
308132236,308132128,74.711,1200,1141.0717063808156,5.442033283670508,13.728508464690867,17.99414998786982
308132236,308132402,114.075,2000,3967.8516171597344,16.477067612506627,6.923258596900664,143.64705968279313
258310168,1273552587,399.141,900,0.0,28.738152,13.88888888888889,0.0
258310168,3974728986,615.327,900,1141.0717063808156,52.58461394838738,11.701654795905759,158.0482092358766
1273608951,258310168,59.352,900,1141.0717063808156,4.431123582644214,13.394345450546536,14.414029677966107
1273552587,308132027,422.51899999999995,1200,0.0,30.421368,13.88888888888889,0.0
1273608951,1273552587,69.161,1200,0.0,8.29932,8.333333333333334,0.0
3974728986,258310179,42.427,700,0.0,3.054744,13.88888888888889,0.0
3974728986,1838048190,16.813,900,1141.0717063808156,6.038556633196237,2.784274624100163,11.714019283249847
258310179,3827052316,1871.409,700,0.0,112.28454,16.666666666666668,0.0
1838048190,258310179,43.546,700,0.0,5.22552,8.333333333333332,0.0
347935649,3827052316,147.839,700,0.0,8.87034,16.666666666666664,0.0
4332629633,3245705889,21.763,700,550.9495757646858,5.6572740074437435,3.846905766163106,5.934572189503272
262572477,262572480,67.236,700,1723.8937749847298,14.768349039964518,4.5527092986530295,50.77325261866447
262572490,262572477,69.548,700,583.5129048145558,4.318631110215671,16.104177047093703,8.237206860679123
262572480,262572490,11.326,900,2018.9814313994552,1.924514111416074,5.8851218251999375,8.228933792880774
262572480,391030304,137.579,700,98.1961231614616,8.254971235698191,16.666199805160655,2.727872109029421
262572934,262572480,432.3949999999999,900,393.283779576188,31.214557087316322,13.85235096530326,35.79093191144
4069147651,262572490,139.083,700,193.5651435248212,8.348509458100787,16.659620582335684,5.436284875508853
4069147651,391030304,14.513999999999998,700,0.0,1.7416800000000001,8.333333333333332,0.0
391030304,4069153832,422.52500000000003,700,98.1961231614616,25.352210158260924,16.666199805160648,8.377689639172077
262572801,262574563,15.179000000000002,900,2957.1120831769545,10.306778314998565,1.4727201397076048,37.255711011843545
262572801,6128881830,182.163,900,2347.3580406781493,18.156811875497016,10.032763529693925,104.64261357280218
262572974,262572801,88.948,900,3380.108240149952,10.137376123656203,8.774262581856291,80.23219247760333
262574563,262573427,89.813,900,2503.908051573909,6.84840137563641,13.114447456236286,48.227167174767054
262574563,262573104,41.571,900,3239.7706530616365,39.3491269771654,1.0564656243612207,124.72095178551183
262572934,262572937,313.488,2000,1157.2460831034018,16.19280468279727,19.359709830443386,72.41238803228812
262572974,262572934,115.88,900,1550.5298626795884,22.76708506286538,5.089803972710056,72.3394306129346
262573215,262572937,858.2990000000001,2000,7090.68826587221,85.68853355301933,10.016497708750402,1490.8070071237298
262573427,262572974,14.156,900,2677.103413773982,11.318798780735214,1.2506627491332163,33.32166078688751
4266807052,262572974,770.35,900,2253.534689055559,72.18236533304992,10.67227426595956,409.8731829670213
262573104,4081637710,267.284,900,771.0193589961153,19.99427802382346,13.368024575907539,43.89088440931641
4081637710,4081637716,43.845,900,0.0,3.9460500000000005,11.111111111111109,0.0
262573265,262573215,242.88,2000,8439.3964933802,37.656213280637054,6.449931600660698,686.9640228773856
262573256,262573265,226.68500000000003,2000,453.7538576915097,10.20188029954779,22.219923518417293,20.56124094085207
262573256,262573260,247.606,900,731.2796388995404,17.86276407822939,13.861572538024777,38.101309618577105
2833179737,262573265,735.241,2000,7985.642635688692,97.94567608221266,7.5066202961615245,1752.7386618120856
262573260,4347713105,151.709,700,1286.094836427668,16.60543189817442,9.136106843248005,50.66816515905669
262573321,262573260,57.874,700,2225.3231311945324,29.127982005727777,1.9868866984544127,94.1429044409946
262573426,262573427,30.524000000000004,900,2059.6323035565124,6.5581543698636,4.654358265835523,27.088202446583978
262573426,3247349601,35.48,900,360.7289182262856,4.265548495485972,8.317804858518617,3.545155335105565
262573427,3247349601,15.386,900,1886.4369413564384,1.177771109376804,13.063658870135828,6.233455400010447
3247349601,4266807051,754.319,900,2247.165859582724,70.39408914596154,10.715658220052054,399.30940935033044
262573448,262573467,15.880000000000003,700,352.4998242230127,0.9572321197132021,16.589497649491573,1.1310063977521565
262573448,3261271969,70.377,900,2164.003025110169,6.239335589324964,11.27956638851255,34.910120404831815
4876522724,262573448,11.068,900,2516.50284933318,3.6004200171716283,3.074085786439621,16.00757028156981
262573467,262573449,13.354,900,645.3057886755173,0.81655867150209,16.35399937084107,1.7448057791551561
262573467,4069153852,33.333,700,1006.1444693736764,2.617485947208318,12.734738857166107,7.274009358661542
3261271964,262573467,126.55600000000001,900,1298.950433826181,9.976779809052113,12.685054939788634,35.71039399350709
3261271969,3261271967,25.038,900,415.28149555729294,2.260809391918098,11.074794756915557,2.406196280395175
3261271969,370967339,34.163,900,1748.7215295528754,2.467245970453908,13.846612947842775,12.575340388190439
262573449,4876522724,10.884,700,1612.7938719445588,1.984197234249522,5.485341785649967,6.671369653162642
262573449,4266807052,793.31,900,669.3228029915342,58.38222417031284,13.588211330999536,112.4559350995797
4069153853,262573449,33.921,700,1636.8108862605754,6.4366315448578435,5.269992505179068,21.764469707573454
4266807053,4876522724,797.054,900,903.7089773886224,61.608066935082576,12.93749405966379,155.26468975595373
4266807052,4266807051,15.362000000000002,900,1744.8456757344918,2.236392245466564,6.869099117625999,8.55788676516989
4266807053,4266807052,6.473000000000001,900,2736.424201969967,0.862645736063154,7.503659647749206,5.289254857204499
262573451,4069153843,84.937,700,1636.8108862605754,16.117100720072834,5.269992505179069,54.497472466972276
4069153837,262573451,14.114000000000003,700,1538.1216851938773,6.82461914942754,2.0681007527260924,15.566359103429026
4069153832,262573451,72.577,700,98.68920106669844,4.354744452295182,16.666190357449807,1.4462593990695018
4069153842,4069153843,16.458,700,0.0,2.96244,5.555555555555555,0.0
4069153843,4069153853,117.369,700,1636.8108862605754,22.27118916861001,5.269992505179069,75.30656658436335
4069153837,4069153831,73.818,700,194.058221430058,4.430972412579829,16.65954854298477,2.892647955096215
4069153842,4069153837,83.518,700,1006.1444693736764,6.558281322981558,12.734738857166109,18.225503663537456
4069153852,4069153842,117.629,700,1006.1444693736764,9.236860003125047,12.734738857166109,25.669290098400918
4069153853,4069153852,14.558,700,0.0,1.74696,8.333333333333332,0.0
4266807074,4266807075,13.356,900,1163.2895795956274,1.1557905389424241,11.555727054333788,3.5186206156671873
4266807074,263630434,535.575,900,956.7574212153776,35.10326035815214,15.25712980890169,105.10024933551138
4266807070,4266807074,318.739,900,405.0202813735002,23.01729606991471,13.847803800752043,27.173355811541114
262573992,262573993,15.643,900,899.4577894409574,1.2075737977318441,12.954073721524813,3.031407554365758
262573992,263922796,553.484,700,1360.455433730065,67.48327060297073,8.201795719954847,210.6729013957529
4266807070,262573992,6.885,700,1013.2371436333782,0.54428183981556,12.649696345432194,1.5171342851390224
262573993,4266807067,6.535000000000001,700,960.6970594923604,0.739091291564478,8.841938843802343,1.6666151356429442
262573993,262573995,285.73,900,629.184640104528,20.928025144859333,13.652984360551834,38.01469741979212
263922828,262573993,553.492,700,690.4239101559307,53.224569631628725,10.399182254187492,91.55971594426035
263922796,263923083,112.913,700,1376.2737808598235,8.221297261492554,13.734207194875344,32.79625130291898
263922828,263922796,16.82,700,15.818347129759116,1.009200003760368,16.6666666045652,0.053723332496862106
4266807067,4266807070,15.44,900,409.0647441217989,1.115111975924712,13.846143107911926,1.3294961746636884
4266807067,263635133,87.684,700,929.9874048845272,9.670024681094688,9.067608707496474,21.282475342891235
4266807061,4266807067,286.294,900,378.35508951396537,20.659741545563932,13.857578971575911,22.795361528820493
262573995,4876429043,16.471,900,889.2361022943293,1.267667512688664,12.993154620698428,3.1519740704736554
262573995,263922941,537.978,700,1411.4967749695134,70.88064761296391,7.589913722819952,224.8290893344427
4266807061,262573995,5.635,700,1671.5482371593148,1.133334002153886,4.9720558893413225,3.860703494530554
4876429043,4876429042,5.207,700,236.68934687643187,0.31271541176532003,16.650922225437476,0.24888484445219322
4876429043,262573997,115.48200000000001,900,1778.8219791577783,17.493230752374977,6.601524991849863,67.62067042209364
4346241084,4876429043,538.571,700,1126.2752237398806,47.97983901710491,11.224943872946268,139.38992328346214
263922941,4346241075,16.114,700,1398.2516387297662,2.0802883408038957,7.746041586606687,6.571314762339349
263922941,263923079,27.387,700,13.24513623974655,3.2864400304737242,8.33333325606197,0.10034525730273483
263922941,4346241084,22.834,700,0.0,2.74008,8.333333333333334,0.0
262573997,262573998,13.881,900,2121.0661452780587,3.229747673666628,4.29785896687135,13.458268345679597
4266807058,262573997,5.311,700,342.24416612028193,0.383972618745798,13.831715441970223,0.38273954054077686
262573998,4266807055,5.56,700,582.4737177752911,0.345169257645582,16.108039394716254,0.657322532701785
262573998,4266807042,699.226,900,1538.5924275027685,81.45002111205879,8.58472460109011,291.4538427698202
4266807055,4266807058,13.576999999999998,900,1733.9839187179548,1.9518891176145419,6.955825450060827,7.444606933456926
4266807055,4347538934,492.60800000000006,700,582.4737177752911,30.581499580985035,16.108039394716073,58.23783060956138
4266807051,4266807055,699.104,900,1733.9839187179548,100.50625982770855,6.955825450060815,383.33611884860255
4266807042,4266807053,15.169,900,1420.2214536892334,1.582070843179464,9.588066214225332,5.422034445849641
4266807042,6302855149,548.557,900,2376.398590412795,55.77369008018673,9.835408042955931,322.9038290587049
4266807051,4266807042,6.283,900,2258.0276165992623,0.59041542728781,10.64165960036343,3.3549751614147274
262577623,791160066,598.532,700,1555.842468561238,59.81143798101655,10.006982279709895,228.24272790416123
262577623,582805030,18.169,700,1407.862156038117,3.570687778138722,5.08837544162735,10.30080065434429
888357935,791160066,13.148,700,618.3273317664032,1.186577092651614,11.080611686694958,1.8808189674436326
582805030,582805019,17.373,700,1908.141233301965,7.80858533841966,2.2248588248785195,22.91656717346895
582805030,888357873,510.3879999999999,700,963.474612995454,57.86046353262081,8.82101471088719,130.7510589457604
4336038838,582805030,288.822,700,1463.7536902593035,61.945636627871174,4.662507574747411,181.91861093704307
262725484,1273652563,501.08799999999997,700,987.379296063612,46.40967659982506,10.797058646211054,116.06698002190119
262725484,262725485,9.043,700,1148.6801534892263,1.24076947945221,7.288219246005642,3.170380009391751
1273652563,4318884467,33.786,700,987.379296063612,3.129185559426066,10.797058646211061,7.825848926775243
1273652563,1273747222,17.605,700,0.0,2.1126,8.333333333333334,0.0
262725485,262725498,8.592,700,2181.093761367807,6.045678584147652,1.4211804151363665,15.761437635456316
262725498,4242257713,63.17700000000001,700,586.0376729054913,11.891827680699997,5.312640049648043,14.423401199550586
262728119,262727035,507.49699999999996,700,1496.8226161073726,76.50093929614931,6.633866259280622,249.11463292449412
262727870,262727871,23.06,700,0.0,1.66032,13.888888888888888,0.0
262727870,262727871,672.408,700,983.708047416923,103.45319863539352,6.499634703126087,220.3690253046124
262727977,262727870,15.356,700,18.302216924695543,1.2284800615295282,12.499999373926263,0.06142084676285387
263376306,262727870,330.584,700,965.4058304922272,33.36798699841198,9.907220355118602,78.70147879651812
262727871,262727976,17.451,700,434.7649556750434,1.411108046908848,12.366877248151123,1.6655993907770372
262727871,4077392847,525.23,700,548.943091741879,38.85114322258088,13.519035900460409,61.16854005125488
262727976,262727977,22.151,700,229.5978004566516,1.773563659326774,12.489543233203303,1.111851192722266
262727976,3743408663,24.963,700,1183.171831899771,3.176144143425906,7.859529943459679,8.522538316618691
262727965,262727976,713.673,700,978.0046766813794,65.54792394519231,10.887804785346603,162.9948703901678
4077392847,262727877,181.313,700,548.943091741879,13.411681227492348,13.519035900460409,21.115799749277794
4077392842,4077392847,28.026,700,0.0,3.36312,8.333333333333334,0.0
262727877,262727878,11.673,700,1948.3691319638776,4.489457639120814,2.6000913558649734,14.450561446948491
262727965,262727877,13.267,700,1399.426040221998,1.715829515292228,7.732120167976279,5.422032734137155
262727878,262727964,13.277,700,43.63725779812295,0.796620870272226,16.66664845908808,0.11698584663920573
262727878,262727880,99.059,700,1904.731874165754,12.719148182698362,7.788178781873793,54.80969321292885
262727964,262727965,11.868,700,978.0046766813794,1.09002689100126,10.887804785346605,2.7105174523773625
262727964,4343185658,27.996000000000002,700,1364.5229529178075,3.434225092399326,8.152057377357451,10.734712345796105
4343202095,262727964,111.518,700,2298.890371801066,75.59473902474582,1.4752084793029678,212.65165431913547
262727880,4343202098,9.593,700,1318.1192508118477,0.814779727375182,11.77373427159744,2.8379947040800024
262727880,4343202101,15.186,700,586.6126233539072,1.1010973183750021,13.791696470945435,1.8775276108381753
4343202098,262727881,40.354,700,1318.1192508118477,3.4274597225579218,11.773734271597423,11.938334023605183
4343202098,4343202101,11.421,700,607.7547391417024,1.426854300833556,8.004321109259685,1.976422221310543
4343202095,4343202098,14.532999999999998,700,607.7547391417024,1.8156443003252039,8.004321109259651,2.514958772638665
4343202101,316808063,342.698,2000,1194.3673624956095,24.698460152069124,13.875277968342909,86.10133792307167
262727881,4343202104,14.498,700,1919.2658148791545,5.311176069892764,2.7297155675527667,17.1895103063573
1273829669,262727881,39.071,700,714.3150951969823,3.033770392373466,12.878693818826829,6.026476964782661
4343202104,4343202095,29.339999999999996,700,2906.6451109427667,47.541645446370424,0.6171431326056462,89.2472351639268
4318884467,4343202104,130.578,700,987.379296063612,12.093849286057452,10.797058646211054,30.245773431612438
262727920,262727921,30.103000000000005,700,1633.1892423399338,7.570262789233896,3.9764801880868923,23.77036536016989
262727920,3990727157,24.568,700,875.1377727078542,8.463021505997208,2.9029821066377077,12.80245678585576
5726890842,262727920,13.465,700,1207.028422442164,13.611600642310536,0.98922972792378,15.328134003761384
316801728,262727920,1093.671,700,1301.298592605625,163.0826867278113,6.7062360937513965,462.8376613180877
262727921,4143633102,56.482,700,1891.9548312054408,21.961400958899173,2.571875997606265,68.31870691254619
3990727157,262727921,36.784,700,258.76558886550765,3.3150319986969237,11.096122153408803,2.200468796333636
3990641396,3990727157,515.55,700,255.74646709511575,46.459303415421935,11.096808649715262,30.480078052856754
4143633102,263376306,103.55800000000002,700,1663.1480917874935,27.381916763633885,3.781985055828382,86.26677643225821
4143633102,4143633106,17.575,700,228.80673941794743,1.583056132413192,11.101943664631069,0.9293823264967539
4343185654,262727965,27.637,700,1399.426040221998,3.5743107193888144,7.732120167976265,11.294845758147947
4343185658,262728119,578.464,700,1364.5229529178075,70.9592650324934,8.152057377357446,221.80470932985406
4343185654,4343185658,15.129,700,0.0,1.81548,8.333333333333334,0.0
262727977,1425922063,331.771,700,1578.929097750725,76.24129636869527,4.351591798696453,237.27699066283418
4343012536,262727977,15.079000000000002,700,1367.6335142187686,2.4778176680257378,6.085597094000288,7.230484843781027
3743408663,262728310,172.221,700,1183.171831899771,21.912379142128465,7.859529943459679,58.79742304315938
4343012536,3743408663,26.253,700,0.0,2.36277,11.111111111111112,0.0
263376306,1425922063,12.711,700,697.7422612952673,1.634241896172726,7.777918330063759,2.578845377249403
1425922063,263374582,10.567,700,2276.67135904599,7.687897307307569,1.3744980685363422,20.47941592248006
262727986,5726890842,72.304,700,2420.023585322236,65.55728764900822,1.1029132319676416,160.02171630628345
4143633106,262727986,15.193,700,1968.0680124065236,6.70917923791941,2.2645094818947653,20.482604967994963
1428403905,262727986,450.53100000000006,700,451.9555729157131,32.84600106372003,13.716464269911777,42.99105334958696
5726890842,316801728,1096.053,700,1212.9951628800725,144.87579869724604,7.565466488232966,394.58513372397226
1943098980,262727999,8.894,700,713.5217601019812,0.804366813282828,11.057144393739092,1.4697999947030609
606182822,262727999,41.425,700,1587.4614014905271,4.174082635544034,9.924336343331838,16.199388053728843
316801727,262727999,72.942,700,651.8174817080975,6.921804736652939,10.538003132875334,11.30547384168671
1943098908,1943098980,5.773,700,120.85829814122224,0.519572087392392,11.111066471975631,0.16118380255712314
1943098984,1943098980,72.215,900,847.8420875810941,6.86962641320019,10.512216481122866,14.579119710982487
606182822,316809217,69.579,700,1172.8807788927677,9.832455820719911,7.07646200183034,25.47017420356108
4332962444,606182822,496.147,700,1781.6179674218886,144.1590402917461,3.441664143961474,472.1627453263451
316809277,606182822,69.585,700,1336.2963111935635,12.27914186792466,5.666926952099853,34.45885140390965
262728226,262728119,14.117,700,1440.5241282023385,1.945899135926334,7.254743958391082,6.228328634115373
262728226,4343185654,570.481,700,1399.426040221998,73.78066915756602,7.732120167976257,233.14740756789845
262728310,262728226,669.933,700,953.7433366735984,100.43265594579029,6.6704698157300975,208.64903303252277
262728323,262728324,22.352,700,422.3762134512425,1.624775950085412,13.756973691557283,1.9914015266333762
262728323,262729545,398.689,700,1261.9317930106497,50.63791887050341,7.873329095920575,144.9896847215529
262728310,262728323,9.76,700,768.8239452719971,0.862990459247562,11.309510893677441,1.7177212855314932
5728765654,5728765650,12.715999999999998,700,0.0,1.52592,8.333333333333334,0.0
262729474,262729477,110.746,700,982.6732726149096,10.213831756247785,10.842747623315494,25.471079410356317
262729545,262729474,109.492,700,1263.6567056031931,13.939696741075716,7.854690244254954,39.94217340596408
262728324,262728310,22.41,700,539.3954500458238,2.068338417102618,10.834784005700822,2.8303029618451885
262728324,4343012536,180.28,700,1367.6335142187686,29.62404509438539,6.085597001544135,86.44550852369935
262729544,262728324,403.10799999999995,700,1484.6527508133506,71.50798900183729,5.637244252381965,222.68900973051544
262729545,262729477,13.540999999999999,700,1611.24430401615,2.954668166649654,4.5829173485002075,9.51022955369345
262729544,262729545,21.491,700,1612.9692166086943,4.70284739973165,4.569784680069845,15.142315960716376
262729477,262729478,22.202,700,1319.8840458383447,3.0601887362668863,7.255108071237511,8.974700909767032
262729478,262729544,13.388999999999998,700,1354.0370148927957,1.9402936358191378,6.900501940958816,5.7679769867924255
262729478,4264725536,452.166,700,1234.646959844424,55.347597417039324,8.169568709423258,156.63373200401006
262729963,262729478,325.621,700,1268.7999288988735,41.75063366090502,7.799187017008297,119.89039062609993
263375075,262729544,450.739,700,1743.5849525292508,122.81902873191319,3.669944345382047,401.9195626271654
4264725536,263377071,16.578,700,143.30951313237335,1.193767683670314,13.887124125382499,0.4996333826321982
263375075,4264725536,7.249,700,469.4879713367209,0.529567810565316,13.688520819008353,0.71903361659524
262729979,262729963,20.614,700,863.2951634584891,1.732581990078186,11.897849636004675,3.9745936905238732
4143749867,262729963,99.663,900,2157.8561378754925,24.329231731120554,4.096430216187913,101.79073377870341
262729979,4143749864,98.998,900,1629.5748643487327,12.669676096292202,7.813775131076311,46.75021839711329
263110071,262729979,253.85900000000004,700,1020.9601291499304,24.261058812553692,10.46364060041117,61.87813902032909
4143749864,4143749865,17.378,900,1629.5748643487327,2.224021002458286,7.813775131076328,8.206481901705427
4143749864,4143749867,23.009,900,0.0,2.0708100000000003,11.11111111111111,0.0
263109773,263109774,20.03,700,1367.846382910513,2.9631867986308382,6.7596143480576405,8.855945682280707
263109773,1425922040,276.934,900,1345.2420315492448,27.13882075833559,10.204349056505734,90.25043449855036
263110071,263109773,25.385,900,1377.2410257584977,2.55273285312735,9.944244643109,8.601796653431608
262730000,263108229,22.692,900,0.0,1.36152,16.666666666666664,0.0
262730000,4214544488,282.092,900,3015.9504947946466,56.908114054564464,4.95697326622923,349.52165579401395
7567382963,262730000,21.624,900,3015.9504947946466,5.452924304464062,3.965578612983387,31.59349977206946
263108229,4143720013,5.971,900,1452.0808473761304,0.47153888922978,12.662794387443075,1.88479845989546
263108229,1425922094,41.371,900,1650.3268482576868,3.45992746502175,11.957187085059292,15.213928580324104
4214544492,263108229,327.844,900,3102.4076956338167,71.2288276248439,4.6026870149643075,441.92386961278237
4214544488,4214544492,47.501,900,0.0,8.55018,5.555555555555555,0.0
4214544488,262730858,72.418,900,3015.9504947946466,14.609318249377681,4.956973266229232,89.7283838935202
7567382963,4143720013,23.51,900,0.0,2.1159,11.111111111111112,0.0
262730859,262730858,16.305,700,846.7042244003363,1.481651831350698,11.004609622178307,3.205545530076674
262730858,4214544487,42.682,900,2698.108491032476,6.6199807175762455,6.4474508039997795,38.60684773090257
263111215,262730859,657.742,700,332.7955552915277,59.21045295188691,11.108545319429771,50.57408891156551
262730859,4214544492,40.556,900,3102.4076956338167,8.811374718320815,4.6026870149643075,54.6682704457486
4214544483,262730859,43.812,900,2160.876528515292,4.652342493186024,9.417191460897067,24.102696415170623
4214544487,4343596321,890.577,900,2698.108491032476,138.1285452302353,6.447450803999776,805.5473181117103
4214544483,4214544487,19.483,900,0.0,3.50694,5.555555555555555,0.0
263111216,263111215,13.236,700,670.9168416883375,1.195784940223692,11.068879992353793,2.055589799522677
263111215,4337670312,818.542,700,1481.6296250346718,144.50200156734977,5.6645720552077785,449.5760130641685
263109777,263111215,279.913,700,1061.8387657548828,27.872788352317666,10.042518762810639,72.69362613606836
263108212,1426686853,99.483,900,4660.379067755231,67.2909779628464,1.478400270165904,384.25654667054613
263108212,263122103,970.058,700,2265.462454838388,149.4435283820298,6.49113421305333,732.9014774523391
263108208,263108212,211.284,900,3809.664596342853,70.83324107880982,2.982836826073272,471.38026404536276
262909454,262909616,23.901,900,3982.1628315752096,9.287764939722317,2.573385540559835,60.82888023202988
263108208,262909454,16.002,700,633.757033180039,1.1632053213390061,13.756814645224921,2.1391521272587823
262910067,262909421,23.808,700,1599.766880212664,8.494700480406948,2.802688576826602,23.164573601650265
262910068,262909421,19.097,700,2785.676752223237,6.3025176911767495,3.030058928154215,30.85162310267932
262909616,263108207,16.82,700,305.3796958633,1.2116667988621679,13.881704125090371,1.0803476073347826
262909616,262909976,337.821,900,3676.783135711909,100.94466505313258,3.346595878268423,675.8972160267253
263108207,263108208,25.111,900,3112.907357245785,4.587798657788358,5.473431131806746,29.75832862236578
263108207,263116938,392.105,700,305.3796958633,28.24617182924203,13.881704125090353,25.184881009156044
263108204,263108207,331.511,900,3112.907357245785,60.5673099773835,5.473431131806743,392.8642140866199
262909976,263105813,125.44799999999998,900,2638.759288749175,47.76246588687392,2.626497557666419,209.1167192123669
262909976,262910067,519.473,700,3289.855504147478,99.91884754885082,5.198949074608041,676.9495538984926
263108204,262909976,17.309,700,2251.8316571847417,1.541369839052586,11.229621575208128,8.954856803679851
263105813,1273463215,62.217999999999996,900,2634.1510348141114,23.54954681464612,2.642004132381218,103.18459567921329
263105813,263105814,16.617,700,4.608253935062,1.1964240001625521,13.888888887001876,0.01610334333524862
262910067,262910068,26.409,700,1690.0886239348144,2.741972786278686,9.631386617750286,11.201415621027254
262910049,263104602,17.734,900,16.975540306553174,1.276848002309214,13.888888863770461,0.06330781732321981
262910049,475735682,444.524,700,1770.8135616710565,50.73531262883628,8.761629267015635,210.27066144967384
387411478,262910049,12.296,700,1770.8135616710565,1.403391952029966,8.76162926701567,5.816307000713528
3384390176,262910049,298.02,900,16.975540306553174,21.457440038806414,13.888888863770422,1.0638883341979237
263104602,387411474,12.719,700,776.0667785296134,0.935537282772876,13.595396179510509,2.090158035621401
263104602,387411436,476.97799999999995,900,1709.850037677958,66.70619082850229,7.1504307782508905,252.53744195740703
263104607,263104602,458.354,700,2468.941275901019,105.9784268202415,4.3249745608835175,514.9009859413533
475735682,2086871757,419.233,900,1429.3346360611852,55.09417443198069,7.609388911301055,177.080504967235
475735682,262910055,69.449,700,2151.097571201827,11.371920778159206,6.107059779503832,52.23516293655694
263104607,475735682,16.707,900,1809.618645591957,3.281440507737174,5.091361540947413,12.169429887701327
262910053,263104599,17.819,700,941.5912146956476,1.9835052625270322,8.983590987451263,4.406344059072463
262910053,4083554886,107.781,700,2067.2950565706738,16.195398281693677,6.6550385563428405,72.89088906816671
262910054,262910053,18.198,700,1637.6137263872267,1.8710600163903421,9.726037561909783,7.433292572067752
4083509602,262910053,294.883,700,1371.2725448790934,54.811792339752,5.379918944670916,156.0050002237224
263104599,263104598,17.157,700,1130.172279296893,1.355243305401948,12.659719425739167,4.215564169144998
263104599,316625595,404.71299999999997,700,934.193116401058,44.782325187824476,9.037337795716654,98.89603834031185
4083557589,263104599,108.171,700,1122.7741810023035,8.524895673282211,12.688835634554172,26.379739536063468
4083557589,4083554886,16.353,700,0.0,1.9623599999999999,8.333333333333334,0.0
4083554886,387411478,124.65,700,2067.2950565706738,18.730169471549868,6.655038556342842,84.29917445882847
262910054,4083509605,296.826,700,445.486920172139,27.031339365727973,10.980809940048129,30.738810502640487
263104598,262910054,17.405,700,1309.8137474061157,2.955535024322412,5.888950682961466,8.199713414490576
419482948,262910054,78.39,700,773.2868991532504,5.764186040392512,13.599491662948138,12.834669646313838
4083509605,475736562,7.160999999999999,700,445.486920172139,0.652137687392538,10.98080994004816,0.7415813372460913
4083509602,4083509605,48.702,700,0.0,5.84424,8.333333333333332,0.0
262910055,1427717141,13.951999999999998,900,2235.01430752409,3.1401796453055284,4.44305790621177,13.909328744033408
262910055,262910068,116.771,700,1542.748061851512,11.241882455259486,10.38713938388219,43.19144315305578
5873968060,262910055,61.716,900,1626.664798173775,6.5614556230651555,9.40583973212481,25.578584193935995
1427717141,263104819,26.300999999999995,900,345.7336806687923,2.37081887449728,11.093635318546632,2.1023972310400394
1427717141,263104607,68.523,700,2333.517024508576,13.6397196568578,5.023783605812447,65.02356613701726
3743408658,1427717141,43.828,700,444.2363976532787,3.1629299128814523,13.856772425308778,4.097400465359422
262910068,3743408658,76.631,700,447.1599335630888,5.53055997073095,13.85592063110239,7.211380454638987
3743408658,263104819,49.763,900,2.9235359098101874,5.971560000048096,8.333333333266214,0.0402449084073986
263104598,419482949,79.258,700,684.6853591247535,5.78121208477314,13.709581803572625,11.45942326885747
316625723,263104598,379.298,700,864.3268272339762,39.87678373907634,9.511750056921358,82.9308120798126
419482948,419482949,15.964999999999998,700,0.0,1.9158,8.333333333333334,0.0
419482949,419482881,554.673,700,684.6853591247535,40.45878334928175,13.70958180357262,80.19673323584975
316625723,316625595,30.84,700,0.0,3.7008,8.333333333333334,0.0
316625595,263933884,105.71700000000001,700,934.193116401058,11.69780331217737,9.037337795716653,25.833102680721275
387411474,387411478,18.058,900,2416.516367203523,1.8881375005898218,9.563922116031799,11.000271589780777
387411474,4083545312,33.778,700,776.0667785296134,2.484517520048934,13.595396179510427,5.550857624594696
387411230,387411474,43.306,900,2416.516367203523,5.433670346696838,7.969935096693155,29.891161887601704
4332471858,387411436,15.94,900,549.3650506064506,1.449006920910252,11.000637588388223,2.033677773264893
387411436,263933887,50.14,900,1553.6767032723897,5.929373324877246,8.4562056144505,21.328171420961905
263942205,263104607,112.192,900,1260.271325700547,12.905666372586397,8.693235727704298,37.97314258373363
263104819,263945908,511.54800000000006,900,348.6572165786026,61.485773473148704,8.319778236560639,49.394957227216175
263945899,263945908,253.05700000000002,2000,644.2126788274568,15.189801838521277,16.659664338625436,32.91913915885665
2833168172,263105459,491.49500000000006,2000,8002.485550552677,65.84182111106702,7.464784413707339,1179.0579381974756
2833168172,263942205,189.991,2000,1260.271325700547,11.469637781198257,16.564690500640314,48.388787090821296
263105459,263105460,376.938,2000,5594.562437008166,24.97236709266623,15.094203869472086,433.57529981878974
263105459,4354536480,400.405,2000,2407.923113544509,31.19432576567386,12.835827996660996,208.46114739889234
263105460,316626660,98.857,2000,7967.063097763329,17.45124287480647,5.6647541214795165,291.955969186954
387411592,263105460,217.939,2000,2372.5006607551672,35.10368184864312,6.208437079041727,178.49390920948673
4354536480,4354536479,13.469,2000,3820.282209299141,1.842323493778104,7.310876751823182,15.668029019222551
2086871757,4354536480,153.878,2000,1412.3590957546323,13.983500309796126,11.004254771046197,50.46363493627136
316626660,263106951,83.95,2000,7976.954647119815,14.868381294510739,5.64620978821639,248.87125730495657
4337307663,316626660,160.228,2000,9.891549356486896,11.536416004312278,13.888888883697264,0.33329574108106863
1273463215,4337438766,173.096,2000,2370.0079667821083,7.907785765988297,21.889313282169685,81.95935028949377
1273463215,5729212742,152.951,2000,264.14306803200327,9.177169023363486,16.6664686692174,8.157706860571626
263105814,263108204,125.869,900,5182.604675977235,45.09597364358746,2.7911360999719377,397.72190722142255
263105814,263116143,530.918,700,30.398032151177546,47.7826322920963,11.111108252774489,3.728339309986193
263108203,263105814,63.439,900,5208.394454193353,23.108206367390977,2.745301776840699,203.43578793054908
263117663,263108204,530.361,700,182.13433845329175,47.733479089412256,11.110880876848533,22.31570321616217
263116143,263117663,126.424,700,1711.1220159759205,32.61292998743102,3.8764992918061534,106.49499900165527
263361332,263116143,136.038,700,200.1300855621845,9.799469870507226,13.882179525794962,5.726184348409628
263106228,2664407950,137.672,2000,15040.65881483746,26.00251235861819,5.294565313584801,808.7917701172175
411306535,263106228,45.609,2000,6686.468675307867,16.08552336228489,2.8354066555855857,184.19466268781292
4337438766,263106228,304.799,2000,2370.0079667821083,13.924557434530362,21.889313282169677,144.31949905767542
2664407950,4022477612,36.232,2000,2525.590347219884,2.38977113062122,15.161284499483221,18.79513197886436
2664407950,4022485895,474.189,2000,10917.543924898337,40.27775948306547,11.772973623306177,1161.962526646013
263106679,1825885280,346.762,2000,8602.09636211528,56.790831351788114,6.105950410410427,1043.1192615055886
263361498,263106679,498.433,2000,7790.76106535261,62.26156083801292,8.005469077410098,1105.576350676004
263361511,263106679,153.332,2000,811.3352967626754,9.209648472715465,16.649061085693106,25.123029945246866
1825885280,1825885291,41.899,2000,11615.80753273593,7.120892172607068,5.883953721582634,175.16799938734033
4357749545,1825885280,210.643,2000,3013.7111706206388,80.02045261721352,2.6323645157024234,400.5146817585288
263106951,2086871506,250.87000000000003,2000,46.68573463372375,22.578304188004545,11.111109050133305,2.7056737039174084
263106951,4003442657,145.631,2000,7930.268912486093,25.396933214211817,5.734196281561533,424.07693350346426
2086871506,4357749545,65.503,2000,3836.090069880382,6.007133424758322,10.904202615182516,58.63148410764705
392154334,2086871506,78.659,2000,3789.40433524666,7.0944250603065235,11.087438281658507,68.93624585190032
4003442657,4003442656,70.78,2000,9509.970146785252,20.99131298746847,3.3718710231348896,364.4702197765193
392154334,4003442657,230.81,2000,1579.7012342991663,17.21592331726581,13.40677439986743,77.5758072935702
263108187,471582053,72.611,2000,9042.78121946506,13.799647136337096,5.2618012100324965,257.69481396780975
471581977,263108187,164.031,2000,648.4547167691808,9.846106732746305,16.659478152360837,21.478655805306072
3949418115,263108187,177.778,2000,7942.122213220172,23.34373796442866,7.615661222332913,416.9945007740463
471582053,4368402158,108.254,2000,7858.43822080542,13.827047514676302,7.829147899079473,246.17099928670882
471582053,263108188,164.462,2000,1184.3429986596443,9.915099005392927,16.587025496220196,39.35571852568642
263108188,471581808,45.127,900,4395.372995773384,26.963671196386926,1.673622247924716,156.49353919870086
411307701,263108188,49.015,900,3211.029997113739,10.636349879619175,4.608253823421136,68.32222188211861
471581808,316624764,19.823,900,2309.789015703089,4.921934135684694,4.027481769063211,21.93728543961118
471581808,391038147,645.518,900,3517.697811416252,167.8901539142925,3.8448830080263985,1124.3098537974267
4022571668,471581808,401.771,900,1432.1138313459585,35.28611652593977,11.386092876064936,131.2654637702823
263117943,263108203,177.347,2000,1076.3818839101546,10.675677781990686,16.612247355308455,38.562252992365075
4357749543,263108203,228.317,2000,4132.012570283198,11.71801300383291,19.484276039403483,188.2797411177583
4039166513,263108208,427.609,700,1330.5142722771095,36.52989261411393,11.705728361073422,128.04563175164049
263116938,263116940,146.806,700,305.3796958633,10.57550273922471,13.881704125090355,9.429340715956608
4039166513,263116938,31.100000000000005,700,0.0,3.7319999999999998,8.333333333333334,0.0
1426686853,589642210,145.252,900,1594.0454078432222,22.37869228628967,6.490638422558265,77.22172413830853
1426686853,1426686862,53.637,900,3066.3336599120103,9.414407794845948,5.697331278698629,60.69629043794088
263122103,263122131,8.376,700,2459.50918561666,0.848846727897846,9.867505787226177,5.092675544150071
263122103,263116358,569.587,700,1206.4099465058678,83.97853847076884,6.7825305175829085,221.53495047200056
263108213,263108214,34.584,900,3043.11154718146,5.950552676329098,5.811897126391781,38.243210311500775
1426686862,263108213,60.542,900,3043.11154718146,10.416908400714679,5.811897126391777,66.94773417415229
1426686873,263108213,163.424,700,0.0,19.61088,8.333333333333332,0.0
263108214,1273520690,14.711,700,2476.0035888243738,2.2609993324504982,6.506415012540513,12.125363430227528
263108214,4343596327,437.84000000000003,900,2160.876528515292,46.49369207560874,9.41719146089706,240.87292518986365
263114115,263108214,405.7269999999999,700,1593.7685701582045,40.95183906167994,9.90741830638939,159.4575194525584
1273520690,1426482199,96.919,900,4232.506730971343,46.457788901329735,2.0861733261960285,292.88972470390235
4343596333,1273520690,436.106,900,2698.108491032476,67.6400663234925,6.447450803999777,394.46787724410746
4343596327,4343596333,24.149,900,0.0,4.34682,5.555555555555555,0.0
4343596327,4343596326,41.638,900,2160.876528515292,4.42148810214735,9.417191460897065,22.90669390429276
4143720013,4284967347,6.397,900,1452.0808473761304,0.857943825712794,7.456199121994107,2.786969286911618
1425922094,263109774,277.342,900,1650.3268482576868,23.194585651883262,11.957187085059287,101.99079984347118
1425922040,1425922094,27.332,900,0.0,4.91976,5.555555555555555,0.0
263109774,4341221946,103.908,700,1073.1488101099112,10.470854197330517,9.923545686128524,27.470273402980418
263109774,263110070,25.371,900,1945.024421058289,2.396091093723852,10.588495598708649,11.702415720891779
1425922040,4884699284,16.058,900,1345.2420315492448,1.573642758698292,10.204349056505736,5.233165581610498
4341221946,4341221945,22.192,700,1073.1488101099112,2.23629745878237,9.92354568612854,5.8669236955666575
4341221946,4341221951,30.471,700,0.0,3.65652,8.333333333333334,0.0
263110070,263110071,18.256,700,1020.9601291499304,1.744708242299778,10.463640600411189,4.449900558794951
263110070,263384563,269.784,900,1945.024421058289,25.47897361669608,10.58849559870864,124.43831629991202
4341221951,263110070,102.283,700,1020.9601291499304,9.775087267043627,10.463640600411173,24.93148438076381
263109777,263109778,11.005,700,1201.382011348226,1.4329589560171678,7.679912919898142,3.880463399862488
1425922073,263109777,11.938,700,1818.102020181641,3.689045675329584,3.2360672788182394,12.07224767767036
1273803135,263109777,223.01299999999998,700,1073.1488101099112,22.473116671567837,9.923545686128524,58.95819458000222
263109778,263110069,24.495,700,1579.072387373842,5.067276167973312,4.833957966375636,16.19683229982374
263109778,4578581771,331.782,700,1291.8784183296902,48.816830787567596,6.796467420095128,137.96759665320707
1425922073,263109778,14.591,700,465.0929859542949,1.065361855756392,13.695816047065618,1.4334937422005636
263111216,263109778,272.548,700,1204.4758084010111,32.06693839211177,8.499345857945851,89.55699014864248
263110069,1425922073,12.51,700,1172.710378687185,1.413967681176924,8.847444086973212,3.8928470411108846
263110069,2793008249,16.778,700,1020.9601291499304,1.603457213480814,10.463640600411164,4.089638013555092
263110069,5072692009,101.43999999999998,700,904.668655227292,8.777600382675738,11.556689251906604,20.782092681558336
263390005,263110069,130.029,700,1519.2667756905655,27.099398401883033,4.798224597892357,83.18859712898042
4578581771,2209660424,33.178,700,542.5593676282905,2.45118171116754,13.535512217981076,3.8174146614635336
4578581771,263111221,42.702,700,749.3190507014,4.20821284012776,10.147300438991955,7.777340013773604
263109786,263110816,23.352,700,1080.3303831609694,2.964195816175908,7.878022049881403,7.267054327620809
263109786,263109793,410.674,700,790.3362592903147,33.044301341217796,12.427982536515183,71.10429625986384
2073408891,263109786,16.098,700,1328.107274822995,2.80688691666438,5.735179391954407,7.849647476132647
2209660424,263109786,17.085,700,542.5593676282905,1.262235202100712,13.535512217981077,1.9657764027700413
263110816,2840596721,13.341,700,2107.6667055762828,7.412697856707918,1.799749599658568,21.504794174119667
263110815,263110816,418.81699999999995,700,1027.3363224153122,40.27484668225929,10.39897192667614,103.0906495877986
263109793,263109794,27.672,700,2706.8142293016845,38.018329322084085,0.7278594428905084,75.95715863652293
263110815,263109793,24.068,700,1916.4779700113693,10.969956178437103,2.193992355895535,32.11500793479141
263109794,263109818,1032.878,700,2407.1476128391105,247.7347686768063,4.169289621786953,1161.9144775314817
263109794,263110814,27.783999999999995,700,761.5683982107803,2.447985398231352,11.349740901262605,4.835016347021395
263109818,263109819,16.137,700,1191.6179538649458,2.075174833702968,7.776212267958615,5.5921713378422
263109818,263358758,536.579,700,1232.2658419503775,65.4721684723821,8.195528153712264,185.09516627122056
263110792,263109818,24.192,700,16.73618297621345,1.741824041172192,13.888888560591663,0.08514423001671058
263110814,263110815,31.91,700,1574.461090229334,7.279071224155063,4.3838010396311295,22.633694615696168
263110814,263389733,734.224,700,772.6850583312886,58.54147245646915,12.54194623385945,123.81152688764584
263110792,263110814,1003.853,700,1585.5777503498423,233.23531956737034,4.304035091520672,726.8002806084622
263109819,263110790,24.32,700,568.3110467542251,1.8060719083766759,13.465687543891415,2.9362142722457705
263109819,4334219658,1044.802,700,1191.6179538649458,93.6137045538026,11.160780411157864,286.9478237017808
263110790,263110792,15.89,700,1602.313933326055,3.7957178522211716,4.186296405224513,11.863479540983244
263110790,263397626,57.547,700,0.0,4.143384,13.888888888888888,0.0
263110783,263110790,486.37500000000006,700,1034.0028865718302,41.557020556585464,11.7037986238146,113.19457625617333
4334219657,4334219658,21.616,700,0.0,3.89088,5.555555555555555,0.0
4334219658,1428592193,153.143,700,1191.6179538649458,13.72153152780795,11.160780390267774,42.05969227462834
2793008249,1425922073,17.698,700,1110.4846274487531,1.85807873858976,9.524892369971568,4.967196453674975
2793008249,5489510270,214.53900000000002,700,1020.9601291499304,20.503284487004425,10.46364060041117,52.29388781678956
5072692010,2793008249,87.59,700,1110.4846274487531,9.195904436268341,9.524892369971568,24.58338441504075
5072692010,5072692009,9.617,700,0.0,1.1540400000000002,8.333333333333332,0.0
5072692009,4578581066,271.239,700,904.668655227292,23.470303136795994,11.556689251906597,55.56894752418373
263384507,263110071,271.534,900,1377.2410257584977,27.305643590351885,9.944244643108988,92.01025221559581
263384507,263384563,19.399,900,1110.4846274487531,2.0386407148970638,9.515654160267031,5.447979282189887
263384563,2793008248,77.846,900,3055.5090485070405,16.244732369419978,4.792076485454559,100.26063118478257
1873952214,263110783,40.72,700,0.0,4.8864,8.333333333333332,0.0
4334219657,263110783,564.793,700,1034.0028865718302,48.257238346597426,11.703798628995168,131.44488161176426
263397625,263110792,56.01899999999999,700,0.0,4.033368,13.888888888888888,0.0
263397626,263396644,189.1,700,0.0,17.019000000000002,11.111111111111109,0.0
263397625,263397626,13.917,700,0.0,1.002024,13.888888888888888,0.0
263389687,263110815,707.272,700,1369.353202197349,104.86905674996164,6.744334524590436,313.5986560587794
263389733,263389384,622.456,700,784.0792914005569,49.920180229038756,12.469025495182708,106.77091448932036
263389687,263389733,14.640000000000002,700,11.394233069268486,1.0540800053528818,13.888888818357639,0.03507948477818463
2840596721,2209660424,20.59,700,1369.981775701397,3.81977288766159,5.3903728325075635,10.866378981994734
2840596721,4578585832,231.47600000000003,700,737.6849298748853,20.170246157599703,11.47611180306716,38.802898428842234
263111221,263111216,301.404,700,670.3973254584504,27.22953506360488,11.069010150043212,46.772393636293785
4337670315,263111216,827.1819999999999,700,1164.525587450002,92.55633569152882,8.937065127090026,253.86464737770032
4337670312,263114107,21.642,700,1481.6296250346718,3.8205887027429037,5.664572055207781,11.8866522117799
4337670312,4337670315,18.549,700,0.0,2.22588,8.333333333333332,0.0
6129390963,263111221,9.314,700,883.2028656006815,0.8478644998281241,10.985245875830513,1.9118478277992021
263111221,263122100,1409.866,700,1102.578336183543,183.38583690877383,7.687976474984514,455.8927797410779
2073408891,6129390963,12.129,700,877.4406181098068,1.1037940753596238,10.988462676834251,2.47304248040322
263114107,263114115,625.034,700,721.0125362294826,48.66666779860139,12.843164084843355,97.41649609098287
263114450,263114107,18.024,700,0.0,2.16288,8.333333333333334,0.0
263114450,4337670315,21.058,700,1164.525587450002,2.356254508671864,8.937065127090044,6.462763629382179
263117663,263116941,101.87700000000001,700,1528.987677522629,19.41324620534471,5.247808579893865,61.259261425425294
263116293,263118233,286.671,700,1146.2421915473467,22.760775968087003,12.59495723704424,71.58736393619733
263116358,263116293,201.52000000000004,700,1146.2421915473467,16.000054323907527,12.594957237044236,50.32349132079109
2086720234,263116293,78.023,700,0.0,9.36276,8.333333333333334,0.0
263118233,4039166513,127.336,700,1330.5142722771095,10.878092850970889,11.705728361073424,38.13020437999874
263116940,263118233,23.526,700,0.0,2.82312,8.333333333333334,0.0
263116941,263118233,39.792,700,184.2720807297625,4.776698781899814,8.330439455546685,2.0288887874528307
263116358,263116950,12.661,700,1548.9224323039853,3.115564486821924,4.063790062299443,9.33569305656432
263116359,263116358,6.969,700,1488.7546773454644,0.648459380379654,10.747010855051329,2.440126450628828
263116950,263116951,6.877,700,1328.1981563919387,0.58684880499,11.718520923148484,2.0546307329448847
263116950,263122105,144.022,700,1870.819568568212,60.79998694786702,2.3687834032512494,180.23756444241198
263116941,263116950,460.546,700,1650.0952926561667,47.78952641695716,9.636965137126458,190.64918054527388
263116359,263122131,569.102,700,1521.421185546203,133.89996167882114,4.2502028593934575,399.01858565674576
263116951,263116359,12.472,700,1617.63133038604,3.4381193741347618,3.6275645615529877,10.400310228257718
4345154202,263116359,330.755,700,1392.5445325056264,29.143834186307036,11.349055786057217,105.2502224262776
263116931,263116954,80.689,700,1113.2365754354728,10.622331448933698,7.596166659636646,26.57933638937222
4345154207,263116931,103.313,700,1121.5868821206905,13.731226657276464,7.52394542589917,34.531743259270456
263116954,263361061,116.591,700,1113.2365754354728,88.18075347013921,1.3221819434722952,112.00245887338363
4003345556,263116954,117.20499999999998,700,0.0,10.54845,11.11111111111111,0.0
263116940,263116941,38.485,700,305.3796958633,2.7723541470993176,13.881704125090373,2.4718892787324083
263116951,4345154207,329.548,700,650.8956835860589,23.980913893679812,13.74209512869535,45.26106681814055
263122129,263116951,141.506,700,940.3288575801602,15.735465960131702,8.992806463979388,34.92110894998376
263122105,408630106,63.46699999999999,700,2287.0329824896176,52.79396526694256,1.20216391549851,129.27353360545328
263122105,2086871269,395.235,700,625.4239333107191,61.80668890669027,6.394696221256689,83.39755410278494
263122129,263122105,11.628,700,1041.6373472321238,6.985444461222403,1.664604172941228,9.577701993496271
4345154202,4345154207,17.127,700,470.6911985346331,2.08563351777027,8.211893342752903,2.2534830171844953
263361061,1658531423,216.60300000000004,900,1113.2365754354728,22.795327434407906,9.50207890732262,61.03678593329339
4003345556,263361061,11.016,900,0.0,0.66096,16.666666666666668,0.0
263361511,263117943,471.23299999999995,700,2.1299246581697253,42.410970004207556,11.111111110008787,0.23186883993373902
4357749544,263117943,18.804,2000,1074.2519592519848,1.1319067832965979,16.61267542300143,4.080628021660352
408630106,2840658987,184.037,700,2387.298073362248,21.355017274562766,8.617974766015172,118.70640535962085
408630106,408630072,13.117,700,552.406818344531,1.710446261832048,7.668758903860836,2.128986745641718
411852453,408630106,391.22,700,652.6719092171602,66.00885139201917,5.926780905133287,91.38376831831788
2086871269,263361332,52.303000000000004,700,1013.5953069830296,28.658155306310604,1.8250651321050917,40.29494572785924
263361498,2086871269,222.781,2000,388.1713736723113,13.367600598027527,16.665743292245935,17.461469757263185
408630072,263122129,62.75999999999999,700,1418.8616498481308,12.545392611762937,5.002633392370226,36.328337434331004
1658531423,3484320795,110.071,900,2477.022044645706,14.42275873842201,7.6317576960344296,80.39670778026374
1658531437,1658531423,53.95,700,1363.785469210232,9.915986942679623,5.4407090602139245,28.140427651204842
263361121,263361498,335.935,2000,9149.99372394523,66.19638828340423,5.074823698262411,1240.3452179770716
1658531500,263361121,450.09999999999997,2000,8468.268602110256,70.46495112528997,6.387572726754628,1287.0698280765378
263361332,263361511,72.236,700,813.4652214208453,20.224151301482813,3.5717691646572947,30.613407058261334
263374582,263375074,453.91399999999993,700,927.3400617519188,39.96356659579787,11.358195443139667,96.14872631365442
263374582,4143633106,89.622,700,1349.331297294074,14.330420909547401,6.253968433006099,41.509886135286244
1428403905,263375074,21.218,700,0.0,2.54616,8.333333333333334,0.0
263375074,263375075,107.136,700,927.3400617519188,9.43248428294214,11.358195443139673,22.69370396669784
263377071,1428403905,111.257,700,451.9555729157131,8.11120109458905,13.716464269911777,10.616485042128058
263377071,263375075,18.4,700,1285.7328621140534,2.41555549877949,7.617295487227259,6.985784011140361
263383329,263377071,275.409,700,1594.3789218973932,58.4351022230164,4.713074667841036,187.42464799226389
263383554,263383329,22.723,700,2457.798695098013,19.623005567270503,1.157977554564833,50.327543731673245
4341834795,263383329,12.06,900,1417.0403008518515,1.2543355933673699,9.61465182345971,4.293562660914645
263383554,4341834800,11.937,900,1308.1036828736378,1.1369190289679039,10.499428451678233,3.720720265895786
263384503,263383554,399.955,700,598.8117795141327,29.912284419192115,13.370927957056452,51.00402655685741
263384504,263384565,22.391,700,1383.4836900543423,4.2394537734927535,5.2815766361223355,12.1225460190657
263384504,263384507,298.261,900,2487.725653207253,112.15972605538133,2.65925221547641,465.40284496684694
263384503,263384504,15.404,900,2726.3083952743423,7.864660624632084,1.9586350556252532,30.906608735363356
4341834800,6131131882,296.088,900,1308.1036828736378,28.200392179697605,10.499428451678185,92.28957209420756
4341834795,4341834800,27.328999999999997,900,0.0,4.91922,5.555555555555555,0.0
263384344,263384439,19.068,700,765.076046141619,1.8932696043455461,10.071465762844332,3.5618264871022225
263384344,5728765648,32.378,900,1546.542138696088,3.8015831222556478,8.51697804802666,13.640815231283256
4323994177,263384344,10.302,900,1260.2074695063566,0.948005644894872,10.867023899570164,3.034914134567549
4334141376,263384344,89.471,700,1051.41071533135,11.017142955758958,8.12107098539836,26.50681401751545
263384439,1943098893,10.088,900,1068.663445529519,0.83078339772819,12.142755894720613,2.385624124648564
263384439,4334079532,286.409,700,792.5501979532802,28.840962672058396,9.930632456921343,55.895677198977964
5728765649,263384439,31.24,900,1096.1375973411807,2.6072940377475478,11.981770965498148,7.623304614234522
5728765648,6131131883,488.892,900,1546.542138696088,57.402050027976045,8.516978048026658,205.96965347002714
5728765649,5728765648,20.984,900,0.0,1.8885599999999998,11.111111111111112,0.0
1943098893,1943098864,7.320000000000001,900,1027.6231060950458,0.591840037596018,12.368206838004653,1.651279969227581
1943098893,4334079533,323.52,900,1588.135340753839,33.02560488759259,9.796035563955511,127.58443895898827
4323994177,1943098893,13.591000000000001,900,1547.095001319366,1.3305306834761759,10.214721215216047,5.09073485250492
4334079532,4334079533,37.494,900,602.5828704957141,3.4235132344796098,10.951907421412164,5.259452798057179
4334079532,1273469440,174.78,700,189.9673274575665,15.736371972906761,11.106753214839985,7.671889316974225
263384497,3854554751,34.477,900,2958.440544699265,6.623718920960124,5.205081980592629,40.3659544539814
606182747,263384497,488.03,900,2921.6552000381453,90.89858328311367,5.368950564168604,550.9662776475325
1273469440,263384497,229.65499999999997,900,36.78534466111886,20.668954172669327,11.111108867988786,1.951610887917031
3854554751,5433888564,13.05,900,2958.440544699265,2.507165122212768,5.205081980592631,15.279047063968962
3854554750,3854554751,19.835,900,0.0,3.5703,5.555555555555555,0.0
263384568,263384500,20.722,900,0.0,1.86498,11.11111111111111,0.0
263384500,263384503,256.075,900,2747.5806482569574,41.321438739017026,6.197146271148728,243.22805440344203
5433888564,263384500,163.298,900,2747.5806482569574,26.350515681749496,6.197146271148729,155.10555434139715
263384568,1273864913,164.977,900,2874.055393992727,29.52927579704201,5.586896242695054,177.66150289838077
263384566,263384568,256.659,900,2874.055393992727,45.93946063265186,5.586896242695054,276.39261031777465
263384566,263384503,19.679,700,577.5395265315155,1.8304771909270499,10.750748546630902,2.6725157613577104
263384565,263384566,15.186999999999998,900,3082.4786466157284,3.2434518089588584,4.682357221418066,20.080065905405846
263384565,4580618462,54.679,700,1150.6981197241948,7.520567979261912,7.27059447514845,19.23866509145496
2793008241,263384565,198.851,900,2849.6930762855814,34.88014652883327,5.70097949088666,209.0201992204444
2793008248,2793008241,19.567,900,1945.024421058289,1.847949013869954,10.588495598708652,9.025311119415445
2793008248,6302866756,108.878,700,1110.4846274487531,11.430890320950168,9.524892369971559,30.55816563923746
4580618461,263384566,55.437,700,369.11627390851385,5.017234170511403,11.049314844786155,4.741101225399021
4580618461,4580618462,12.688,700,0.0,1.52256,8.333333333333334,0.0
4580618462,4580618459,53.205,700,1150.6981197241948,7.317833525423472,7.270594475148449,18.720041994017105
1273864913,3854554750,12.755000000000003,900,3084.915290435032,2.729771550623598,4.672552176421578,16.904439109419126
5433888564,1273864913,20.26,900,210.8598964423056,3.647594848097004,5.554344943372726,1.6079613480402244
263385372,263386034,121.636,700,1199.1157557461142,17.76627927545219,6.846453222654527,46.68572867848657
316801728,263385372,72.837,700,783.9767354368951,7.301403088178778,9.975753854478409,14.022379278735745
1943098977,263385372,8.496,700,415.1390203092195,0.771482351053992,11.01256559970924,0.8186357495878368
263386034,1943098936,8.885,700,218.8199216610239,0.8002023590694001,11.103441397414601,0.44930768041155283
263386034,4334125521,393.288,700,980.2958340850904,45.2440993203843,8.692581041674263,103.54782946294279
1943098936,1943098885,7.364999999999999,700,29.28050705798586,0.662850146792454,11.111108650483661,0.04981886700520588
1943098936,4334125520,385.048,900,1710.5112862770325,44.908384332408055,8.574078220002468,178.58479629201716
1943098977,1943098936,121.581,900,1520.9718716739949,17.398671544440468,6.98794730904899,58.27092677905546
4334125521,4334141376,344.107,700,1019.8573755613232,41.06373680716309,8.379826746307574,96.69819517146553
4334125520,4334125521,13.512,900,39.56154147623257,1.216080328436334,11.111108110246354,0.12349101345596511
4580596640,263387426,12.579,700,0.0,1.50948,8.333333333333334,0.0
263387426,1273638684,174.104,700,1150.6981197241948,23.946322490561574,7.270594475148449,61.25804325394895
4580618459,263387426,132.226,700,1150.6981197241948,18.18640834005534,7.270594475148447,46.52337698902181
4580596640,4580618460,132.764,700,369.11627390851385,12.015586655370535,11.04931484478615,11.354286182312817
1273605928,4580596640,176.971,700,369.11627390851385,16.016468214181398,11.049314844786148,15.134971678844266
1273605928,1273638684,12.056,700,0.0,1.44672,8.333333333333332,0.0
1273638684,4578541020,302.509,700,1150.6981197241948,41.60718921045635,7.270594475148447,106.4370112502231
4578541022,263387434,14.54,700,0.0,1.7448000000000001,8.333333333333332,0.0
263387434,263387436,54.515,700,1150.6981197241948,7.49801136431652,7.270594475148452,19.180962114535163
4578541020,263387434,150.45,700,1150.6981197241948,20.692943405694233,7.270594475148447,52.935444375526224
4578541022,4578541021,151.866,700,369.11627390851385,13.74438163210284,11.049314844786151,12.987933666981375
263387630,4578541022,69.829,700,369.11627390851385,6.31975837243431,11.049314844786151,5.971938551299449
263387436,263387437,12.690000000000001,700,0.0,0.91368,13.888888888888888,0.0
263387436,4578581740,278.959,700,1150.6981197241948,38.368114320432426,7.270594475148447,98.15100450350562
263387630,263387436,21.292,700,0.0,2.55504,8.333333333333334,0.0
263387437,263387630,15.94,700,369.11627390851385,1.154098709207952,13.811643555982732,1.2394893142804961
4578581741,263387437,281.172,700,369.11627390851385,33.92934360784393,8.286986133589613,28.823833682201958
4578581740,263390005,53.349,700,1150.6981197241948,7.337639333668206,7.270594475148447,18.770708022532066
4578581741,4578581740,11.624,700,0.0,2.09232,5.555555555555556,0.0
263389384,696749354,2307.197,700,217.24855655297412,166.14020585261304,13.887047919314425,105.41116554059124
263389384,263389741,116.56100000000002,700,566.8307348475831,8.653411791544121,13.469947207863175,14.034519327316872
696749354,4325766718,10.689,700,198.63872604404364,0.96246124186578,11.105901760032259,0.4906255075806605
696749354,308131771,529.096,700,1525.460364325797,62.96444863236984,8.40309113304922,221.9579340284192
263403171,696749354,155.354,700,1506.8505338168663,18.271834720324396,8.502375507326276,63.84731588120296
263389741,263389742,22.262,700,566.8307348475831,1.652716202703774,13.469947207863218,2.6804546054403087
263389741,5434298724,36.234,700,0.0,3.2610599999999996,11.111111111111112,0.0
263389679,263389742,8.937,700,839.6380841693921,0.924771705940986,9.664006740892125,1.879190247608473
263389679,263389680,22.578,700,1374.5644607852646,3.374063209452606,6.691635158685412,10.109841950805524
1943099038,263389679,8.954,700,1374.5644607852646,1.338088492224228,6.691635158685416,4.009368625543119
2060102887,263389679,32.542,700,839.6380841693921,3.367340366424036,9.664006740892113,6.8426327668876565
263389742,1943099042,9.051,700,735.6883218342703,0.709186669022484,12.76250724294572,1.4429567631817484
263389742,5434298724,27.702999999999996,700,670.7804971827052,2.645347559550606,10.472347915109578,4.434417789154621
263389680,263389687,754.183,700,1380.747435266618,113.76328802728663,6.6294057870330345,341.67379261554066
2060102887,263389680,40.607,700,6.18297448135335,4.8728400021455816,8.333333329664047,0.06945352877023361
5434298724,263393294,757.356,700,670.7804971827052,72.3195988272393,10.47234791510957,121.22993607634507
1943099042,1943098993,5.82,700,837.7952008389373,0.481238665799832,12.093791321457928,1.0809354489950733
1943099042,3611960953,779.736,900,1502.744606692913,73.08900730966448,10.668307433652835,276.7067935829609
1943099038,1943099042,8.76,900,1604.8514856975796,0.91000673503287,9.626302380809943,3.5293531572908914
4578585832,263390005,16.384,700,368.5686559663712,1.318007128673724,12.430888758914977,1.3227634773080412
263390890,263397031,373.231,700,0.0,33.59079,11.11111111111111,0.0
263397031,263397625,187.975,700,0.0,16.91775,11.111111111111109,0.0
263396644,263397031,17.792,700,0.0,1.281024,13.888888888888891,0.0
263393294,4334141387,1248.173,700,1311.080945486948,212.3377415171259,5.878243740759246,589.4321032242004
3611960953,263393294,10.618,700,640.3004483042415,0.803211471775746,13.219432706215768,1.4537618649388282
4334141386,4334141387,7.914000000000001,900,144.8565049434129,0.712294576959582,11.110571743759138,0.26484241463370944
4334141387,4334141989,71.5,700,1244.5992117400986,11.087011208170848,6.44898779819996,29.827414222491814
263396644,3669613448,371.153,700,0.0,33.40377,11.11111111111111,0.0
263403171,1856595169,13.600999999999999,700,484.7875474147797,1.2444601059427138,10.929237454098102,1.5366221513103475
4334141989,263403171,78.37,700,1339.974576863101,13.904280092775661,5.63639393604558,39.07956494105082
4334194813,263403171,12.598,700,651.6635043685454,1.14598877301303,10.993126893274338,1.9072853430463623
1856595169,4333022372,11.519,700,1379.000076695832,2.16621605613819,5.317567454714298,6.183747121040913
1856595169,4333022371,34.524,700,482.0241381788034,3.157697398192746,10.93328322712595,3.8774690626317176
4333022367,1856595169,32.939,700,1376.236667459856,3.5974091275851237,9.156311898866884,11.75489901694667
4346222710,528038100,935.686,700,1502.2825550470266,61.525618208031645,15.208071487168805,288.51757223086935
4346222706,4346222710,56.95900000000001,700,0.0,10.25262,5.555555555555555,0.0
3679038912,263406768,118.63000000000001,700,77.31630529831219,10.676722705469551,11.111087481856893,2.1188907152965273
263612211,7247946026,44.234,700,706.2344956914252,3.423551359594386,12.92050136068084,6.737219122393041
263612211,4081336835,110.56100000000002,700,955.5224716254828,8.355310204223748,13.232423129438041,22.581634561645878
7247946031,263612211,86.582,700,602.4806641147114,12.74159902546259,6.795222469878077,16.79323830996646
7247946031,7247946026,46.854,700,229.332198786928,5.697449075744951,8.223680348362526,3.0005662062063134
4081336835,1319390252,79.569,700,0.0,7.1612100000000005,11.11111111111111,0.0
263617509,263630425,13.399,700,174.7819634764222,0.9649992473186281,13.884984923284456,0.492531747712675
263617509,263617512,354.519,900,1874.747197986415,50.24176441295876,7.0562609443023385,207.8867875351735
263630425,263923086,15.276,900,1089.6518370233664,1.0590249921954782,14.424588760961278,3.461754978551092
263630425,263923138,302.677,700,715.2991807000019,23.5115898995856,12.873523283312066,46.757788209964076
263630424,263630425,355.758,900,1630.1690542469464,37.965545875362295,9.370548790946499,148.12353658970585
263617512,263617513,14.302,900,2062.2838104144075,2.56946665750824,5.566135664071809,11.083413628560704
263617512,386136181,776.358,700,378.80899395337786,46.87046049116666,16.56390809615183,59.433715994832625
263630424,263617512,13.818,700,566.3456063813704,1.025733413357196,13.471336528634748,1.6622725496811739
263617513,263630423,13.698,700,350.6780244005058,0.9907496369089621,13.825894544595913,1.0116135836685398
263617513,4326822805,181.158,900,2056.5046785599384,32.30449601642421,5.6078262266619445,139.18824961430857
386138111,263617513,777.104,700,344.89889254603645,46.66550509683757,16.652643068737788,54.12487830288624
386136181,386136182,14.434,700,308.317618541197,0.8683977917155741,16.621414906508146,0.8989257297391914
386136181,4346167526,131.294,700,1490.222282877235,19.582721903174708,6.704583798369465,63.641929997030225
386138111,386136181,16.527,700,1419.730907465055,2.20540995846024,7.493844823090726,7.013422104837335
263630423,263630424,14.264,900,1645.770701946675,3.0961900744727098,4.6069523048998215,10.19274267879374
263630423,4346131428,174.34,700,254.6332728604396,12.568378796903556,13.87131966797116,9.339238946672825
4326822804,263630423,180.454,900,1549.7259504066094,35.42542101496878,5.093912643232959,112.52253050192803
4326822804,4326822805,13.778,900,0.0,1.2400200000000001,11.11111111111111,0.0
4326822805,4354621323,429.252,900,2056.5046785599384,76.54516788682876,5.6078262266619445,329.8051122414754
263618528,4337295647,2.434,700,768.5732571581411,0.587526709912836,4.142790376902358,0.8782784071170028
263618528,5667994607,30.041,700,881.5118401944841,1.8672320010433858,16.088520324851686,5.375990405577029
4337295648,263618528,5.772,700,1650.0850973526244,0.499116012064428,11.564445660891613,2.1561581779997194
4337295647,4337295648,5.339,700,0.0,0.48051,11.111111111111112,0.0
4337295647,3974039019,11.558,700,768.5732571581411,2.7899070308843763,4.142790376902349,4.170559502653379
3707030301,4337295647,89.476,700,0.0,8.05284,11.11111111111111,0.0
5667994607,5520579418,279.257,700,881.5118401944841,17.35753160398698,16.088520324851686,49.974466651916515
5667994611,5667994607,28.589999999999996,700,0.0,3.4308,8.333333333333334,0.0
4350115353,263620409,193.539,2000,1624.2792499278055,8.857194083970594,21.851051039996896,62.80073910397893
263621041,391003020,165.192,700,305.830860415802,9.916680295436004,16.657993913147227,10.20180783789468
5520579417,263621041,173.321,700,2076.473099416204,21.90505818101429,7.912373414749568,103.34159021983245
391003020,263621934,186.788,700,492.5429733075452,11.24653417117146,16.60849441766679,18.58570278314025
3102660634,391003020,183.052,700,186.71211289174315,13.256957110203372,13.8079951891156,7.20070114269144
263621934,5863766624,178.858,700,2076.45841852536,22.604512426852217,7.9124909497066644,106.64108300437242
3952821598,263621934,267.499,2000,1583.9154452178143,16.296464747089402,16.4145416905698,85.73937436708707
5863766624,3952828765,67.639,700,733.7381687052989,4.128343854420588,16.384051906813156,10.045846624738962
5863766624,263622411,19.71,700,613.1955003032148,1.2329741610888358,15.98573645906266,2.4562890942640454
263621936,4344600231,177.585,700,1132.3321701443613,19.11910231046981,9.288354500972188,51.654318996348756
263621936,3952828770,50.577999999999996,700,423.6361490502729,6.0730410276230575,8.328282283941007,5.929763616664234
263622407,263621936,10.63,700,1130.882581259767,1.142506372468884,9.304105654158622,3.084586105431326
3952828765,263621936,36.642,700,425.0857379348659,2.202792141571932,16.634342981563364,3.1459194111601527
263622404,4344600231,13.401,700,0.0,0.80406,16.666666666666668,0.0
4344600231,391012553,123.088,700,902.1766882230124,17.71862788515705,6.946813308445356,35.15041297876976
3952828770,391007955,63.60199999999999,700,732.2885798207059,7.673567125192279,8.28845294011894,12.933463035649895
3952828765,3952828770,64.006,700,308.652430770433,8.01674751246699,7.984035907388015,5.635565870254104
263622404,263622407,183.939,700,684.0070946879404,14.117027447613276,13.029584357087725,27.047099389868308
263622404,316634026,476.968,700,373.0755132749691,28.628519545853436,16.6605890757311,35.932176923080554
316634165,263622404,1060.109,700,826.9271260415627,76.99990499257864,13.767666338058142,184.86391020576173
263622407,263622408,26.09,700,684.0070946879404,1.66863854370303,15.635501228505285,3.6417456477782117
391007683,263622407,26.811,700,1130.882581259767,2.4013592311275658,11.164926784990353,6.986804689853183
316634026,3672931642,23.849,700,0.0,2.14641,11.11111111111111,0.0
316634026,3316136603,395.912,900,2227.385508460219,88.22027291683462,4.487766665301827,390.44484563752997
3672931639,316634026,28.759,900,1854.309995185249,3.974856791731032,7.23522921878038,16.3662257987286
263622408,263622411,66.821,700,684.0070946879404,4.273671756564978,15.635501228505273,9.32714012764232
391007683,263622408,37.379,700,0.0,4.48548,8.333333333333332,0.0
263622411,263622414,312.584,700,1297.2025949911554,34.75516386237682,8.993886526841516,106.40766720055177
263622414,263640435,156.643,2000,224.23942629222563,9.398637992158086,16.6665638287907,7.092497365998986
263622414,5476366884,119.11400000000002,700,1072.96316869893,7.710558639734741,15.448167320350965,26.144292155664445
263640435,263640436,82.212,2000,5205.56665125796,5.485175957129089,14.98803331790095,88.13466415050122
3952821598,263640435,272.443,2000,4981.327224965734,17.88171418102217,15.235843568573713,278.4426164098385
5476366884,5520579413,281.132,700,1159.4853746156102,26.053291950609115,10.790651735410629,76.49399873888908
263623489,5476366884,725.428,900,0.0,43.525679999999994,16.666666666666668,0.0
263623489,263624803,64.435,700,1170.6546082732734,6.053671790183322,10.643953328373081,17.835747322678703
263625299,263623489,10.186,900,9.906310736445356,0.6111600006489301,16.66666664896999,0.020374711569709877
4337293918,263623489,69.164,700,1160.7482975368275,4.5981646855398,15.041653513956408,16.519514206048274
263624803,263625298,9.855,900,2199.797764293702,3.176902112541924,3.102078581865638,12.388442792166591
263624803,4266807080,499.303,700,1660.7990583286487,98.62673369891165,5.062552325054944,335.237336573778
263631697,263624803,509.52899999999994,2000,2689.9422143490788,41.37349149301394,12.315349312156451,301.42927463923303
263625298,263625299,64.078,700,785.2915230666115,4.285192210443228,14.953354914591396,10.368661126648979
263625298,2833179741,268.939,900,2080.829793353686,74.23546145892749,3.6227834341515726,288.74380345160256
4266807079,263625298,502.677,700,666.3235521265948,31.951865188460967,15.732321009589631,68.27041067985175
4266807080,263624811,4.59,700,969.1639081819628,0.348602679974184,13.166852304003847,0.9525916209132265
4266807080,4266808690,368.768,900,1192.64988685868,32.474188451157886,11.355726427302029,100.47194219723403
4266807079,4266807080,6.278,900,501.0147367119943,0.45515616194385,13.793068236598938,0.662902312666057
263624811,263625292,6.321999999999999,900,1726.0131199183747,0.900593622729552,7.019814309631743,3.426545397573094
4266807083,263624811,363.635,900,756.8492117364124,27.128898568547946,13.403972117820604,58.560311098179966
263625292,4266807079,4.591,700,8.520282316437848,0.27546000043736396,16.666666640204024,0.007898363717536473
4266807075,4266807079,449.61,900,1158.818006522151,38.80806226756623,11.585479246557508,117.8457622137305
263625299,4350145649,77.212,700,785.2915230666115,4.737570080608524,16.297806404181443,12.28338299981883
2212550487,263625299,354.349,900,9.906310736445356,21.260940022574932,16.666666648969947,0.7087923296696574
2833179741,2833179737,185.45,2000,557.6621947016433,11.129626165163856,16.66273397218546,20.882761133895926
2833179741,4372747074,194.957,900,1523.1675986520422,27.95894974772056,6.9729729392247455,93.72656888123673
4350145649,4337293915,3.12,700,865.1906427249171,0.23213106256248,13.440682886463014,0.5738292306352096
4350145649,2212550487,328.738,700,0.0,19.72428,16.666666666666668,0.0
4337293916,4350145649,4.917,700,79.89911965830545,0.442535433564282,11.110974686020853,0.09075852855070214
263626515,4291002132,346.935,900,1469.6710633081177,22.931103740530496,15.129450545670677,104.77680412006255
263627088,263626515,256.773,900,299.39262389486333,23.130041633017807,11.101277035033961,17.76782990996294
4354621323,263626515,624.334,900,1170.2784394132543,54.24818543009006,11.50884578074197,165.79899030185888
4291002134,4291002132,13.514,900,0.0,1.62168,8.333333333333332,0.0
4291002132,386849385,235.10699999999997,900,1469.6710633081177,21.36235896162414,11.005666575603936,80.2255955089139
263627079,387416929,14.22,900,1976.9604079003248,1.7055603304550881,8.337435941773888,7.773953994065141
263627085,263627079,62.48,900,867.3012503308112,5.69249383875375,10.975857290287145,12.599859608058903
1273650070,263627079,53.09799999999999,900,1109.6591575695147,3.2910807947343,16.133909591328273,11.955806101724184
387416929,3052911414,261.214,900,352.2864975005851,23.54918263400392,11.09227458378191,21.277531322155117
387416929,263627100,38.875,900,1624.6739103997409,4.029645370499316,9.647250918058571,15.834254413268548
263627085,1273602685,62.02700000000001,900,1887.3790337315727,4.7501091939969005,13.058015609070328,25.146116238278264
263627086,263627085,14.251,900,2754.680284062385,2.891026252536816,4.929391418530026,16.196481216073916
1273602685,3638097998,865.514,900,1446.7570246192097,56.88578624514666,15.214943083850637,256.99023248084654
1273650070,1273602685,38.622,900,0.0,3.47598,11.11111111111111,0.0
263627088,263627086,29.020999999999997,900,2028.482566363554,3.5749895982633904,8.117785857082612,16.592544445560314
263628620,263627086,272.126,900,726.1977176988313,25.242319882661086,10.780546370736825,46.398053740062764
263627090,263627088,21.144,900,2327.8751902584163,3.1199853586276918,6.77695487946138,15.878463898615498
263627092,263627090,43.409,900,634.7813635950779,3.920624976904998,11.071959255401095,6.377512661178837
4328118508,263627090,515.078,900,1693.0938266633402,58.903813610169195,8.744391380307446,233.26599404822895
263627092,289318410,244.827,900,1950.1035164679013,38.11234719418858,6.423823721812955,160.5135180736909
316069045,263627092,17.501,900,2584.8848800629803,3.106534984797678,5.633607889704742,16.84123735073461
289318410,390683812,31.575000000000003,900,2100.2499658319443,5.9586973841168405,5.298976934818756,25.885691148789398
4333984736,289318410,21.526,900,150.1464493640411,1.292717953373322,16.65173748367022,0.6526910230136596
263627096,316069851,898.234,700,373.1939305626949,65.0507980343593,13.808193398727562,70.62360629111467
263627096,316069045,35.63,900,2026.7618711460716,4.385120894797289,8.125203581564442,20.340535043933173
263627098,263627096,24.788,900,2399.9558017087666,3.8427831718629295,6.4505330879710066,19.936284915155905
316069851,1273976491,15.073,700,24.061691580908704,0.90438009133341,16.66666498349881,0.07323213772936792
316069851,4343731020,339.089,700,1540.682432256001,54.88289494473869,6.178409508853843,181.0273829012809
316069716,316069851,25.003,700,1191.5501932742145,2.411281689207672,10.369174249490438,7.1500139181496545
316069716,316069045,900.462,700,558.1230089169082,66.72862399116093,13.494388856561434,106.68824243605827
263627099,263627098,40.135,900,1513.7295625620816,4.025188132181544,9.970962519520276,14.923295424962204
4354621323,263627098,267.723,900,886.2262391466843,25.73378280330915,10.403561810025577,56.833201710646904
263627099,263627791,286.477,900,244.00134375294897,25.793006213916055,11.106770479721652,16.15151648968924
263627100,263627099,15.368,900,1757.730906315032,1.670661555827292,9.198751205111646,6.983270264872357
263627791,4326822804,402.63700000000006,900,1549.7259504066094,59.282082585606226,6.791883524310612,200.95379728343184
263628620,263627791,667.767,900,1305.7246066536609,63.4877125818501,10.51805101875574,207.55276787585296
289318409,263627100,246.784,900,133.05699591529026,25.38437435985033,9.721886247877375,8.192502729741305
4291002134,263628620,329.339,900,2031.9223243524923,27.096250449676653,12.15441230924739,148.02031203106029
4346131427,263630424,174.352,700,550.743958681642,12.622077344408233,13.813257140057102,20.227946919367156
4346131427,4346131428,14.3,700,0.0,1.716,8.333333333333334,0.0
4346131428,377002910,154.122,700,254.6332728604396,11.110839032559191,13.871319667971164,8.256178644826822
263923083,263923086,306.038,700,843.3741555997458,25.39337339987973,12.051884370803979,57.307627313050865
263923138,263923137,15.868,700,541.1172364918309,1.172007703224852,13.539160157683447,1.8207311589164734
263923138,377001754,364.428,700,1401.2436053571496,47.26322143574526,7.710604333127036,149.4368873067668
263923083,263923138,19.479,700,1227.061661148978,2.360429122303464,8.252313028993258,6.658045581395408
263630434,263630435,21.365,900,956.7342029404592,1.4003174173902,15.25725505851265,4.192518868261753
263630434,4266858699,406.936,700,1280.756925685161,44.209465554769494,9.204725614605357,134.67784290484505
1760085370,263630435,414.76500000000004,700,1133.6410606408178,37.26901018756305,11.128951316727221,108.53149623722504
4266858699,263632891,35.393,700,1280.756925685161,3.8450901723611457,9.204725614605366,11.713519801470467
4266858699,1760085370,23.759,700,0.0,2.85108,8.333333333333334,0.0
263631691,4053978694,34.42,900,1487.1448299099127,3.17890819647525,10.82761686486091,11.9895935969547
263631691,2887495581,30.463,2000,4279.3891042109735,4.985559260208,6.110247298259788,45.56330122923212
4266807086,263631691,200.97,900,1973.282389156171,32.215654117048174,6.238271595225777,136.39109487192889
4053978694,2887495581,33.583,2000,1801.1821810129773,2.06673596863206,16.249293818710697,12.259824255357259
4053978694,4266808709,357.959,900,388.11959338230497,21.488153973727357,16.65843424417291,28.054601205980624
3316136603,4053978694,274.378,2000,702.1569444853696,16.472445544245858,16.656785980139148,38.90403306111803
2887495581,263631693,26.455,2000,6080.57128522395,1.974973132663266,13.395118932238452,34.23580275153612
263631693,263640458,276.331,2000,4912.3560040781695,15.925458574155773,17.351525465548402,272.776358319234
263640458,263631697,29.282,2000,10117.922655336131,7.974601270793424,3.6719077237433613,151.4618414728388
263640436,263640458,474.2559999999999,2000,5205.56665125796,23.731732673370814,19.984044423867914,492.5357056600443
263631697,2833179737,975.9849999999999,2000,7427.980440987051,108.37078507740263,9.005978865087242,1900.7302845007266
263632891,263632892,17.869,700,1193.748162049965,1.728098671686966,10.340266035015421,5.127652194030468
263632891,263634771,173.005,700,1009.1926808850792,13.6242965871727,12.698270247792793,37.91143747596383
1838071866,263632891,18.828,700,922.1839172498844,2.0637449068135862,9.123220577232267,4.51314435935972
263632892,386837775,18.977,700,929.9874048845272,2.092834021864122,9.067608707496484,4.606057371721716
263632892,4266858698,39.725,700,1193.748162049965,3.841777364864556,10.340266035015418,11.399405865345598
263635133,263632892,167.862,700,929.9874048845272,18.512267722935967,9.067608707496468,40.743110214045984
263635133,263634771,15.473000000000003,700,0.0,1.85676,8.333333333333334,0.0
263634771,4266807070,91.914,700,1009.1926808850792,7.238308699247947,12.6982702477928,20.141567377623417
386837775,1838071866,37.227,700,1133.6410606408178,3.3450591111892503,11.128951316727221,9.741183586906264
386837775,1838071865,51.448,700,912.1911167131716,5.59621179125745,9.193361852454087,12.136996560011639
4266858693,386837775,29.105000000000004,700,1115.8447724694622,2.561958002641446,11.360451642841912,7.417521139461055
4266858698,4266807061,265.465,700,1193.748162049965,25.672937146979727,10.340266035015413,76.1773008947507
4266858693,4266858698,21.748,700,0.0,2.60976,8.333333333333334,0.0
263635939,4266807083,11.879,900,748.328929419975,0.737383223113428,16.10966947395915,1.8042322757634763
263635939,4266808695,47.758,700,1477.9691328181812,6.984870397412826,6.837349482918024,22.61598461934532
3316136603,263635939,507.683,900,1525.2285639748484,48.63620636779771,10.438375809181935,185.12494973520026
4266807086,263635939,10.154,700,701.0694982633066,0.653581135881864,15.535944112431292,1.4545355610803634
4266807083,4266808690,10.328,700,1481.7020005607974,1.5195609610745822,6.796700010440112,4.925704112167969
4266808694,4266807083,48.248,700,1490.222282877235,7.196270708367276,6.704583798369466,23.387175640141336
4266808694,4266808695,14.066999999999998,700,0.0,1.68804,8.333333333333334,0.0
4266808695,4266808696,88.308,700,1477.9691328181812,12.91553111635185,6.837349482918026,41.81859311037201
4266808709,391007683,451.829,700,1130.882581259767,40.46860393275667,11.164926784990332,117.74424587712771
263642305,3952821598,120.05399999999999,2000,6565.242670183547,39.86128270775745,3.011794700139847,458.82225048438727
263642540,263642305,893.239,2000,3824.640182243281,81.58031196222784,10.949198140031323,795.3857928487606
5005642847,263642540,252.647,2000,7659.69397517068,30.2345329887256,8.356239538881304,534.289766789119
263923137,263923083,21.292,700,694.1620358888994,1.640266394285466,12.980818283041906,3.1818484473710282
263922827,263922828,16.281,700,688.309583593752,1.56438071595618,10.407313152060132,2.683777473219698
263922827,4346241077,269.288,700,894.4135046248332,19.272550465764315,13.9726187500903,50.55614249602219
263923137,263922827,115.33399999999999,700,1582.7230882185856,24.0034719236736,4.8048882414485625,76.78846152626284
263923079,263922828,262.788,700,17.932673691937563,15.767280491259632,16.666666147384948,0.9515386392842149
4346241077,4346241085,6.9990000000000006,700,473.87855663358994,0.426320130863262,16.417240222336254,0.6711482678571421
4346241077,4346241080,34.642,700,420.5349479912429,4.196211183253572,8.255542556640345,4.056930579691438
4346241075,4346241390,15.099999999999998,700,4.687537452191013,1.087200000158142,13.888888886868637,0.014884996195368514
4346241075,4346241074,16.72,700,1396.54742795805,2.152899640361862,7.766270051115658,6.797064823998036
4346241076,4346241075,17.095,700,2.983326680475144,1.0257000000244738,16.666666666268988,0.010297831188607949
4346241390,263923079,8.858,700,4.687537452191013,0.637776000092772,13.888888886868587,0.008731873927057909
4346241076,4346241084,15.496,700,1126.2752237398806,1.3804968804652622,11.224943872946282,4.010587742749851
263922949,3247349691,17.591,700,1799.6088026294576,4.390709510090466,4.0064139883482195,15.22429285407482
263922949,4346249450,169.695,900,1337.4456894207692,13.773574508877083,12.320331217624837,49.90489071461739
263922985,263922949,14.859000000000002,900,2302.221552911505,3.65291590939986,4.067709295405378,16.273654589583366
4346241080,263922949,530.648,700,1938.9533383508456,167.4206589362816,3.169549106851614,579.9778127898942
3247349691,3247349689,7.015000000000001,900,0.0,0.42090000000000005,16.666666666666664,0.0
3247349691,3247349689,18.086,700,3179.762605761628,34.50825647306133,0.524106455917839,61.819051405753626
3245719692,3247349691,572.591,900,1380.153803132172,48.09910570273535,11.904400126246781,176.45440564334223
4346249450,4346249451,49.828,900,0.0,4.48452,11.111111111111112,0.0
4346249450,5481378450,248.44600000000003,900,1337.4456894207692,20.16552928744203,12.320331217624839,73.06444196048105
263922985,4346241391,527.866,700,1068.541804852866,44.11180950803644,11.966546053927614,125.64201509728674
3247349676,263922985,102.577,900,2302.4098641875275,25.223624878178185,4.066703358276742,112.37200638074263
3247349689,263922985,19.394,700,1068.3534935768434,1.620362760067134,11.968924785210737,4.614902553672748
4346241391,4346241073,12.986,700,742.78185809916,0.850617186927108,15.266561973562391,1.9781513733229223
4346241391,4346241080,24.928,700,325.7599467537059,3.153747845890818,7.9042463818025235,2.3335035756586704
377002204,263923137,399.036,700,1735.7678876156551,36.87634311948408,10.820921117559628,162.28954261886582
377001754,377001762,37.471,700,910.933032854905,2.71466849587536,13.803158675518965,7.192138588593648
377001754,377002826,66.588,700,490.3105725022441,4.877816994481032,13.65118865167358,6.904045781809096
263928370,3247349434,9.534,900,1781.200060556406,0.697443137897706,13.669931614408332,3.5894510685724788
263928370,3258567918,340.171,900,2302.4098641875275,83.64785184236968,4.06670335827674,372.65369217800907
263928969,263928370,20.877,900,1707.2113343311355,2.425800188259294,8.606232327395817,9.638928055923664
6302855149,263928370,127.074,900,2376.398590412795,12.920053692231889,9.835408042955931,74.80112581519487
3247349434,263928371,10.946,900,2484.093574679983,1.2014002093854301,9.11103553544357,7.074021819619634
3247349424,3247349434,22.024,900,702.8935141235776,2.03550492251559,10.819919793061231,3.62739180333628
3258567918,4346255290,117.722,900,2302.4098641875275,28.947771604832386,4.066703358276743,128.96319189636856
3258567918,3258567922,32.845,900,0.0,2.95605,11.11111111111111,0.0
263928371,263928968,22.239,900,2597.029014909402,8.026555990381361,2.7706777385780588,35.367167959505416
263928371,1273846920,43.236,900,1994.0744252070365,7.116450426587316,6.075500763480167,30.26721767565237
5425215917,263928371,45.505,900,2107.0098654364574,8.66327997428805,5.2526295046512805,37.679949851052776
263928968,3247349424,10.35,900,2221.5023223978374,0.950389603501326,10.890270644659424,5.368682438692302
263928968,316627505,818.7680000000001,900,2341.779088685027,81.30170608474202,10.070735774555402,468.15395128146463
1348442727,263928968,127.214,900,1966.2523961734623,20.211647050435182,6.2940936818536475,85.43524161977098
1273846920,1348442734,71.424,900,1998.4736719553664,11.822212061849593,6.04150895165263,50.32946118710572
5425215917,1273846920,51.902,900,4.399246748330309,4.6711800001929005,11.111111110652269,0.05274786266055915
263928377,263928378,18.648,900,2246.771064639424,4.262391376880382,4.3750088509348375,18.90297945266248
263928377,445250123,449.217,700,1142.4378751558172,44.49368511152403,10.096196772059482,125.1161364217989
316627530,263928377,11.743,700,1390.735267839876,1.634937745982994,7.182536478133367,5.039855564526112
1348442717,263928377,332.551,900,1998.4736719553664,55.044361046428996,6.041508951652628,234.33457447403106
263928378,1273655076,11.995,700,1161.7747402955852,1.337657725649652,8.967166839465202,3.6642881201758772
263928378,263928384,403.964,900,2245.565679877138,92.18842498313654,4.381938405758582,408.7908583018216
4365495092,263928378,443.373,700,1160.5693555332994,49.371442451345395,8.980353378107912,135.16937135729944
4365495092,445250123,12.908,700,0.0,1.54896,8.333333333333334,0.0
445250123,392150169,600.797,700,1142.4378751558172,59.507259376202214,10.09619677158695,167.33427144545567
1273655076,316627530,15.981,900,1966.9877591726024,2.541412287530262,6.288235906630598,10.744401607165367
1273655076,1841171184,40.568,700,1356.5308955805583,4.9173716060983255,8.249935788804166,15.332616192315504
4351533398,1273655076,218.932,900,2161.743914457575,44.764064348504476,4.890798080700067,196.43227046874281
4042550494,263928384,8.997,700,0.0,0.6477839999999999,13.888888888888891,0.0
263928384,263928386,338.743,900,1542.16509016948,22.828245195070085,14.838766497617339,107.84380464843512
4042550494,316069662,338.069,700,16.519780655620007,24.34096854617154,13.88888857724493,1.1744557503868163
263928386,791159987,28.758,900,2915.496848326401,4.440615047702118,6.476129925939286,28.011718488483393
263928386,316069662,9.659,900,2931.6505822508198,1.511856655236552,6.3888332048839045,9.560408442534625
263928959,263928386,15.695,900,4238.603732535252,7.561350131021076,2.0756875066014917,47.61609156118671
791159987,316071836,15.600000000000001,900,1471.4731777355023,1.125347869990734,13.862380172389226,4.830190327853148
791159987,1841059661,78.007,900,2573.703296735696,9.152915813807466,8.522639297339975,54.666193376597924
4042550491,791159987,9.4,900,1129.6796261447978,2.1843786373349343,4.303283249221176,4.849490983223956
316069662,4042550491,29.152000000000005,700,854.3593972497374,2.4358722057649262,11.967787115845647,5.5476368155496
316069662,4352914983,356.085,900,2093.810965656704,30.308157242375614,11.74881722938063,167.50564280656192
263928959,4351533396,37.742,900,2161.743914457575,7.716940952630292,4.890798080700069,33.86323950830075
316071836,263928959,28.717999999999996,900,3794.454671395412,9.502265342370654,3.0222266970325777,63.29745884478559
515494237,263928959,84.821,900,2605.8929755974127,10.20033366457476,8.315512294914333,61.23724736389041
4351533396,1273517214,118.70300000000002,900,2161.743914457575,24.270680989350694,4.890798080700068,106.50384503613535
4351533396,1841059660,55.663999999999994,900,0.0,5.00976,11.11111111111111,0.0
3247349424,263928969,8.744,900,2228.5445662722727,0.8064639477885179,10.84239416278652,4.560887176331007
4348953287,3247349424,74.701,900,709.9357579980133,9.215181491039196,8.106297208865493,14.962970012024002
316627505,263931534,18.845,900,908.6604491382056,1.215686536339986,15.5015289194004,3.500412404361131
316627505,3811321991,67.184,700,1433.1186395468233,9.15398626880529,7.339316230891436,29.23223796751186
263928969,1273789993,63.477,900,2219.911725669357,5.82300122619708,10.901079621007726,32.88517026181574
4348953287,263928969,69.548,900,1698.5784937282224,8.002666968751727,8.69060280423593,31.733032569283058
1273789993,6302855148,52.08299999999999,900,2219.911725669357,4.777783651779738,10.90107962100773,26.982345144637435
5481378748,1273789993,180.606,900,0.0,21.672719999999998,8.333333333333334,0.0
263931534,370967384,298.722,900,1565.776025033102,29.80104460172796,10.023876813455027,114.52442560438571
263931534,3261271978,26.777999999999995,700,219.46969210542963,1.60780305679509,16.65502493407237,1.1867797909311197
3811321983,263931534,57.102,700,1605.0708167646517,10.277112292932905,5.556230035480531,34.48843377600088
370967384,263937717,20.821,900,818.7697164120791,1.31116078496133,15.879822092615495,3.468730682560577
370967384,1273724851,218.00999999999996,900,3603.676391271696,61.124914865050805,3.566630734477323,409.69971460096303
370967339,370967384,26.609,900,2856.670082650676,3.912075005536902,6.801761204051384,24.452972649006828
3261271978,5481378748,624.147,900,1325.289713786533,50.18612897225581,12.436643606145529,181.157691334107
3261271967,3261271978,265.318,900,1105.8200216811035,18.543612759035053,14.307783679894223,61.15539472571109
263933784,316625730,108.68600000000002,700,207.4309574372538,9.787196127588839,11.10491693260629,5.209745208223644
263933784,316625581,191.848,700,1371.2725448790934,35.66001680936758,5.3799189446709175,101.49532961520569
316625303,263933784,90.525,700,1578.7035023163485,23.394356980045494,3.8695228972189497,70.44311137207505
316625730,316625302,89.305,700,0.0,6.4299599999999995,13.888888888888891,0.0
316625730,263933795,71.504,700,652.917877609393,9.050287492984967,7.900743490792307,13.4200083117972
475736562,316625730,185.517,700,445.486920172139,16.89465540455269,10.980809940048127,19.211834232912075
316625581,4083509602,10.037,700,1371.2725448790934,1.865641490740698,5.379918944670933,5.309977812371345
475736562,316625581,52.025,700,0.0,6.243,8.333333333333332,0.0
263933795,4353201385,436.615,700,672.7280956722459,33.376109352298315,13.081662556631521,63.04866496144148
471609479,263933795,76.629,700,19.81021806285288,9.195480426683195,8.333332946654973,0.4199314339256621
4353201385,263933814,66.754,700,1378.592226623598,10.036595311463886,6.651060237902888,30.11909061165788
4353201379,4353201385,43.861,700,1081.1561912075706,59.894446768750875,0.7323049525667192,48.02769937455412
263933814,263933815,19.367,700,2915.924027010283,31.76645130445147,0.6096683515066124,59.225865446167795
263933814,4353201386,372.56,700,1871.0787788748985,38.65875180764748,9.637145085638801,174.87836688613467
791160081,263933814,21.74,700,3408.410579261583,14.13740624156832,1.5377643981169415,60.49219276459214
263933815,4214376190,22.077,700,2439.9759669348778,4.942468910345358,4.466795927393574,23.933189033364037
263933815,4295434761,19.946,700,1945.2737615947249,2.216616479469804,8.99839922004501,10.178612896999674
4353203299,263933815,374.152,700,1469.3257015193212,28.676146321490318,13.047499332907403,118.1213054073377
4353201386,4353203307,29.785,700,1871.0787788748985,3.090645594241944,9.637145085638814,13.980975299826943
4353201386,4353203299,30.439999999999998,700,0.0,3.6527999999999996,8.333333333333334,0.0
4214376190,791160081,18.99,700,78.68856029848695,1.13941316123754,16.66647415181212,0.30172625425305943
4214376190,392153218,32.847,700,2853.218951948949,11.692750926403283,2.8091764039742366,56.92152413212088
4344933417,4214376190,20.197,700,491.9315453125563,1.233201143176188,16.377701327766644,2.0112470641147415
4295434761,263933831,474.339,700,1945.2737615947249,52.713709227676105,8.998399220045007,242.05921302265799
4295434763,4295434761,29.917,700,0.0,5.38506,5.555555555555555,0.0
263933831,263933832,19.676,700,2122.455863452888,8.398559546551374,2.342782698740212,28.100789414943208
263933831,316627718,373.647,700,1763.9430654061357,87.81089496665652,4.2551325794126225,303.4815491145901
4366709070,263933831,73.967,700,1941.1251672642984,23.421574410850926,3.158071216840658,81.12139240907979
263933832,392153976,72.233,700,1479.4421403902677,10.589349346168738,6.821287846748973,34.30213419085776
263933832,263933836,123.002,700,2110.361315790881,51.48278239917217,2.3891871081540037,172.8432221375427
316627688,263933832,513.632,700,1467.347592728261,73.8616059293778,6.9539782345255965,238.3779569679175
316627718,316627728,221.111,700,885.4715645584482,15.723824263225158,14.062164286402886,41.01677802402798
316627718,1666723096,137.136,700,878.4715008476867,19.4090079097152,7.065585249793031,37.643265902451674
392153976,4366709070,23.445,700,1641.9455961570063,4.487125111646148,5.224949030092669,15.190062889572994
392153976,4354632363,125.28699999999999,700,1531.30841546702,19.9704512363595,6.273618884078811,65.69458469413007
316625118,392153976,138.411,700,1693.8118712337591,28.899416472171094,4.789404662661057,98.8620086195005
263933836,316625051,80.944,700,1743.507545799374,18.37753227112505,4.404508657954037,63.357131010597506
263933836,4069101992,60.49399999999999,700,366.8537699915071,3.649446585503886,16.57621192218312,4.4844593407229505
316625051,316625114,6.021,700,2402.1265935189394,3.9851712849539336,1.5108509947194402,11.888345758791573
316625042,316625051,524.725,700,658.619047719565,33.26831935968023,15.772513012362873,70.40693885845084
4069101992,263933850,421.049,700,366.8537699915071,25.40079735808223,16.576211922183113,31.212634657190144
4069101985,4069101992,51.992,700,0.0,9.35856,5.5555555555555545,0.0
263933850,263933851,20.046,700,1483.4207210894997,2.957490624828792,6.778043464181887,9.59180017010932
316625042,263933850,171.517,700,1116.5669510979928,22.665274464504204,7.567391264933084,56.82766697850554
263933851,263933864,385.023,700,1287.0548231234109,42.19992245647159,9.123784537688282,128.80223302592853
263933851,263935458,219.859,700,196.36589796608808,19.796173906049322,11.106136016152869,9.9759586782896
263933864,391031638,23.175,700,1550.412627097476,3.811162794079338,6.080821327286908,12.605416060565549
263933864,4353264739,111.437,700,1099.1081631879194,9.626011371076663,11.576653683875282,27.71366716023208
263935441,263933864,91.594,700,1362.4659671619816,11.201157507046439,8.177190611093534,34.99023116048184
263935458,4069186616,786.386,700,804.7162204976646,79.71650844025478,9.864782281443919,156.46352607586496
263935458,263935459,17.598,700,880.1628348978192,1.24679532196689,14.114586163379377,3.2413107100438907
263935444,263935458,368.187,700,1488.513157429396,54.765387189939794,6.722987253299921,177.89034663095882
391031638,391031630,381.209,700,1376.782592228393,47.63250209319965,8.003127764611468,149.45922498072775
391031638,4354448464,93.522,700,1549.512420383956,15.35716271103965,6.089796778201144,50.78098649976478
4353264733,391031638,112.58300000000001,700,1375.882385514872,14.048269035979056,8.014012239633468,44.06769207622856
4353264739,316627686,347.296,700,1099.1081631879194,29.999688120906352,11.57665368387528,86.3702876969047
4353264733,4353264739,29.680999999999997,700,0.0,3.5617199999999998,8.333333333333334,0.0
263933883,263933884,21.589,700,314.0160847794484,1.9487018930119862,11.078657067773069,1.56853269188616
263933883,316625723,122.46300000000001,700,864.3268272339762,12.8749177876986,9.511750056921361,26.775664621827882
3401227674,263933883,291.292,700,1178.3429120134251,27.629264940610625,10.54287910395499,81.59650696620166
263933884,263933885,92.979,700,1248.2092011805055,14.488104246719184,6.417609813999992,39.04742390333447
263933885,263933886,37.242,700,1246.8359850922598,5.79232563088401,6.429541840919641,15.600472057424676
263933885,4354647510,24.246,700,1.3732160882464566,4.3642800000046735,5.555555555549606,0.012529905672699706
263933886,4332471858,55.02,900,2709.3654002400585,8.610387105024234,6.389956610417128,50.322368759046064
263933886,263933887,19.662,700,1609.4401092688995,5.3467830895636625,3.677351347650156,16.161101760493906
263935415,263933886,15.115000000000002,900,3071.969524416696,3.199042941112494,4.72485061258466,19.78180598446875
4354647510,1273657682,13.955999999999998,700,601.7060434269857,0.870429209990388,16.033469281383738,1.7057478264570756
263935415,4354647510,29.146,700,600.3328273387393,1.817194121097726,16.039012927465095,3.5539781939441935
4332471858,387411230,429.06699999999995,900,2763.223769676213,70.11692834055128,6.119306851493297,413.90615174101777
263933887,4356049400,37.985,700,1304.3038193797877,4.266350248745508,8.903394654756543,13.090357799269135
263933887,263935414,14.28,900,1858.8129931615003,1.9845646907912522,7.195532635575875,8.180199224868115
4356049400,1273843494,834.208,700,1304.3038193797877,58.673323148964876,14.217841349842091,227.20623550073577
263935414,263937717,255.74999999999997,900,2278.942411062282,60.979840044732406,4.194009033352529,271.21228328470187
263935414,263935415,20.295,700,1021.1126455123722,1.616549488149048,12.554518218454179,4.520775851864388
263937717,3261271964,22.687,900,3097.437513047791,15.175707369659342,1.4949550256456525,57.99562208653987
1273724851,263935415,51.80200000000001,900,2651.189706243064,7.74278359029324,6.690358757403694,44.74504140895947
263935441,263935444,81.361,700,1488.513157429396,12.10191198266286,6.722987253299922,39.30974339735362
4354448464,263935441,26.448,700,1494.4482290108203,3.971623645834356,6.659241247025012,12.92382245035295
4354035770,263935441,669.099,700,1356.5308955805583,81.10354033397715,8.249935788804164,252.88498722298664
263935444,6129445753,47.206,700,0.0,5.66472,8.333333333333334,0.0
4069186616,391036770,20.779,700,985.2308800273742,2.4009862897461063,8.65436012223014,5.515152210179775
4069186616,4351533382,946.5040000000001,900,2561.299426414475,110.01899568608842,8.603096166234888,655.7919760629112
391036861,4069186616,36.755,900,2741.814085944184,15.946223685914191,2.3049344298654777,68.39721594290693
263935459,316625042,60.46000000000001,700,1775.1859988175572,14.481078832284553,4.1751032986029095,50.106706375695445
391036861,263935459,763.326,700,1196.7316873727823,74.10191556257303,10.301029254168652,220.0767083888269
3261271964,370967339,24.341,900,1798.487079221609,3.14513135776938,7.739263398290417,12.775841528953514
263942193,263942205,418.73800000000006,900,0.0,37.68642,11.111111111111112,0.0
1825885286,263945899,597.818,2000,7717.704988576923,72.90927375249282,8.199478190242708,1291.113167343784
1245526417,266953472,63.88,900,64.11704824089696,3.832807141780152,16.66663561118571,0.827016909918475
266953472,1245526419,56.222,2000,616.6322620113455,3.3745102046630757,16.6607882596738,7.000504891409063
1404067300,266953472,1518.705,900,720.3606939247874,91.29138339471432,16.63579785436718,220.9581679507273
266953473,1245526417,20.984,900,3107.2332334555645,14.198947686943601,1.477855997687454,54.047263251505086
1245526417,1245526419,37.271,2000,3043.116185214668,4.056405698557824,9.188183522484199,29.343226211193546
1245526419,1245526398,77.584,2000,3659.748447226013,13.385923379988048,5.795939345954128,103.39811182665663
1404065131,1404067300,929.8210000000001,900,1207.5096047649183,68.86629281634592,13.501830314572999,238.3029794799506
4060113093,1404067300,5378.999,900,2997.213184582068,502.21309847592244,10.710590815579623,3798.850300144598
266954089,266953473,80.933,900,3092.024617906336,53.79383146803326,1.5045033564507126,206.0285095287004
1245524125,266953473,37.315,2000,15.20861554923118,4.477800000584629,8.333333332245319,0.15698894978623948
1706421356,266954089,1630.205,900,1157.1930901096966,117.15036586648502,13.915492179153128,396.47515827665325
1245524125,266954089,95.857,2000,3375.7979206955238,7.5742240395795415,12.655685849678298,70.36002410404222
529750162,1706421356,102.729,900,0.0,6.16374,16.666666666666668,0.0
1706421352,1706421356,80.956,900,844.2543063475406,5.129435645004095,15.782632944980708,13.922577636497289
266954459,289311716,88.669,900,1906.0105629262605,13.061557868496049,6.78854703954312,54.44883920027324
289311395,266954459,251.365,900,3977.532801893303,41.09471730706838,6.116722938419257,349.15786042582374
4060113096,266954459,340.587,900,1843.148117912363,22.0603814818459,15.438853597354083,128.43160684412186
289311716,289312567,442.04600000000005,900,1922.5036641469576,49.85228466613651,8.867116180540297,225.16352280783764
289311410,289311716,382.434,2000,16.493101220697454,22.946040066297346,16.66666661851214,1.2736047536584187
2833482623,289311395,661.996,900,1062.6955407794787,129.0828687068597,5.128457452424284,281.6000239701952
4060113093,4060113096,10.594,900,917.7285525386308,0.638747022859218,16.58559589456584,1.9644649015243691
1405093903,4060113096,2166.185,700,925.4195653737336,158.6905169061157,13.650374592210547,423.91540912985215
273349134,1296147787,226.38900000000004,2000,5897.990058053534,17.205468370091232,13.157967869885985,285.9983892724784
273349134,1296147588,364.871,2000,9.384892920884942,21.892260006631115,16.666666661618372,0.6914241105959837
273350397,273349134,117.71500000000002,2000,5907.37495097442,8.406861202535453,14.002253298115349,145.8692337032991
1296147751,1296147787,378.677,2000,117.44948222889016,22.720630550759846,16.666658927180872,8.980404791572216
1296147588,273349255,108.03,900,2624.981745439201,13.18422522854597,8.193883078248517,79.39444170608984
1296147751,1296147588,262.063,900,2615.5968525183143,31.751486608412666,8.25356630484714,190.91638112529765
273349255,273349444,231.336,900,1084.5677010186137,14.29842578549919,16.17912373504854,50.88744547590139
273349255,273349266,352.968,2000,1540.4140444205857,38.751161931477526,9.108578489185495,141.47954512422382
273349444,4365460951,94.436,900,1774.7338037441375,6.890361537797886,13.705521761370614,35.394952797253055
549107324,273349444,419.949,2000,690.1661027255238,30.253069820550266,13.881202882582766,60.96105214441455
273349266,1296147529,122.317,2000,7356.872029523425,13.276863578802079,9.212793313271069,232.39823933394806
549107324,273349266,225.168,2000,6956.551856415997,21.57159500426414,10.438171120656131,374.49238129993796
1296147529,1296147603,355.713,2000,502.6904302281627,32.09399222576686,11.083476231243479,41.362824534944366
1296147529,1296147360,257.455,2000,6854.181599295256,23.911707885430165,10.76690135366165,414.604267120064
4365460951,4365460950,30.275000000000002,900,1773.7395054725837,2.208084920062044,13.710976296667665,11.339351401692959
4365460951,4365460959,28.095999999999997,900,0.994298271553556,3.37152000000036,8.333333333332444,0.007727822444546722
549087750,549089857,73.493,900,2082.5650685878195,6.21601668928866,11.823166454273194,34.28390174162817
1296147464,1296147498,89.234,2000,109.29566387927242,8.03106279668616,11.111107241848543,2.253075911342499
1296147464,4365460941,66.09,900,1629.97611965976,4.574997489826254,14.445909565408291,22.394435457437687
273350406,273350397,312.682,2000,1087.0486510542528,19.78381056717096,15.804943084061932,69.22055002727758
273405242,273350397,206.479,2000,4820.326299920167,11.709732913958927,17.633109270482226,199.69564961717353
273350406,273405235,195.006,900,1046.4968180045644,13.247562327891336,14.72014210413908,42.21369801786707
1296147603,273350406,125.37000000000002,900,2133.5454690588163,10.916761553861148,11.484174989208032,60.761951465422946
273405235,4365467373,108.585,900,1969.9080123235624,8.651763216286975,12.550620871776559,46.66826953711401
273405242,273405235,394.804,2000,923.4111943189982,23.730271265736846,16.63714651968775,73.63061657502878
273353475,3918957461,324.184,1200,2893.527276459652,24.725782013295646,13.11117277607958,201.1840132989564
1759542274,273353475,491.28599999999994,1200,2893.527276459652,121.87306818106036,4.031128512085397,680.647120968569
3918957461,5589381656,235.949,1200,2677.705576509706,16.43334878660615,14.357937816807494,131.56405843462042
3918957461,3918957463,66.733,1200,0.0,6.00597,11.111111111111112,0.0
273353499,8504991397,624.899,1200,3119.1012898805643,138.25186034636474,4.520004276502536,858.4090346840113
5589324863,273353499,142.173,1200,961.94097651745,13.17777347212275,10.788848381766725,32.09645917001211
8504991389,273353499,200.623,1200,2157.160313363113,18.11167809611896,11.076996782699569,100.13975857595695
8504991397,5589085006,1628.455,1200,3119.1012898805643,138.3719685454409,11.768676973510143,1140.239076241035
8504991397,3784181358,52.897,1200,0.0,4.76073,11.11111111111111,0.0
273353510,273353511,54.864,1200,0.0,2.82157716,19.444444326307206,0.0
273353510,273353511,63.06700000000001,1200,3801.275197634135,47.01914741224663,1.3413046273904476,205.8456424316537
5589085009,273353510,606.689,1200,3801.275197634135,76.09264515623087,7.973030754212401,658.5334232558015
273353511,273353521,842.928,1200,3801.275197634135,105.72240662558043,7.973030759555623,914.9601544247272
273353521,3951163935,406.417,1200,0.0,24.385019999999997,16.666666666666668,0.0
273353521,3951163935,407.366,1200,3801.275197634135,26.639868197279682,15.291592172426663,317.4548105641052
3951163935,4334655816,6.307999999999999,1200,3801.275197634135,0.6922712540106,9.112035150174547,6.237812765098155
273403304,5589085019,349.961,1200,3646.725292108143,39.931727637423876,8.763983446386572,340.84218880692697
273403304,5049114711,72.968,1200,0.0,6.567119999999999,11.111111111111112,0.0
3129522123,273403304,1501.602,1200,3646.725292108143,93.62767667937057,16.03801411352179,1112.2597849722843
5589085019,5589085018,307.955,1200,3646.725292108143,35.13870180425271,8.763983419635876,299.93072506261444
5589085122,5589085019,74.194,1200,0.0,6.67746,11.11111111111111,0.0
4365467373,4365467892,65.29,900,1969.9080123235624,5.20213307907516,12.55062087177657,28.060701920874628
4365467373,4365467381,29.965000000000003,900,0.0,2.69685,11.11111111111111,0.0
4274224277,273405242,1060.141,2000,5743.737494239168,89.52078465689237,11.842400667769144,1362.9294520771496
273411491,1367679653,81.208,2000,8535.135061586674,13.002969460775088,6.245342669224366,238.17315983567354
1367679714,273411491,91.926,2000,682.2293190489465,5.51847588414717,16.65786023711261,12.664149879212182
1367679830,273411491,323.236,2000,7852.905742537727,41.21100594202569,7.843438727380688,733.5441797424443
1367679653,273411492,156.367,2000,8260.650941430691,22.8311211168197,6.848853334880885,413.33632756763734
1367679653,1367679647,77.408,2000,274.48412015598205,4.64454433764012,16.666435794933285,4.290221792794556
273411492,1367679576,235.982,2000,47.24650537245977,14.15892017217418,16.666666463997984,2.251253599943865
273411492,1396712043,965.3550000000001,2000,8213.404436058232,73.59404590044733,13.117297577386383,1700.2372532710283
1367679576,1367679503,296.467,900,1117.3489688268096,25.013886637124774,11.8520965694309,74.11640369721555
1367679647,1367679576,315.887,700,1070.1024634543498,31.729313752706204,9.955683329995056,83.11036310333944
1396712043,2025595290,142.201,2000,10554.443508127064,11.359889591501352,12.517815323344736,327.8042873166681
1273864920,1396712043,154.619,2000,2341.0390720688315,7.058595504166794,21.905065945304006,72.31761151348991
273411702,5650016217,518.166,2000,1097.7389250094238,31.200133096029774,16.607813768138598,114.90961113238542
273411702,273412517,707.727,2000,8951.21465627298,39.663180719974676,17.84342524107209,1269.7752121699539
471050831,273411702,883.2070000000001,2000,10104.329747590904,46.42326328558925,19.025095124542137,1782.2191480495715
5650016217,4379572815,4485.551,2000,3460.0942627248533,215.79658082196687,20.786015157953777,3096.863632559598
3977332107,5650016217,110.26800000000001,2000,0.0,13.23216,8.333333333333334,0.0
3977332107,5650016217,110.573,2000,2362.3553377154285,13.467967336890185,8.210073371438083,73.02979699766693
273412517,331609324,379.214,2000,12472.503682651037,38.10140919633178,9.952755239208026,1163.0913083417306
3063638280,273412517,45.248,2000,3521.2890263780537,3.200151433532064,14.139330884744718,33.32502304406163
331609324,2981980783,196.229,2000,3317.8118853577325,67.47956259107433,2.9079767631148763,387.26428091595545
331609324,331609329,1021.152,2000,9154.691797293308,95.18038145019426,10.728597473990433,2200.7146102420816
273412947,1367679869,34.816,900,1737.406715314745,3.338001076948674,10.430194358063517,14.468159419285715
273412947,1367680060,782.096,700,273.73338212862564,62.67351645929018,12.478891311420407,46.819666114947964
273413062,273412947,52.543000000000006,700,0.0,4.20343998,12.500000059475097,0.0
1367679525,273412947,502.295,900,2011.140097443372,54.500511600547995,9.216335503077177,260.82194575898615
1367679869,1367679861,52.90200000000001,700,817.9008763555893,4.802769354398856,11.014894969200856,10.041686098713454
1367679869,4557933183,174.547,900,1898.0998124575851,17.911147476801368,9.745160114731588,82.53639472118363
1367680102,1367679869,914.7430000000002,700,978.593973498429,93.39907649409446,9.793919108588172,222.3150385709479
1367680088,1367680060,128.819,700,0.0,10.30552002,12.499999975741156,0.0
4374908342,273412958,951.238,700,537.9420358655426,70.21711209994658,13.547096591583177,108.48530717122169
273412958,273413062,930.4430000000001,700,813.4855683613729,84.25638517618404,11.042996896370527,175.42327725292887
5581042150,273412958,30.51,700,813.4855683613729,2.7628369615706343,11.042996899337663,5.75227519388774
1273864920,4374908342,504.472,700,537.9420358655426,37.238385110019,13.547096591583172,57.533235509179065
273413062,1367679536,495.1329999999999,900,2635.0533653132297,81.20176999700816,6.0975641296765195,456.7445099377849
1367679861,273413062,29.87,900,1821.5677969518576,2.9625777911105877,10.082435671268085,13.275776963888795
4051659315,5581042150,319.012,700,813.4855683613729,43.33225883896615,7.361997932891772,78.6073480323301
1367679861,5581042150,930.524,700,817.9008763555893,84.478699329578,11.014894966241524,176.6290483658831
1367679536,1367679477,94.62,900,298.78949220209745,8.523283124503177,11.101355970210765,6.534172284801504
1367679536,1367679479,76.091,900,2336.263873111134,10.036779438596843,7.5812167105504935,52.67850355461003
273413079,821402819,14.056,700,2087.5407802691034,2.694767298211482,5.216034798006111,11.593583000694116
273413079,4354440573,866.025,700,988.0932987243508,89.17894258036758,9.711092943488795,213.64453142912626
273413150,273413079,139.09,700,0.0,11.12719998,12.500000022467468,0.0
1368903697,273413079,208.31500000000003,700,3075.6340789934543,94.87182324738728,2.19575204596626,445.9049772380782
821402819,821519054,1116.542,700,2085.401704826945,213.59475535865906,5.227384905238665,918.4587173931582
821402819,821565204,140.931,700,635.7356862977389,11.829331798771962,11.913690679859911,19.998019757718037
1938228015,821402819,412.608,700,633.5966108555793,34.61134328867495,11.921178457555213,58.33489017923372
4354440573,821565357,75.09,700,988.0932987243508,7.73239432852377,9.7110929434888,18.524370387705986
4354440573,4354440580,179.719,700,0.0,21.56628,8.333333333333334,0.0
273413150,1367679448,174.001,700,3092.806108179182,89.71875022780657,1.9394050804117398,397.87756242999876
821565204,273413150,10.266,700,3014.798628255905,5.46634741295367,1.8780365067307163,23.223598572983608
3725508768,273413150,1312.333,700,78.00747992327624,104.98781123954586,12.499860550532958,22.372592141760155
1367679448,1367679467,64.243,900,394.99208453048544,5.797387370526198,11.081370951096028,5.870396209508988
1367679448,1367679459,45.661,700,2697.814023648695,15.168637541666177,3.0102242125949323,71.73238342133091
273420056,427589721,32.01,1200,2443.9255169267158,4.310777086114398,7.42557533376258,23.543831452755686
273420056,1756592891,13.97,900,67.51319153478633,0.838200379256826,16.666659125573563,0.19044120585219249
2832443285,273420056,23.466,900,12.079209043199318,2.111940000979188,11.111111105959512,0.06548171049062886
427589721,1743642573,23.901,900,408.2702175488216,1.4349277394136122,16.65658788488347,1.970496307218919
427589721,847760094,225.093,1200,2762.325888356636,18.924205653228473,11.894449052428211,138.88827369229168
4080321132,427589721,13.662,900,726.6705889787411,0.82469791027686,16.56606598580263,2.0062931461492237
1756592891,4080321132,31.792,700,382.4862439378003,3.8396400784655698,8.279942742108524,3.3791927683456073
1756592891,2832443284,72.651,900,58.631411697137466,4.3590611218775335,16.666662377220298,0.8600977543623756
2832443283,1756592891,61.703,700,373.6044641001515,7.447822016088888,8.284703886143939,6.403537209091535
273423689,4331448803,379.844,700,805.1336349439636,38.5140250019187,9.862485159135584,75.62580590746039
4331448803,273426330,621.814,700,777.8950322851483,62.13718162908666,10.007116249844946,118.5555610243494
273426029,1305383136,682.711,700,0.0,61.44399,11.11111111111111,0.0
1305383136,5056686922,573.844,700,505.2343042205608,52.659828876008035,10.897186949679682,67.67345838320837
3958441183,1305383136,52.252,900,505.2343042205608,5.243226387414546,9.96561966605559,6.486797709471524
273426306,3987072558,1083.926,2000,8978.552477387822,97.12445697879315,11.160175652118932,2243.107534975086
273426306,3987077296,464.786,2000,2054.784877252978,29.100350120789855,15.971835324000033,194.12409892260598
3987072558,1918032381,568.189,2000,8226.005503820417,82.00439988144092,6.928762369110288,1482.4113539890081
5463286185,3987072558,241.866,2000,1995.8528406137168,15.073912066031053,16.045337065820043,98.04324978916415
3987077296,3986979187,93.836,2000,2054.784877252978,5.875091878702104,15.971835324000033,39.19186237645207
273426330,3987077296,75.538,2000,0.0,6.79842,11.11111111111111,0.0
4375704579,273426324,14.37,1200,124.80530766726343,1.293310946437182,11.111017067926728,0.41431837975337615
273426330,273426324,317.854,700,777.8950322851483,31.762796800219537,10.007116249844946,60.60230116052959
3986979189,4375704579,184.128,1200,3211.6739683011738,22.97695030248746,8.013596128989603,168.24176401611862
273427006,549107324,83.937,2000,7646.717959141524,10.002465819033876,8.391630775710798,176.67784762363866
273427016,273427006,27.16,2000,6889.290807131064,2.5493941118264343,10.653511700684858,44.22087451868956
1296187403,273427006,45.408,700,757.4271520104583,2.994640105381518,15.163090856360187,7.064017155145672
273427016,1296187410,45.432,700,508.4146190682496,2.7807930803403837,16.337785188403476,4.677528691976071
3987072569,273427016,772.345,2000,7397.705426199317,84.93268607350271,9.093613256639438,1488.3471407267002
1296187410,1296187403,25.407999999999998,700,743.2352851710166,2.219510096727324,11.447571262443994,4.296564178132719
1296187410,5588932254,73.125,700,592.5454272939011,4.550458811382918,16.06980812947448,8.798102795034996
3987077297,1296187410,1066.705,700,827.3660933966682,97.38396581514509,10.953599918335906,205.432008523146
1870310384,844402503,375.261,900,2597.629962574809,162.65364632826686,2.3071170457663763,661.2694216435519
675130104,273427295,15.822,700,2178.1822072937334,8.86500809983767,1.7847699428824797,26.45416435555624
675130104,273427305,643.297,700,1690.1744440562177,133.49712116292034,4.818808034181638,456.3793835460549
4365496316,675130104,71.477,700,1697.8611571569693,18.031260809555747,3.9640600152664005,58.80634852904802
4365496316,4365496317,15.142000000000001,700,0.0,1.81704,8.333333333333334,0.0
4365496317,1305383171,493.622,700,1808.9156905033217,58.18771650189854,8.483268113535512,243.9200303941976
273427295,273428191,817.856,700,1333.9287525426505,115.0568693198315,7.108276149306213,339.3347333549414
675130128,273427295,15.813999999999998,700,2372.887556289334,2.7390777011601477,5.773476230083547,13.706246309728094
273428191,769214423,19.988,700,1389.097738653017,3.0535212066455824,6.545885437605207,9.199690562074258
273428191,675163805,925.996,700,1764.2069379536974,87.59054204566338,10.571872012360108,387.75371804594346
3462138223,273428191,18.09,700,1819.3759240640632,4.668456904567788,3.8749420568282615,16.206998641652437
273427305,675127366,27.996000000000002,700,1893.2182697247715,3.5568456637008303,7.871019056494764,15.27766037124698
273427305,1305826423,114.27100000000002,900,1721.449647225414,13.494620166853565,8.46789302604311,53.80439085648533
675127246,273427305,19.217,900,1924.4934728939672,2.896828730095812,6.633806065353543,12.128315729725253
675127366,1305701021,14.369000000000002,700,1876.357974536024,1.797754903481178,7.992746937959022,7.685028964402158
675127366,675127367,18.562,900,1804.8163582581165,2.416599738606966,7.681040307775565,9.831574168154418
4375725229,675127366,106.523,900,1787.9560630693682,13.592801743991412,7.83672137696613,55.07431176071944
1305826423,1305383127,482.607,900,165.43571567769172,43.49202438997216,11.096448297570472,18.457204820814813
1305826423,1305383414,458.024,900,1556.0139315477224,45.243349255471735,10.123565287214154,173.46973297418074
4366814218,273427390,17.169,700,0.0,2.06028,8.333333333333334,0.0
273427390,1305701657,149.893,700,1341.5913783845042,10.72747468509138,13.972813210952188,42.21029012601657
1162293848,273427390,1906.6490000000001,700,1341.5913783845042,136.45419653255857,13.972813210952182,536.9177176951526
4366814218,1162293850,1910.2090000000003,700,1541.831774347619,153.1594155478558,12.472031139366297,644.2558038656117
1305701282,4366814218,146.793,700,1541.831774347619,23.803692064373838,6.166816458682895,78.54045026306113
1305701657,769214402,11.875,700,1347.5523545310325,0.8523223303772041,13.932522446929903,3.361881677309039
1305701657,5064825005,280.391,700,0.7145164214468759,25.23519000000198,11.111111111110239,0.04628270523845217
1305701282,1305701657,16.627,700,6.675492567975697,1.49643000089529,11.111111104463511,0.0256412778854937
273427392,3313063447,11.995,700,2413.091973530168,2.17199914488639,5.522562026895925,10.943277661322337
1305701774,273427392,16.615,1200,2785.343689878903,1.410369059342598,11.780604438206119,10.38393276872595
1305702158,273427392,12.199,700,2448.7949485903832,2.7579715086601917,4.423178398215655,13.369238402917837
3313063447,1305701282,12.026,700,1544.810793068666,0.966118469985108,12.447748773693739,4.067169683881308
3313063447,769214402,16.559,1200,3566.88974429016,2.101745628192942,7.8786889230916355,17.012755043060146
769214423,769214408,18.113,700,1800.8137892806844,4.530207807774444,3.9982713307137177,15.709343236389806
769214423,4439657969,556.187,700,1389.6790408184816,77.31151135874605,7.194103313013039,238.23229795916373
6047098112,769214423,893.7470000000001,700,1801.3950914461502,87.23035595270522,10.245825438160242,389.09708458669417
675163805,4363529509,18.667,700,0.0,2.24004,8.333333333333334,0.0
675163805,675163806,24.042,700,1764.2069379536974,2.274147849301548,10.571872012360123,10.067402979343917
273428359,3501099344,95.104,700,1309.9682835524316,12.922519272485179,7.359555671354026,37.74627947263042
842695095,273428359,405.767,700,739.4866038338953,39.80917162060885,10.192801896684985,72.73950685835474
4419693264,273428359,11.149,700,1113.785564690409,1.174904430431922,9.489282456702771,3.145949115080343
3501099344,3374306426,175.409,700,1309.9682835524316,23.834183452508334,7.359555671354026,69.61891335816189
3501099342,3501099344,21.062,700,0.0,1.8955800000000003,11.11111111111111,0.0
273428365,1330495174,385.854,900,2705.3838768490878,159.88825158608944,2.41327299643553,691.3218358285388
4430045829,273428365,28.926,700,1457.1877083904014,4.91182861827246,5.889049119587069,15.160493531075238
1870310453,273428365,181.113,900,1248.1961684586872,16.53000992842203,10.956617738540537,52.61317129605794
1330495174,1330494721,11.328,900,1087.3567294034135,0.784438413841008,14.440904219022588,2.5608820381337742
842695098,1330495174,32.164,700,1762.0909391046612,11.302900297628652,2.845641309137975,34.15763612161069
3737747686,273428687,10.758,700,558.2180793687995,0.797235678504858,13.494127633845535,1.2748513657542602
273428687,3737747708,68.576,700,558.2180793687995,5.081914286033592,13.494127633845476,8.126436815203968
3737747688,273428687,78.513,700,59.56921865429112,4.710797871234438,16.66660343875593,0.9443642807519448
3737747700,273428687,64.831,700,854.4912589661044,5.4175877922431095,11.966765004311492,12.3397508829526
8831128638,3737747686,42.37,700,558.2180793687995,3.1398843370748217,13.494127633845496,5.020956717513301
1272935760,3737747686,39.761,700,2.8137781062504583,3.578490000067578,11.111111110901284,0.025845777203665984
3737747708,3737747711,60.159000000000006,700,558.2180793687995,4.458161478264913,13.494127633845485,7.129000121993927
3737747705,3737747708,36.914,700,0.0,4.42968,8.333333333333334,0.0
273428704,273428990,14.318999999999999,700,435.5836002631364,1.3026870459875162,10.9918955931164,1.4491081018748837
273428704,1305701527,715.337,900,135.4047748144431,42.92181072128964,16.66604898486228,19.557922505349318
1272936060,273428704,9.326,700,438.3973783693869,0.8486807947437419,10.988819421577666,0.9500461279449902
769223703,273428704,13.107,900,132.59099670819265,0.786446798280462,16.666098747757623,0.3509095680339896
273428990,1273121408,11.239,700,435.5836002631364,1.02248059989201,10.991895593116404,1.1374066594714591
273428990,769223690,13.184000000000001,900,0.4175741863762377,0.79104,16.666666666666668,0.0011116208625624215
273428804,273428990,694.847,900,0.4175741863762377,41.69082000000014,16.66666666666661,0.05858665211536034
769223687,273428804,78.605,900,0.4175741863762377,4.716300000000012,16.666666666666625,0.00662765153987553
1273122231,273428804,100.332,900,0.0,9.02988,11.11111111111111,0.0
273428841,4346589045,162.848,700,411.5833565691446,14.783035654752497,11.01587006912529,15.554415741701114
1273122333,273428841,136.619,900,127.4658691374496,8.197378580110842,16.66618159267114,3.5162730630876675
273428841,1273122506,46.249,900,312.0199678913353,2.777839875719178,16.64926780130774,2.914223375950491
1272936747,273428841,666.477,700,596.1374553230302,62.265307243298025,10.70382576602056,93.65191689324408
4346589045,769223691,383.914,700,578.1860887896361,35.71563875058821,10.749184766958065,52.2001705882394
4346589044,4346589045,41.015,1200,166.60273222049125,3.69144920989581,11.110812493383225,1.5786047247870896
1273122333,769223703,382.569,900,0.0,22.95414,16.666666666666668,0.0
769223690,1273122333,381.405,900,127.4658691374496,22.884966054115278,16.66618159267114,9.816527186020627
1273123017,1273122506,10.608,900,0.0,0.9547199999999999,11.111111111111112,0.0
1273122506,4346589044,85.889,1200,2131.273716237674,8.862597672331999,9.691176692826245,45.761300290504224
4346589046,1273122506,736.493,1200,1946.302043297412,66.31044568764581,11.106741816654912,331.21559440462875
273428979,273429036,13.059999999999999,700,274.2160369707448,0.78493487297979,16.63832306293297,0.7232917929881824
769223697,273428979,177.059,700,274.2160369707448,10.641637341112524,16.638323062932855,9.805920488108331
769223692,273428979,15.849,700,0.0,1.42641,11.11111111111111,0.0
273429036,769223681,17.261,700,228.14985652496455,1.554758128832202,11.102048402194203,0.9101527131426017
273429036,273429178,475.41100000000006,700,46.06618044578015,28.524698701108903,16.66664405403582,4.422087809670599
273428988,769223695,14.272,700,0.0,1.28448,11.11111111111111,0.0
273428988,1273123082,220.732,700,446.9346622979775,16.083754448421548,13.72391009250098,20.825258640613896
1273121408,273428988,571.459,700,435.5836002631364,51.9891219088611,10.991895593116368,57.83266057611015
273923214,273428988,15.826,700,11.351062034841116,1.1394720056993282,13.888888819420455,0.037777628303230934
769223695,769223676,15.048,700,30.83101715821212,1.0834562949421198,13.888885108008802,0.09756492217767321
769223695,769223692,985.195,700,0.0,88.66755,11.11111111111111,0.0
1273121852,769223695,216.574,700,30.83101715821212,15.593332244869474,13.888885108008733,1.4041750037019818
1273123082,769223675,12.327,700,446.9346622979775,0.8982134039726519,13.723910092501049,1.1630074627278646
1273123082,3951045137,529.131,700,31.564964685272624,47.62180424298646,11.111107787939979,3.858433624422786
1273121852,1273123082,15.665,700,31.564964685272624,1.409850421665678,11.111107787939995,0.11422948707708101
1273121408,1826858734,13.377000000000002,700,0.0,1.20393,11.111111111111112,0.0
3951045137,1273121408,1192.697,700,0.0,107.34273,11.111111111111109,0.0
769223690,769223703,13.858,700,132.59099670819265,1.247336137727112,11.110076571061239,0.4245005117673889
1826858734,769223690,11.978,700,259.63929165926595,1.079495987214564,11.09591896761652,0.7189664672679019
769223681,769223692,13.261000000000001,700,32.414400932070706,0.795660264638868,16.66666112328591,0.08679408824735461
769223681,769223676,975.9199999999998,700,228.8082745010539,87.9053300115378,11.101943418810986,51.607903030417546
273429138,769223681,498.069,700,33.07281890816002,29.88415077208393,16.66666065897605,3.3261099172982074
273429178,1918036675,12.409,700,612.901207200575,0.776193669009804,15.98698945307072,1.5456644290590458
273429178,1295958466,896.54,700,0.0,80.68860000000001,11.111111111111109,0.0
273429138,273429178,19.061,700,566.8350267547947,1.768846707383076,10.775947921569664,2.5373411995417037
4346589043,273429138,616.354,700,566.8350267547947,57.19719550298472,10.775947921569632,82.04713276860224
1295957778,273429138,12.55,700,33.07281890816002,0.753000271427556,16.666660658976138,0.08380902939571117
273429170,549090057,84.487,700,549.0032224325552,6.249557036826666,13.518878138425617,9.84051373248488
273429170,549092975,20.896,700,331.53019519336914,1.5099879834657,13.838520722555579,1.458510593439853
1295958700,273429170,1301.452,700,284.7730630704556,93.89020915002686,13.861424016218923,77.98728186784729
769223673,273429170,19.218,700,595.7603545554688,1.1968442964741661,16.057226538669326,2.325086831222258
549090057,769223697,16.96,700,549.0032224325552,1.254541969114536,13.518878138425675,1.9753940002952342
549090057,4337762677,1264.306,700,412.7702657342749,91.82617747314868,13.768470329386211,110.04918372556067
549092975,549093012,18.772,700,223.1132671975237,1.127160886721208,16.654232968113156,0.8457776995500835
549092975,549087856,330.195,700,321.4253832976869,23.85049357284406,13.844367580550065,22.341688964451237
1918036675,6129107407,653.602,1200,2531.506010771978,50.31442686892082,12.990349700350645,356.1012313433467
1295957778,1918036675,18.314,1200,1964.670984017183,1.669970134640988,10.966663187624707,8.369936514803879
1295958466,4343066099,289.417,700,0.0,26.04753,11.11111111111111,0.0
1295958485,1295958466,15.693,1200,0.0,1.4123700000000001,11.11111111111111,0.0
273429455,4375690412,187.917,1200,1075.6374832699487,14.161858839325967,13.269232671503163,43.16289307562969
1295958693,273429455,11.703,700,317.855938285784,0.845207344387236,13.846306563372941,0.7830214525999177
4375682327,273429455,20.289,1200,1404.2483856621204,1.65896533935186,12.229911932895895,6.284794362721975
4375690411,4375690412,10.779,1200,508.0012112173419,0.9723638305591981,11.08535679880348,1.2665266279902196
4375690412,3987085480,141.084,1200,1583.6386944872902,12.38687299895151,11.38979950887864,50.96325957248394
273430904,5805175485,360.057,700,29.610481240013204,25.92410518602733,13.888888253472482,2.242042086005689
3703610998,273430904,7.589,900,2613.32169980258,0.917868504818538,8.26806885753242,5.5169696415692036
5805175485,6302942768,1139.354,700,288.9771886294542,82.06753309128142,13.883127189076447,69.2477496420472
273431138,4358112702,1280.328,900,2415.4579725215394,133.7707169945417,9.571063299692428,779.2178394591367
273431184,273431138,20.008,900,3395.777595527555,4.676986810831908,4.2779680185673055,31.16242525918617
1359116870,273431138,393.929,700,1896.5437832249245,50.20079546293412,7.847066891417257,215.82902901373913
4358112701,4358112702,29.235,900,0.2082738248611054,2.6311500000000003,11.111111111111109,0.0014066311886065416
4358112702,4358112700,18.579,900,468.6803735727664,1.115911417898982,16.649170984360218,1.758480483836604
273431184,1359116877,394.628,700,1504.1394640526275,37.06851141419104,10.645909019398157,140.33698111293344
3703611006,273431184,190.183,900,2741.8271517296816,25.455743691476695,7.471123307376742,156.21661664798606
1359116877,1359116873,15.459,700,1114.4934797819135,1.519054765476528,10.176723283015082,4.180500561096069
1359116877,4363663819,274.44,700,1154.083957935804,33.68960651782852,8.14613254253256,89.04822105378139
1359116870,1359116877,15.907000000000002,700,764.4379736650902,1.263136177337514,12.593258181813281,2.6492976073283834
3703611006,3703611005,32.532,900,0.0,3.9038399999999998,8.333333333333332,0.0
3703611005,3703611003,201.541,900,2575.287168509756,23.676192400684954,8.512390699873237,141.442942835369
273431237,1359116725,18.08,700,1602.0498189277732,3.885263809183062,4.653480661278855,12.4820218299386
273431237,2549104060,142.82,700,1081.0875706485992,11.118978063488742,12.844705618133771,33.374563770143425
1359116755,273431237,32.424,700,1284.0566049921276,3.013584596291508,10.759279842318248,9.785807682136808
1359116725,1359116739,32.499,700,1920.087772167151,4.232689529883649,7.678096815405538,18.318059662447105
1359116725,4368145528,384.422,700,1148.498964447167,42.18737719036549,9.112251711343461,114.8532586060406
2549104056,1359116725,143.415,700,1466.5369176865431,13.168430262592146,10.890819721117571,49.108463058945446
2549104056,2549104060,17.757,700,0.0,2.1308399999999996,8.333333333333336,0.0
2549104060,1359116531,362.731,700,1081.0875706485992,36.86480829984162,9.839492370330822,97.11056882444653
2542288871,273431528,12.434,700,1706.2229590844784,3.534628685750568,3.517766958132315,11.167162653197593
4635943228,2542288871,17.279,700,801.8274127606626,1.748778428235708,9.88061135762767,3.4222078036989507
4635943228,1470172113,369.738,700,1198.2684333940765,47.95181108472752,7.710615962902812,129.65227873657966
844546832,4635943228,268.8,700,575.5890449762206,24.992011015262005,10.75543700088202,36.37249286878368
273431651,1359117140,327.305,700,1376.7632524913513,49.07512914320124,6.66946793038331,147.16876768630993
1378327161,273431651,67.358,700,1084.7322080811348,6.872729671051146,9.800763775668479,18.13806602623336
1378327152,273431651,78.825,700,292.0310444102167,7.342973415540277,10.734752196321313,5.41732733932524
1359117140,769223685,16.673,700,1376.7632524913513,2.4998995683066063,6.669467930383313,7.496814480786553
1359117140,848387170,431.34200000000004,700,11.82761666950926,38.82078022889027,11.111111045599156,1.178586443573375
599289771,1359117140,15.487,700,11.82761666950926,1.393830008218122,11.1111110455992,0.04231623225102315
273431652,848387191,76.791,700,449.79681760914633,8.274869913885546,9.280025039564887,8.87785172908098
273431652,599289797,42.14,700,969.5600264504556,3.84187274801262,10.968608999816247,9.503359906954845
4362142784,273431652,305.312,700,1419.3568440596014,48.861696904420036,6.248493591968998,148.85006564532142
848387191,599288833,373.348,700,857.9170558552344,27.74769177301247,13.455101168563504,68.06357212625976
599289797,848387191,62.291,700,408.1202382460876,4.522439324036748,13.773761356824306,5.360262388051516
599289797,1378327163,13.951999999999998,700,929.8380648549644,1.230785547472332,11.335849716998437,2.966245705713543
1378327161,599289797,14.798,700,368.3982766505966,1.0713686203515,13.812239521393671,1.1484336919822027
273922618,273922619,15.892999999999999,700,65.38845913960324,1.144302302558832,13.888812392023388,0.2185419253681676
769223683,273922618,425.455,700,65.38845913960324,30.632928719258082,13.888812392023361,5.8503589541001535
273922619,273923292,15.723,700,623.6065385084028,1.183636395296736,13.283640197679345,2.0929362368820668
273922619,6277873574,416.739,700,0.0,30.005208000000003,13.888888888888886,0.0
6277873575,273923292,420.808,700,0.0,33.66463998,12.500000007426191,0.0
6277873575,6277873574,15.333,700,0.0,1.83996,8.333333333333334,0.0
6277873574,5043677859,140.31,700,0.0,10.102319999999999,13.888888888888891,0.0
273923214,1826858734,572.108,700,259.63929165926595,51.56021792063383,11.095918967616477,34.34016260274717
769223676,273923214,13.553,700,259.63929165926595,1.2214400663482199,11.095918967616527,0.813504135154608
769223686,273923214,303.084,700,11.351062034841116,21.822048109147957,13.888888819420439,0.7234800136899054
1826858734,1273121961,344.238,700,0.0,30.981419999999996,11.111111111111112,0.0
8831128638,273925698,7.985,700,1365.8728287654749,1.177788502912092,6.779655243922844,3.5173364730213286
1273649054,273925698,68.809,700,0.0,6.19281,11.11111111111111,0.0
1272936603,273925698,271.068,700,554.3708665743742,22.30252352187787,12.154140303185569,33.23946391471621
4274224245,8831128638,383.777,700,810.6759221998683,28.388701040014695,13.518653053517848,66.00573381347304
1273649054,3918871926,394.849,700,695.1940967558534,27.663396199113393,14.273337848975132,57.255626555410714
1272936908,1272936603,24.443,700,554.3708665743742,2.01108425937732,12.154140178874526,2.997300382752348
1272936603,1272936818,699.77,700,384.0570527674228,56.348546225497955,12.41859900341761,58.89472973024529
4419292628,273928116,499.414,700,0.0,44.94726,11.11111111111111,0.0
3737747723,273928116,156.382,700,0.0,11.259504,13.88888888888889,0.0
4419292628,4274263632,657.421,700,391.9997922174227,59.58881385980993,11.032624370518004,59.75757357020337
5043677859,4419292628,381.025,700,391.9997922174227,30.55645074458559,12.46954376949408,32.675035218963004
273928512,1296147796,218.583,700,0.0,15.737976000000002,13.888888888888888,0.0
1296147796,5588999065,729.338,700,109.29566387927242,52.51459360096783,13.888291805928752,16.763497864681565
1296147498,1296147796,59.799,2000,109.29566387927242,3.587941249441806,16.66666086277283,1.3196924299905435
273948202,6300533682,61.62599999999999,700,0.0,4.93008,12.499999999999998,0.0
273948202,1272935401,14.869,700,516.473531355301,1.366897365264072,10.877919862789001,1.7942250421949502
769223693,273948202,15.086,700,516.473531355301,1.232752049026572,12.237659642839354,1.718258137660819
1272936060,273948202,1139.336,700,0.0,102.54024,11.11111111111111,0.0
6300533683,6300533682,14.349,700,0.0,1.72188,8.333333333333334,0.0
6300533682,6300533681,12.941,700,0.0,1.03528002,12.499999758519438,0.0
1272935401,769223684,13.847000000000001,700,2.3882923094149024,1.107760020010854,12.499999774196874,0.007227318002018975
1272935401,1272936421,827.4150000000001,700,516.473531355301,76.0637153460202,10.877919862788978,99.84321160049329
6300533683,1272935401,65.952,700,2.3882923094149024,5.276160000051713,12.499999999877483,0.03442305721691974
273948251,4166262963,13.763999999999998,700,4283.695216601853,84.60659747781538,0.1626823487802951,70.55419098548226
273948251,3737948902,409.2749999999999,1200,2472.917182286866,24.707769490487202,16.56462758233097,204.53737427789966
4166262962,273948251,16.961,1200,5918.158901754313,7.696140116287572,2.2038320175726693,69.72886800420692
4166262964,273948251,45.225,700,838.4534971344035,3.117535813703208,14.506649707506925,7.87383750325184
4166262963,1321360969,39.378,700,1558.9915556495916,3.193274469202938,12.331542552879585,13.493524718312068
4166262963,769214470,16.863,1200,6210.613701797376,9.107748245269931,1.851500452788396,79.09231174969247
1022562927,4166262963,536.427,1200,3485.910040845106,51.94798507623983,10.326233042777881,449.8579188579835
3737948902,1273629611,275.969,1200,3174.275961194075,22.513882212003935,12.257726028825852,193.04602448698077
4166262964,3737948902,435.983,700,701.3587789072111,28.066002733715273,15.53420357492733,62.4806766506257
273948257,1381254518,17.864,700,3275.510579400161,10.097433398117275,1.7691624490764997,45.087891395712546
273948257,1022562913,739.121,700,1417.6035302701598,66.00688035263984,11.197635701782414,241.0793468858057
1321360969,273948257,594.321,700,1930.6725572415128,65.14526257656159,9.123011812279177,298.2591584509494
1381254517,273948257,16.709,700,2627.4841950424598,4.615389463605048,3.6202795304188085,22.66303874922828
1381254518,1844870185,17.04,700,2492.3823562691136,4.044418364369994,4.213213981549693,19.69712379528165
1381254518,4368709385,313.306,700,1762.5305689614895,29.594678126911134,10.586565552645883,130.9672808339323
4275766257,1381254518,636.02,700,979.4023458304418,48.301032181516206,13.16783454253782,133.38804119877958
1022562913,1383622129,37.963,700,712.0650770383791,10.20121862736186,3.721418135101534,13.692358448015801
1022562913,2832484319,26.752000000000002,700,705.5384532317814,7.044789547638499,3.797416490456781,9.42697665057505
273948494,1918015099,16.809,2000,9960.25056704423,5.793389485399787,2.9014103129715703,99.72461142445441
842772302,273948494,150.945,2000,1206.148777003306,6.827607772115629,22.108036231440927,36.386419994641486
1918032381,273948494,822.639,2000,7813.004330012612,103.5136287981897,7.94715642327464,1839.6560618286858
1918015099,4379685991,323.116,2000,7639.084889711381,51.21201452623863,6.309378824268873,841.4832537752507
1918015099,5544120353,489.822,2000,2321.1656773328573,37.76554089227633,12.970077706478094,244.84056521860768
273949875,273950037,26.351,1200,4534.2785169530125,5.302589200519626,4.9694590705645725,48.992754311082706
1162208775,273949875,14.305000000000001,900,733.0033193188771,1.727392550122206,8.28126762442502,2.9135577886525144
1382565358,273949875,271.478,1200,3801.275197634135,29.79334424481453,9.11203515017453,268.457345251002
273950037,1162208756,14.381,900,676.6874745159827,1.7336005056416939,8.29545212590767,2.700712010545009
273950037,1022562927,226.928,1200,3857.59104243703,27.514047894252293,8.247714072177851,243.94431591717264
1162208756,1162208775,26.145,1200,2474.9274658362056,1.692231612322848,15.450012758071555,13.236392585663468
1162208756,1273985797,87.231,900,676.6874745159827,10.515520875295945,8.295452125907648,16.381740448637238
1273629611,1162208756,78.35,1200,2474.9274658362056,4.73311367516271,16.553585097933773,39.19138730835103
1022562935,1022562927,96.727,1200,0.0,8.70543,11.111111111111112,0.0
289309673,6611325266,15.017,900,0.0,1.80204,8.333333333333332,0.0
289309673,1571862805,358.367,900,0.0,21.502019999999998,16.666666666666668,0.0
8156645716,289309673,52.23799999999999,900,0.0,3.13428,16.666666666666668,0.0
529750162,1571862805,1034.964,900,0.0,62.09784,16.666666666666668,0.0
1571862805,8156657717,406.764,900,0.0,24.40584,16.666666666666668,0.0
289311282,2833482623,267.101,2000,1075.9624599807212,16.864736274716055,15.837840310639372,58.50450348602867
289311282,289311774,406.3330000000001,2000,4502.626541358904,19.47364641791949,20.86578914291551,365.08128357116726
2465749423,289311282,156.211,2000,5578.589001339624,9.165619619265335,17.04314672536247,175.46049089277352
2833482623,289312609,7.334,2000,767.9968121693732,0.446017353514146,16.443306392040174,1.1394958067812662
289312127,2833482623,84.493,900,754.7298929681316,7.971292677556433,10.59966098571367,15.113593798854916
289311774,3754865617,288.134,2000,5282.429178267836,13.596756173922246,21.191378025342807,303.8031938451463
289311770,289311774,521.766,2000,779.8026369089313,23.50065781736686,22.202187021948706,81.33036545291438
1245526414,289311410,6717.183999999999,2000,3659.748447226013,262.73029722667644,25.566842008345155,4962.364428434845
289311674,289311531,29.546,900,0.0,2.65914,11.11111111111111,0.0
289311531,6997797627,2191.224,900,2361.2260478954227,436.54989603380074,5.019412488487548,2105.4093516386883
1273734378,289311531,93.892,900,2361.2260478954227,18.705774872128824,5.019412488487548,90.21491862267834
289311674,289313274,93.557,900,1944.5808310705,14.463104258110711,6.468666638251917,60.83566488270161
2833403800,289311674,793.225,900,1944.5808310705,122.62573484763158,6.468666638251918,515.7964692816245
6997797627,6997797614,13.480999999999998,900,2513.164251897137,3.274820264660784,4.116561798971402,15.979413119381324
6997797628,6997797627,23.771,900,222.71059288832376,2.139970296157572,11.108098108970047,1.2231858825341133
1273734378,289313274,30.146,900,217.5988722909927,2.723870377111242,11.067340154405905,1.5185502538797313
289313274,289311770,410.619,900,2162.1797033614907,84.00531155046374,4.888012346139954,368.6532926471681
289312567,1273734378,359.712,900,2578.8249201864164,95.11867706258273,3.781717861396766,464.6513051234767
2465749423,289312567,313.392,2000,656.3212560394586,18.939753574562566,16.546783397483466,41.57373649055828
289311770,289312127,20.807,900,1382.3770664525614,1.751066931616962,11.882469838423878,6.427878692710336
289312127,289312609,86.575,900,627.6471734844295,5.28337964212659,16.386291704215502,10.998850720733893
3754865617,4040919150,362.283,2000,0.0,16.302735,22.222222222222225,0.0
3754865617,4040919150,364.981,2000,3391.006536244754,134.96046102353253,2.7043550179956757,768.759458840804
289315317,289315319,308.901,2000,7596.711061314683,20.96166208479937,14.736474557711892,485.2774365169685
410467381,289315317,89.956,2000,5958.442921998912,4.826258898715776,18.638867472264383,107.13382986090076
410490358,289315317,458.261,2000,1638.2681393157714,27.979011670216643,16.378741515298554,151.97339507094458
289315319,442760511,66.177,2000,0.0,3.97062,16.666666666666668,0.0
289315319,4374585997,357.154,2000,7596.711061314683,24.23605446481052,14.736474557711896,561.0819568786809
4374585997,3664648814,274.032,2000,7596.711061314683,32.12893880579525,8.529133242040709,566.5294526049507
4396415709,4374585997,58.18,2000,0.0,3.4908,16.666666666666664,0.0
289316629,4354250477,65.354,700,1497.1960097066733,11.82898800442032,5.52490204365565,36.981251470265896
289316629,7287258093,24.51,900,2104.902124430975,2.09931437217957,11.675240414113393,11.625625541926803
1712297586,289316629,26.731999999999996,700,1541.423073505483,6.497878814749669,4.113957917977861,19.443269361575695
4194419105,289316629,29.259999999999998,900,2060.6750606321675,2.445037391099628,11.967097152179193,13.430567540349617
4354250477,4354250482,93.853,700,1497.1960097066733,16.98726950422102,5.52490204365565,53.10771175809996
4354250473,4354250477,16.16,700,0.0,1.9392,8.333333333333334,0.0
7287258093,7287228784,13.411,900,2747.9260019920384,1.8038860509470762,7.434505074729613,11.08099176294507
1727274154,7287258093,46.409,700,643.0238775610643,3.513562405747878,13.20853158153075,6.383015831227319
289316704,289317063,111.267,900,3772.342126088618,36.11977014534871,3.0805013307740636,240.91657334417056
289316704,410467828,176.012,2000,0.2819584622151398,10.56072,16.666666666666668,0.010020820020465653
410467361,289316704,118.03500000000001,900,3772.624084550832,165.25512620295336,0.714259234869596,453.3076172612424
289317063,4375845287,79.186,900,1138.6762900628044,5.63179715305086,14.060520620332237,18.890371781354744
289317063,5314050381,382.99,900,2633.665836025812,47.05696512538522,8.138858912373703,283.77059040186765
410467828,410467829,127.651,2000,1779.0739638572072,7.696046700030145,16.586567750362015,45.88647505827239
410490460,410467828,126.893,2000,1778.7920053949922,7.799595324725947,16.269177401772268,45.738876628265665
289316757,442759994,10.907,700,1207.0227817407629,1.28750062894767,8.471452172349432,3.59981389062518
289316757,1414370526,480.474,900,1373.6938050255217,60.21995116297711,7.978651438950232,188.37350234953033
1414370601,289316757,14.372,900,1655.450826197307,2.36455798961586,6.078091576994836,8.34978331125251
4363889779,289316757,490.605,700,925.2657605689764,53.904673251808234,9.101344473571086,118.18129590095101
442759994,442760152,17.099,700,1689.037904807018,4.249931935000812,4.023358552916856,13.847436245024431
442759994,1414370536,445.22800000000007,900,1752.186328375329,54.47570276064925,8.172964779476187,218.81539688187897
442759995,442759994,14.946,900,2234.201451441584,3.360312284700894,4.447800898757945,14.883108440442406
1414370526,442760003,219.095,900,1373.6938050255217,27.46015434769096,7.978651438950234,85.89786855744597
1414370536,1414370526,40.99,900,0.0,7.3782,5.555555555555556,0.0
289317004,289317998,64.977,900,1727.6519739056955,4.655047222666728,13.958397604133594,23.570584887539404
289317491,289317004,244.323,900,1727.6519739056955,17.50365671827884,13.95839760413358,88.6288380731381
4351309737,289317004,222.906,900,0.0,20.06154,11.11111111111111,0.0
289317998,410467331,104.65999999999998,900,3120.2301624236216,19.242724874935952,5.4389386472142425,124.93089941757484
410467829,289317998,364.617,2000,1392.5781885179265,25.089538482181055,14.532630811800548,105.38454957545542
289317011,3245299643,34.163,900,2720.070424204571,6.74031416614182,5.068458110099491,37.533567658078184
289317011,4109970289,22.643,700,405.8097091962784,1.369680666771846,16.53159057385728,1.857498049843961
442760003,289317011,200.41,900,3125.880133400849,55.54131361840709,3.6083050065560855,324.11704077614183
3245299643,3231006281,7.212000000000001,900,3595.5304598013868,3.011631680537406,2.394715146147309,17.244906599998114
2761900772,3245299643,25.801,700,875.4600355968141,2.73304897073595,9.440372373954338,5.741529327929281
4109970289,2761900771,64.288,700,405.8097091962784,3.88879701035325,16.531590573857237,5.273808003726037
2761900772,4109970289,40.101,700,0.0,7.218179999999999,5.555555555555556,0.0
289317016,386849198,15.214,900,3283.944348720133,12.61791105516108,1.2057463341982464,44.454515798232116
289317016,386849386,845.3949999999999,700,619.3631718007238,76.75188522920475,11.014648011255884,121.51897532703693
4328122031,289317016,28.048,700,608.6489969649374,2.6286925191037978,10.669943249795692,4.031055616357877
3245299589,289317016,70.178,900,3294.65852355592,58.911030485273066,1.191253987952961,206.51812692908047
386849198,316757541,27.435,700,979.737428945608,2.604542731945542,10.533518864367641,6.392997201363536
386849198,4328118508,215.765,900,2391.4201974115504,89.44226958943429,2.4123381594678146,341.78776786979256
386849385,386849198,830.533,700,87.21327763702472,74.7482273587359,11.111072855467986,16.733343880138747
386849386,3344322851,14.158000000000001,700,19.959565314155345,1.019376009628254,13.88888875770496,0.059426481590212105
386849386,4365805571,99.975,900,2043.841705397471,17.539087754777395,5.700125422587514,75.37921058559063
386849385,386849386,16.037,900,1444.4380989109038,1.424033215341396,11.261675519384081,5.314193551989053
289317060,442759995,19.428,700,1066.6375995678377,1.944325428156606,9.99215446069616,5.083686926028401
289317060,4352904681,294.758,900,1893.9009865356684,42.77210105541876,6.8913612548069425,177.7904311913677
442760152,289317060,15.561,900,1913.8156157977885,2.3146335665945696,6.72287839620951,9.66661140017204
442760161,289317060,9.986,700,1046.722970305717,0.979023039648024,10.199964245570914,2.53283104545158
442759995,1414370601,9.069,700,1395.965657560247,1.40004428438703,6.47765224367214,4.2288634337795905
410467576,442759995,86.387,900,2563.5295094339904,29.863447810727255,2.8927336370373453,132.15013016604541
4352904681,410467361,5.709,900,2362.7641202819063,1.51957397676135,3.756974051482195,6.787576242337033
410490358,4352904681,187.902,900,468.863133746237,11.334190774844743,16.578333974846466,17.802230594233652
4375845287,4201360330,12.514,700,1138.6762900628044,2.262273522216834,5.5316034410098,5.380459190763921
4375845287,4375845286,55.53199999999999,900,0.0,3.3319199999999998,16.666666666666668,0.0
6986230238,5314050381,24.642,900,0.0,4.435560000000001,5.5555555555555545,0.0
5314050381,5314050396,51.251,900,2633.665836025812,6.297074387428176,8.138858912373705,37.97364560089324
289317491,410488975,480.244,2000,2213.364532933944,55.81714781291252,8.603879252477716,287.5217686418939
6986230238,289317491,176.179,900,3941.016506839638,66.10610204423774,2.665094364240418,434.9525989224593
410488975,3225907885,66.944,2000,10283.71424094512,5.117340275944859,13.081795696620848,147.77388452325718
4374457718,410488975,113.901,2000,8070.349708011172,6.483885239631234,17.56678222862532,184.49523834614706
289317496,316069873,18.892,700,894.237246941655,2.027851102233246,9.316265863501757,4.331187651077419
289317496,6129081521,59.132999999999996,900,2136.1985318187344,11.693969559632261,5.056708904402138,51.1124064676733
4354297690,289317496,8.875,900,3030.435778760392,2.265859101762972,3.916836661685948,13.143748854083794
316069873,4201360353,9.53,700,159.7476482024144,0.857868285779112,11.108931473489427,0.3517340743094319
316069873,4354297689,15.189,900,2336.3453229978627,1.5027106538411938,10.107734287485242,8.645578999986704
3245299587,316069873,534.363,900,2190.49055795094,48.13801598653458,11.100644450105191,270.54198858851987
6129081521,6129081520,23.942,900,322.92368035757363,2.196115074967614,10.901978804709525,1.8042179236264757
6129081521,3245299589,476.876,900,1813.2748514611617,62.716731746731774,7.603648766739992,255.67828096108659
289317585,3245719695,17.829,700,1310.1476111740028,2.01932373565158,8.829193499400468,6.206935891806558
289317585,3245719702,87.77,900,1965.7492802049496,13.935940272419263,6.298103915794354,58.90097628679705
1273781118,289317585,120.639,700,1143.114147928782,10.96201263658671,11.00518709469066,32.01950642946643
377002220,289317585,15.178,900,2132.7827434501714,2.98821576355656,5.079285165785759,13.053758156787794
3245719695,3245719692,15.071,900,2086.390995206062,2.7934357227623337,5.395148303286105,12.10470838757151
3245719695,4349027223,835.7480000000002,700,1097.3656086707726,72.05304950682485,11.599064935077289,207.3202499280714
3052911414,3245719695,582.784,900,1873.608992702831,82.47550037075187,7.066146884592549,341.16812863158754
3245719702,377021400,51.924,900,0.0,6.23088,8.333333333333334,0.0
3245719702,289318409,511.37199999999996,900,1965.7492802049496,81.1945955222466,6.2981039157943535,343.17318042306005
410467331,4352904685,18.937,900,3019.135663869369,3.1922248926444903,5.93222615475324,20.447340498947256
410467331,410467344,196.428,2000,101.0944985542526,11.785728066649572,16.666598693706348,4.009655035710659
289318409,4333984736,575.311,900,1832.69228428966,77.45335392036122,7.4278384457249444,317.24629549673585
4333984736,8483202821,16.877,900,1682.545834925618,1.9073878134707642,8.848226816176355,7.534514446747591
390683812,390682772,411.86499999999995,700,0.0,37.06785,11.11111111111111,0.0
390683812,390683813,61.339999999999996,900,2100.2499658319443,11.57581939957964,5.298976934818755,50.28751528319055
289365894,3743407966,356.326,900,0.0803835487141512,25.655472,13.88888888888889,0.006023400183335524
1870265569,289365894,57.96500000000001,900,0.0803835487141512,4.17348,13.888888888888891,0.000979851011789889
4326163860,289365894,16.582,900,0.0,1.98984,8.333333333333334,0.0
3743407966,3373843169,12.767999999999999,900,1848.4095231215904,2.1024585017394477,6.072890375451656,8.288038650277118
289365895,2470149617,123.23799999999999,900,249.15368204981,11.096132513711286,11.106392236008094,7.0949775760656495
289365895,2469993288,36.73,900,1587.39458335565,4.495913016436938,8.169642042832256,16.3586562614975
3373843169,289365895,253.346,900,1836.5482654054608,41.120709191280476,6.161031873782013,161.57868361364007
2470149617,2470149569,247.116,700,944.3984146607196,27.57057841705736,8.963032848346568,61.38445791345963
8236801665,2470149617,68.535,700,695.2447326109095,6.602340053316282,10.380410497877284,11.428268946056264
2469993288,2469993493,36.171,900,0.0,2.1702600000000003,16.666666666666664,0.0
2469993288,1844317468,55.035,900,1587.39458335565,6.736525261628286,8.169642042832255,24.511261839137354
301454935,316810075,358.35,900,3715.5360506463057,59.68577771331147,6.003942877669478,471.7527659502929
632692724,301454935,236.757,700,840.11804517302,24.506146537256726,9.66112724577314,49.820876922986955
1273971486,301454935,490.847,900,2875.418005473286,87.95649467348872,5.580565731070998,529.3022155460264
316810075,316809683,7.988000000000001,900,3351.502284457418,0.89598013393956,8.915376242637592,7.067126701433375
316810075,638356992,501.18700000000007,700,1527.168513633394,105.80197599628501,4.737028730140144,325.45069981870523
316810074,316810075,18.057,700,1163.134747444508,2.01702669610341,8.952286072803789,5.528777248115928
301455182,4343408401,127.312,900,65.34175058968906,11.458103028791603,11.111088779712832,1.9217771045020826
301455182,4343408400,108.59,900,2457.2408743477235,8.893361068168883,12.210231786120247,58.90207837328758
4332848127,301455182,1308.798,900,3355.787385351674,147.15217189671796,8.894180650752537,1161.2676633944836
4343408401,316802849,155.469,900,200.95811023796972,13.994725965629707,11.109113560481534,7.218262703898581
4343408400,4343408401,20.72,900,135.61635964828065,2.487883663957638,8.328363701315258,0.7776452777362612
4343408400,462980385,135.355,900,2321.624514699444,10.633210669730868,12.729457188815942,68.16748502592242
301455186,611484233,30.47,900,3857.3320500100936,5.036942287004556,6.0493049679392605,41.40032967303053
316802448,301455186,96.231,900,482.384541666916,9.488059963886208,10.142326288648876,11.28628970607209
462972817,301455186,39.847,900,3374.947508343176,4.939905512952192,8.06634861649137,38.07877528394147
611484233,611484212,76.835,900,0.0,9.2202,8.333333333333332,0.0
611484233,611484217,145.578,900,3857.3320500100936,24.06524404123828,6.049304954088023,197.80036770160393
301455974,3962797300,15.372,900,2446.1376323422824,4.563158537530914,3.368719248645185,20.372847017258007
301455974,3812840428,6.806,900,2870.852552798423,3.466680409297164,1.9632614479682746,14.363649682952328
4341381875,301455974,20.317,900,3640.605562719185,24.829324134465935,0.818266332582033,73.12796333370218
4346623033,301455974,114.72,900,1676.38462242152,12.876710897362116,8.909107373335623,50.79077317190009
3962797300,4331281787,20.912,900,2106.1062884361213,1.792369394353164,11.667237828252913,9.927961843367335
3962797300,3962802576,46.521,900,2446.117119371194,13.80932975278287,3.368809408771272,61.653690253372496
3812840429,3962797300,6.313,900,2106.0857754650347,1.200431204903148,5.258943598112595,5.220291500971469
3812840428,3812840429,14.7,700,1713.5193807981518,4.759291853785116,3.088694799901572,14.433407706703155
3812840428,4560358828,1378.941,900,2317.842133323663,346.0229560009504,3.9851142130472197,1542.9382316844078
4346623034,3812840428,106.224,700,1160.5089613233915,14.784522086188897,7.1848112086917,38.03308370503026
301456975,629284684,9.982,700,1791.8747920958413,3.278906142042648,3.0443079391658188,10.342722768952413
301456975,301456976,464.515,700,1788.2785136826558,53.80058830038139,8.634013394175227,224.14931810137645
4341426500,301456975,122.371,700,327.4418704518079,11.020924717032575,11.103514736007456,9.259995380902469
629291411,301456975,18.322,700,708.5178121833429,1.419341293820136,12.90880500678354,2.8005971433425385
629284684,629291411,15.046000000000001,700,67.36283587300251,1.083318720616542,13.888802725976127,0.21314212537663282
629284684,631747377,395.112,700,1750.4154395543744,49.26868054970508,8.019536865847021,196.65754484555495
4041917186,629284684,425.865,700,25.90348333153583,30.662284159213712,13.888887004917793,2.319835372977585
301456976,629044532,102.399,900,730.9746710390322,9.273213182151197,11.042450765296168,17.3483028750262
301456976,5500281300,41.153,900,1683.0092607163888,6.204524190530094,6.632740680229989,22.716439154656168
629271438,301456976,15.788000000000002,900,625.7054180727658,2.4068362786299,6.559648506290331,3.2678600169261003
629044532,629043445,16.007,900,730.9746710390322,1.449587626897662,11.042450765296207,2.711884726613967
629044532,306533701,512.22,700,616.723780026557,38.48724724416961,13.308824004751228,67.38512758424706
1273674543,629044532,30.731,700,616.723780026557,2.309069530788672,13.308824004751257,4.042818233945368
5500281300,1273635294,16.973,900,0.9302622233751822,1.527570000000126,11.111111111110194,0.0036475936261537263
5500281300,3736694444,262.612,900,1683.0092607163888,35.63395735772973,7.369711911692407,133.7721000505013
1273674543,5500281300,87.492,900,0.9302622233751822,7.874280000000647,11.111111111110198,0.018802525277761273
301457063,1313333276,19.29,900,1073.0149288243626,1.32656198492931,14.5413484022218,4.295254336436956
301457063,4337488134,58.711000000000006,700,1409.6594983252414,4.350481486391394,13.495287862654296,17.568919858094553
1313333288,301457063,17.399,700,1354.1437688339756,2.5218109280570697,6.899407012009845,7.496985195591904
4333033226,301457063,180.961,900,1128.530658315628,11.241209027808384,16.098001518550237,41.45445376605227
1313333276,1313333291,17.081,700,1894.973381077807,5.006400272750154,3.411832668069294,17.390014678851486
1313333276,548768442,740.378,900,133.31946186030356,59.232303089875145,12.49956461893099,21.57184794002006
4337488133,1313333276,61.202,700,955.2779141137498,4.593438788585124,13.323786996376086,12.466341862393351
4337488133,4337488134,16.452,700,0.0,1.9742400000000002,8.333333333333334,0.0
4337488134,347927699,307.313,700,1409.6594983252414,22.771874385164608,13.495287862654287,91.96159950180741
301457301,6129337508,5.272,900,3082.277252144312,0.513058660822236,10.275628115410838,3.9204990335376966
1175765852,301457301,17.063,700,1212.156443651633,2.027627847483204,8.415252345828389,5.68206830396545
628126543,301457301,366.403,900,1870.1208084926784,23.83713629531118,15.371099760505727,140.31795908033786
6129337508,4042114144,16.973,700,13.492374007745092,1.5275700152520661,11.111111000171906,0.05290411289738043
6129337508,627798908,92.535,900,3068.7848781365665,8.945220757046465,10.344630111795388,68.2451240387458
301457355,627801515,270.193,900,1125.5564334520936,22.896379961440616,11.800686416587565,68.18288411900335
301457355,3205492798,47.759,900,2535.856603461169,8.169350379116214,5.846119677041777,43.80860187601133
301457367,301457355,50.42100000000001,900,3661.413036913263,22.299407144279318,2.2610915022884357,126.56174581358101
627801515,4042114144,94.926,900,2714.366783046512,39.78397405990986,2.3860361425194205,171.69029651600124
301457502,627801515,739.598,900,1588.8103495944167,75.55267420777281,9.789170373586996,291.9211471560343
3205492798,3205492797,8.209,900,3850.476523291852,4.275702704342838,1.91991833100606,23.4792398860982
627798908,3205492798,270.577,900,1314.6199198306822,25.89689533584276,10.448240860189376,84.99496831383117
301457363,627796731,228.828,700,840.558877062244,21.20635357977518,10.790539690814018,45.13688469285038
301457363,301457496,52.266,900,3272.608642509992,16.45478956129239,3.1763396186450485,96.28446872536807
317337002,301457363,9.979,900,4113.167519572236,6.49654091777478,1.5360482026207332,33.5228017245646
627796731,627796770,90.221,900,4.36697869417887,8.119890000325585,11.111111110665588,0.09101881169472725
627796731,626023506,863.9579999999999,700,836.1918983680649,71.36766748067333,12.105734017914534,160.08315375517194
301457496,301457511,7.95,900,3985.934356902733,4.64883926603457,1.710104295944243,24.775770981132506
473905036,301457496,124.032,700,713.32571439274,11.334883329919325,10.942503455029632,20.60552071254655
301457366,473908402,8.526,900,3991.202801853072,5.00800750007694,1.7024734886816786,26.65632908407223
301457511,301457366,31.541,900,1539.8050176947893,3.186235837006992,9.899141687398824,11.982548671358762
4041917121,301457366,213.389,900,2451.3977841582823,22.872880112163354,9.329345449877293,133.98784089582182
473908402,347928025,63.03,700,1024.2316759978153,6.042848944928532,10.430510604256954,15.440837840341048
473908402,301457367,48.361,900,2966.9711258552534,11.698005208315578,4.134123650895827,67.46711194480882
4337472725,301457367,727.309,700,1174.9113226917862,82.43019032137566,8.823332776066579,227.16985828542045
301457511,4343330530,361.207,900,2446.1293392079424,38.571235951335034,9.364672691736699,225.7610011989149
301457499,5437754419,19.346,700,1199.8676710277375,1.422480903109494,13.600182580806754,4.914740008111898
301457499,623136129,22.613,900,2475.6020716275525,6.975391710312876,3.241825110203841,31.10126087178925
623136192,301457499,15.204,700,1751.7629875784526,1.552880545074486,9.790836808552276,6.615842303591522
5728765645,301457499,20.749,900,1923.7067550768372,1.616248680213462,12.837752168966738,8.629658388004694
5437754419,4337614191,19.421,700,1852.0212380939297,2.1612220316625663,8.986119757931572,9.44426258016557
5728765645,5437754419,29.679000000000002,900,652.1535670661929,2.724380589971982,10.893852389509656,4.518586416706198
623136129,5728765636,11.433,900,1560.450301811534,1.134423214667172,10.078249327218082,4.354092867938424
623136129,623136187,14.742,700,1785.1855686153272,1.548159464371242,9.52227489432893,6.652586358172042
5728765640,623136129,14.513999999999998,700,870.0337987993105,0.9824024890111259,14.773985369896213,2.6096962532265597
301457502,473905036,225.131,900,27.388099221058656,13.507860837973638,16.666665632733356,1.2450105959678017
4337614201,301457502,89.896,900,1616.1984488154746,9.451335389801166,9.511460158001144,36.753684354259065
4337614202,473905036,283.593,700,685.9376151716813,27.22572687037826,10.41636101582106,46.563373017667175
4343330530,4343330533,108.504,900,2446.1293392079424,11.586523477296,9.3646726917367,67.81699046277346
4343330531,4343330530,13.114,900,0.0,1.18026,11.11111111111111,0.0
301457524,1175765827,15.597,700,949.994016358532,1.070379524557758,14.571467075142449,3.073081416542562
301457524,4332629106,420.036,900,2634.406844103712,51.638440378072424,8.134172855041584,311.43576983526845
1175765660,301457524,15.825,900,2467.747480212271,1.7163828726541621,9.219970818940125,10.08032931561974
4337614191,301457524,712.441,700,1116.653380249972,50.94740779291216,13.983851796658344,166.94713533756916
1175765827,301457550,15.905999999999999,900,2464.915486097259,1.721635909538538,9.238887218763574,10.106677098167081
1175765827,442363326,55.08400000000001,700,949.994016358532,4.158290995084824,13.246788179353079,11.18121390808639
301457549,1175765827,64.214,900,2464.915486097259,6.950404142783082,9.238887218763573,40.80159456693707
4332629106,474879459,13.847000000000001,900,2514.749907488453,1.5544513054145221,8.907966400599117,9.197295959749153
4332629106,4015833549,20.486,700,7.250179017329215,1.8437400015348542,11.11111110186147,0.034312183064983987
4332629106,4331445591,588.577,700,858.0685330806592,49.29900541032068,11.938922400182584,112.61742151469527
1175765568,4332629106,9.715,700,1340.2314258102328,1.379416890011382,7.042830974702535,4.078469950643352
301457530,4332869889,24.708,900,2391.6245915497893,2.538791688152442,9.732188787013394,14.733479435405902
3812808961,301457530,15.003,900,3.525434906609032,1.3502700000229921,11.111111110921913,0.012218932375874259
4331360817,301457530,14.173000000000002,900,2388.0991566431794,1.4527365807300479,9.75607015614462,8.426080888785037
4332869889,4341381875,58.668,900,2393.249285113824,6.03506550295152,9.721186948394797,35.03245857346454
4332869483,4332869889,23.175,900,1.6246935640355713,2.0857500000016023,11.111111111102575,0.008698285427341548
301457549,442363326,87.675,900,21.131085850433152,7.890750173460972,11.11111086685751,0.4279963306649548
4015833556,301457549,300.808,900,2486.0465719476915,33.062910849365686,9.098049514468899,194.7392728968579
442363326,6131118240,506.913,700,971.125102208965,38.42959633088354,13.190692809662034,105.34613313852783
301457550,1175765660,15.182999999999998,700,897.9698441353027,1.188475123493778,12.77519377550479,2.953325337562178
301457550,1273597517,75.357,900,2451.3977841582823,8.077415549125279,9.329345449877291,47.316973819580454
1273943219,301457550,56.667,700,884.4521421963243,4.228607008946741,13.400866971110323,10.665174109238082
1175765660,4042151337,13.771000000000003,700,876.3517031309755,0.9330139302763321,14.75969388358588,2.494688422682085
4042151334,1175765660,17.929,900,2446.1293392079424,1.9145356800158457,9.364672691736729,11.205953900382136
1273597517,4343330532,570.239,900,2451.3977841582823,61.12315200071197,9.329345449877287,358.05544055500803
1273943219,1273597517,99.625,900,0.0,8.96625,11.11111111111111,0.0
301457749,331595248,18.01,700,2123.615419897192,8.402061087785514,2.143521668294226,26.943337389900606
301457749,560562643,863.4490000000001,1200,5023.819180641663,279.2120369448349,3.0924490557353557,2483.70794979788
306323111,301457749,9.526,900,4307.183286348653,5.826872976614862,1.6348391389740156,32.68677237166194
4331468671,301457749,131.328,700,2840.2513141902004,162.37302396570482,0.8088043000771982,369.75289247690637
331595248,1358245402,9.181,900,4975.600315585552,9.4844251635249,0.9680080597091102,43.33299755020396
331595248,4344614634,10.365,700,1330.9162970871375,1.319773260652404,7.853621761420038,3.982754218697225
4344614637,331595248,218.213,1200,4182.9011927755,40.712454023767904,5.35985867795165,353.16374535187583
560562643,3804479858,55.89999999999999,1200,5132.34432197997,19.390236492818296,2.882894183405349,171.55615234705652
560562643,6046988698,375.191,900,2995.932931893241,62.00837821928181,6.050650102042702,395.8710640746917
560562642,560562643,21.474,900,3104.458073231551,3.89482516913271,5.513469557038365,25.236338740885245
301457750,1063807441,12.57,900,1907.43216931394,1.165952800542456,10.780882377187007,5.629266403794121
301457750,4331439682,737.286,700,1124.6538965072375,58.13880023939911,12.681479441682061,180.14553633527524
1063807381,301457750,13.608,700,660.5848205863814,0.9908792529875219,13.73325756793433,1.8971778376790238
6277607302,301457750,320.791,900,2371.501245234794,39.007286149009914,8.223873836661214,212.43679211464507
1063807441,3672981159,14.454,700,2213.541978829609,8.56810043233017,1.6869550157769462,25.159379612352907
1063807441,697291104,43.658,900,1095.2401893307954,3.241882529912778,13.466866734734712,10.157766280215505
1451822893,1063807441,294.636,700,1246.9012499394485,36.6635137537043,8.036218295368142,104.30701559561227
4331439683,4331439682,9.745,700,0.0,1.1694,8.333333333333332,0.0
4331439682,4331494787,292.084,700,1124.6538965072375,25.97216073734563,11.246041596377829,75.41388055592299
301457783,301457784,14.322999999999999,900,3711.066406839089,28.245826872614064,0.5070837566411258,57.42000540481137
301457793,301457783,43.255,900,2319.730534821524,16.321636101876525,2.6501632391514294,63.061073243723236
4341295261,301457783,66.382,700,1391.3358720175677,10.175664691402266,6.52360332353406,30.682998488646028
301457784,301457786,56.738,900,1213.9271766048853,6.329016945492138,8.96474136325576,18.113951927825465
301457784,5728879658,647.638,900,2497.1392302342056,71.76509156020325,9.024415435416827,423.43446912328636
301457786,548772802,13.998000000000001,900,3076.119150647849,13.696869118923534,1.0219853806342083,40.24965073694409
5728879653,301457786,646.107,900,1862.1919740429616,108.19780331138952,5.971535282842355,428.0967258546539
5728879658,4263197795,22.062,900,2497.1392302342056,2.4447012837436977,9.024415435416845,14.42443349185492
5728879658,5728879653,19.795,900,0.0,1.78155,11.111111111111112,0.0
548772802,306319334,54.904,900,1370.5608211576714,6.863725590162546,7.999154290009979,21.436456221096897
301457792,301457793,14.027,900,3322.8686237673496,18.231429122867603,0.7693856529549838,46.7164688220706
8374118947,301457792,55.81499999999999,900,1935.6804899745448,12.798779118570797,4.360962829572817,48.85983166647773
4328613977,301457792,254.81100000000004,900,1387.1881337928048,25.83650494032686,9.862440782471268,87.40806662479432
301457793,4341295262,63.358,700,1003.1380889458272,4.961244224792711,12.77058679824358,13.769435496602227
4341295262,4341295259,55.084999999999994,700,828.952112114343,3.775293356666004,14.590919114335017,9.4672088518947
4341295261,4341295262,12.993,700,0.0,1.5591599999999999,8.333333333333334,0.0
301457943,885811840,16.702,700,565.2357252324911,1.54940783096604,10.779602159094855,2.216633002248392
301457943,885844191,507.466,700,1064.884189228184,39.33368638871878,12.901562161881307,116.60853823685335
885969404,301457943,805.934,700,665.9287394514199,51.22111421052274,15.734409772648618,109.38924775500783
1324512011,301457943,15.419,700,964.1911750092552,1.166038548015858,13.22340502913657,3.1786219852338924
885811840,1325975793,16.435,700,1496.1754410476417,1.5362116402957442,10.698395695554039,5.797750346757706
885811840,6131607410,92.732,700,2.314648392902814,6.676704000057738,13.888888888768783,0.045137934847451704
6131453650,885811840,507.18,700,933.254364208054,38.1655164102599,13.288959450936622,101.0206107592287
885844191,885811905,390.905,700,1064.884189228184,30.299044030106675,12.901562161881307,89.82446240630338
6131453650,885844191,17.665,700,0.0,2.1198,8.333333333333332,0.0
301458064,842907728,105.999,900,140.4431760596545,9.54031920702783,11.110634529074913,3.4391776974072488
301458064,1844351691,66.28,900,1085.8484929475378,6.115128787769658,10.838692413569591,16.84807421839623
842907728,1844317464,274.102,900,920.5193368327176,26.622091732863826,10.29603544118334,60.804447689685844
3736732152,842907728,70.463,900,780.0761607730634,6.600579448806684,10.675274882531559,12.975597501597498
1844351691,3736732152,4.891,900,1970.455302888368,0.519745086191046,9.410382377722344,2.4547628081547805
3736732151,1844351691,47.822,900,884.6068099408297,3.876781145972118,12.335491274684387,9.297073775301822
4372813326,4372813325,28.87,900,1296.399934555595,2.7259786222571463,10.590692004802026,8.874583372522068
4372813326,4372813332,29.265999999999995,900,0.0,3.51192,8.333333333333332,0.0
3673106266,301458135,13.711000000000002,900,0.0,1.2339900000000001,11.11111111111111,0.0
3673106267,301458135,11.477,900,0.0,1.0329300000000001,11.11111111111111,0.0
3673106266,2534627558,497.725,700,221.5551557666307,44.82776872602022,11.103050946880973,25.48466173620524
3673106267,3673106266,8.398,700,0.0,0.75582,11.11111111111111,0.0
2534627554,3673106267,70.758,700,0.0,6.36822,11.11111111111111,0.0
301458426,697291111,33.943,700,1473.0003587736048,3.91075067919144,8.679407813084577,13.442518216410516
301458426,3672981166,78.246,900,1510.5339581380176,6.272486859012108,12.474478107128856,25.852194687085706
1358245420,301458426,35.488,900,2399.3844768678127,4.399491354888612,8.06638702916567,24.110165676122964
4337456741,301458426,28.712,700,584.1498400438098,2.601986556681822,11.034645788721875,3.8887419653056345
697291111,4337568357,33.701,700,535.7791646872306,3.047964338444754,11.056887895609757,4.182036499915163
697291111,697291112,35.388,900,2020.7891801281369,3.473281138078176,10.188636794193044,17.33985212619505
1358245412,697291111,39.531,900,1083.5679860417629,2.9316847727861757,13.484055436980372,9.095550219745546
3672981166,6302973508,248.98500000000004,900,1510.5339581380176,19.959552444740066,12.474478107128848,82.26374120292458
1063807267,3672981166,93.702,900,0.0,8.43318,11.11111111111111,0.0
304905019,304904759,23.729,700,717.3557418077601,1.844796946985946,12.862662223486849,3.677420334288963
1670123735,304904759,618.554,700,1580.699470578328,160.38065942796325,3.8567867360455037,483.0624024873154
3743407994,304904759,37.512,700,687.4697225564131,4.804368325173996,7.807894287256059,7.477333233339468
304905024,304905019,17.944,700,0.0,1.291968,13.888888888888888,0.0
3743407994,304905019,34.208,700,717.3557418077601,2.954978410088664,11.57639591653517,5.552532796179789
306327609,1670123735,9.845,700,315.31221084627776,0.71095098666705,13.847649394444929,0.6534153574943511
1670123735,4341620362,141.749,700,1217.1498951860829,16.954360046088535,8.360622259682534,47.61613877403823
4341257620,1670123735,118.46799999999999,700,2482.537154918134,25.282293688306044,4.685809027477426,126.08090917880341
304904808,1273767691,56.956,700,0.0,5.12604,11.111111111111112,0.0
1273767691,304904808,15.644999999999998,700,0.0,1.40805,11.11111111111111,0.0
1360092420,304904808,395.453,700,0.0,28.472616000000002,13.888888888888888,0.0
1273767691,1360092422,395.637,700,0.0,28.485864,13.88888888888889,0.0
304905018,306072521,13.576999999999998,700,2521.581064236206,14.316154585200227,0.9483691950375871,32.650987644342884
304905018,1360728868,1190.299,900,1234.683348802513,89.71687948910989,13.26728043572316,313.8434794575038
304905025,304905018,17.903,900,3756.264413038717,24.651689158594362,0.7262382664661519,68.2260876465028
306072521,306072522,16.601,900,2726.1933785472,2.19429868156659,7.565515186906068,13.43194555084314
306072521,3996617066,143.997,700,1404.8254643641735,25.037591518130544,5.751232098172344,74.1101926662828
1273619601,306072521,1020.204,900,1609.437778675166,70.15694946726525,14.541738313123496,340.72892282200115
1360728868,1360728869,29.495999999999995,900,1225.3990619080512,2.209727691937914,13.348251057184441,7.701988171497189
1360728868,1360728853,32.489,1200,9.284286894460848,3.898680001010538,8.333333331173332,0.0834412598623789
304905024,5393128194,199.643,700,1580.699470578328,46.01251166109925,4.338885072617887,143.2489304687146
5393128195,5393128194,14.833,700,0.0,1.77996,8.333333333333334,0.0
5393128194,2848760384,93.6,700,1580.699470578328,21.57236209677173,4.3388850780511925,67.16038067719572
306072522,304905025,13.013,700,1139.6317424853617,1.570093638329724,8.288040714465486,4.1183108785893205
306072714,304905025,899.9249999999998,900,2616.632670553356,109.12192211737424,8.246968001828435,656.241275099522
304905064,1663122033,281.814,900,1375.5510030806183,17.079706454848967,16.499932287770225,78.38479326389461
306073828,304905064,363.221,900,1375.5510030806183,22.01348427770337,16.499932287770225,101.02763877630304
309583688,304905064,35.327,900,0.0,3.17943,11.11111111111111,0.0
1663122033,1663122038,14.353,900,1375.5510030806183,0.869882357677212,16.49993228777032,3.9921967599788486
1663122033,304905185,403.38900000000007,700,1547.5790976616531,79.23688431223079,5.090924554913803,251.29864866556454
346473955,1663122033,39.446,700,1547.5790976616531,7.748297892555954,5.090924554913806,24.57361627427088
304905076,2833197405,35.509,900,1082.7773830296892,7.360263317904984,4.8244197885718085,16.12418934964385
304905076,459457168,1582.909,900,1466.4782585252249,172.08430809306353,9.198450559152436,600.1088638345041
1663122038,304905076,1598.47,900,2549.255641554917,184.12280573862722,8.68154269965405,1095.3974175749968
2833197405,1839133850,7.778999999999999,900,0.0,0.70011,11.11111111111111,0.0
2833197405,2833197404,10.442,900,1082.7773830296892,6.437085596581777,1.6221626764672687,9.035867238612207
459457168,4297316165,48.847,900,0.0,2.93082,16.666666666666664,0.0
459457168,4297316165,81.034,900,1466.4782585252249,14.682545261091349,5.519070335491462,44.94992435063087
304905083,347933641,471.59,900,1234.5168730331957,71.08286225541552,6.634369875336181,190.91129247677478
347933339,304905083,227.57699999999997,700,0.0,16.385544,13.88888888888889,0.0
1839133850,304905083,63.10799999999999,900,1234.5168730331957,9.512282430108275,6.634369875336183,25.547678800704592
347933641,2833214501,856.833,900,2025.6236659843323,70.26008116172005,12.195160976654694,383.3397133962676
347933154,347933641,175.319,900,791.1067929511383,26.681262048650705,6.570866088730088,45.82024624716649
304905112,309583829,194.857,700,764.7894661032112,15.475776986145384,12.591096406625969,32.47047694325452
304905143,304905112,93.221,700,0.0,6.711912,13.88888888888889,0.0
304905143,304905112,139.46,700,764.7894661032112,18.460134513068862,7.55465784397558,31.688657627755678
309583829,304905185,16.264,700,0.0,1.171008,13.888888888888888,0.0
309583829,1663122038,409.505,700,1475.127287411705,71.54576807285218,5.72367885663087,222.13187135817554
304905147,309583829,16.191,700,710.3378213084934,1.255173106527816,12.899415957683434,2.481918599353117
304905124,1847865320,13.315,700,276.12727381342523,0.96035913263562,13.864604966538058,0.773598907689618
304905124,306073850,590.782,900,2318.9599814452845,69.32576453201332,8.521824519182736,373.0579614317816
1847865317,304905124,13.148,700,0.0,0.9466559999999999,13.88888888888889,0.0
4351706138,304905124,550.356,900,2595.087255258712,78.7651309910478,6.987305081261805,450.0815018146814
1847865320,1847865317,12.092,900,1950.7306677183708,1.1451927346934938,10.55892133583643,5.60264748338663
1847865320,346473955,349.758,700,276.12727381342523,25.226683403107,13.864604966538037,20.320871705272637
6047565243,1847865320,542.33,900,1950.7306677183708,51.362254036249006,10.558921335836423,251.28050030309888
306073850,306073564,50.417,900,4724.408309867768,35.84581905280997,1.4064959689084797,201.0925003002592
306073869,306073850,24.206,900,2405.448328422482,2.511344513710566,9.638661628402035,14.605747115095367
309582388,304905135,13.864,700,0.0,0.998208,13.88888888888889,0.0
309582383,304905135,69.401,700,764.7894661032112,5.029061923672062,13.79998915370793,11.184479029926688
304905147,304905135,417.824,700,1085.023515645501,42.64526458184254,9.797664619904848,112.56331110827317
309582388,304905143,134.313,700,764.7894661032112,10.667299785689737,12.591096406625967,22.38157813000992
309582383,4351669442,924.556,700,1085.023515645501,94.36493653004618,9.797664619904848,249.0787620266442
4351669443,309582383,929.1250000000001,700,764.7894661032112,105.41746210717923,8.813767486219191,189.04451544911927
304905185,304905147,14.907999999999998,700,1085.023515645501,1.521587090224848,9.797664619904873,4.01626963028005
6302798389,304905147,358.027,700,710.3378213084934,27.755287617246385,12.899415957683383,54.881963459366375
304905185,6302798388,359.203,700,462.5555820161519,26.219315311911416,13.69993822214016,35.09394163169338
6302798389,6302798388,10.077,700,0.0,1.2092399999999999,8.333333333333334,0.0
6302798388,1229111519,681.814,700,462.5555820161519,49.76766967446143,13.699938222140162,66.612864368258
306072255,560562642,49.775,1200,5063.812183863033,16.51809936724439,3.0133612162852397,146.67818131338822
306072255,1468897690,141.931,900,1487.120642520149,9.422937766747733,15.062287740120201,43.417432494195296
3804479858,306072255,19.812,900,2958.385023311043,3.171751219412364,6.246391545069101,20.1377064397175
3996657169,306072255,1038.498,1200,3592.5478030721383,100.37437213908782,10.346246535529637,896.5364963016629
560562642,306072555,130.966,1200,4158.341956298676,24.04870634244783,5.44586466045514,208.13915096166699
306072540,560562642,56.150999999999996,900,2198.9878456671963,5.084720142397254,11.043085642374592,28.61712978794612
1468897690,306072746,799.049,900,2616.632670553356,96.89003277602664,8.246968001828435,582.6807063110793
1468897673,1468897690,233.22500000000002,700,1129.5120280332071,25.02685015480356,9.318991345590314,67.52420984133929
306072283,306072509,8.634,1200,3753.5440810139744,1.471976777903544,5.8655816651516295,11.69259931847969
1360728869,306072283,31.346000000000004,900,1225.3990619080512,2.348322627864312,13.348251057184463,8.185059710596377
4112702970,306072283,636.803,1200,2528.145019105923,58.75671110850084,10.837961961895248,376.89601466624606
306072509,1360728876,29.717000000000002,900,435.16875689239646,1.790069905274088,16.60102765397302,2.612617994381177
306072509,2991729131,72.666,1200,3318.3753241215786,9.603568197260094,7.566562605421147,71.55830332845339
1360728876,1360728870,27.571,900,852.4681640957949,1.750579158952338,15.749644829828949,4.789592672746473
1360728876,1360728869,7.208,1200,2940.720332816757,0.786423428396184,9.16554586210618,5.492806790822836
1360728882,1360728876,17.607,1200,3358.0197400201573,2.378481551770002,7.402622058135092,17.835292815625515
2991729131,4112702961,25.594,1200,0.0,2.3034600000000003,11.11111111111111,0.0
2991729131,1273901378,647.836,1200,3318.3753241215786,85.61826998376392,7.566562605421149,637.960600488426
306072522,1360092420,900.599,900,2996.270813393841,148.88612167447857,6.0489116774030185,950.5583757837463
3996615508,306072522,16.68,700,1580.699470578328,3.8443055531426524,4.338885078051195,11.968324248884871
3996617066,1359845436,17.816,700,1404.8254643641735,3.0977710420801197,5.751232017469163,9.169268852376199
3996617060,3996617066,25.043,700,0.0,4.50774,5.555555555555555,0.0
1360092420,1360092422,15.384,900,2996.270813393841,2.543267420727954,6.048911677403028,16.237404275440184
306072714,1360092420,12.906000000000002,700,0.0,0.929232,13.888888888888891,0.0
306072540,306072555,157.178,1200,797.2829677266446,14.345420160734351,10.956667580237257,29.165216035337682
3996584857,306072540,61.588,900,2996.270813393841,10.1816662706574,6.048911677403019,65.0045017235966
306072555,4344614637,514.28,1200,4019.676264596728,86.36938481987374,5.954424719737766,737.178394661976
4344614637,4344614634,218.95300000000003,1200,228.32401263426848,13.138425517386018,16.665086673457218,10.094480477641282
306072597,844353695,863.8819999999998,2000,3136.332807086145,40.68790623968492,21.231910900281548,540.8277448057895
306072597,6996995316,394.161,2000,1886.5113544737696,24.38066732536402,16.166948785275505,150.83336425625356
4381396390,306072597,647.718,2000,5022.844161559914,38.090478085992835,17.00472224417125,655.23199273258
844353695,6046988702,1048.733,900,3148.6431623863427,197.61578208484883,5.306929380517357,1287.4539152585037
6996995331,844353695,379.937,900,12.310355300199266,22.79622005772201,16.66666662446522,0.9444044569127537
6996995316,6996995324,36.283,2000,0.2126810987990217,2.1769800000000004,16.666666666666664,0.001558145232309668
6996995316,5142601891,30.803,2000,1886.298673374972,1.905281200259244,16.167167342966884,11.786011329658082
306072677,5697786879,363.666,900,16.524706885197098,21.819960179384633,16.666666529647905,1.2134232607002589
306072677,4381396398,1133.768,2000,2979.408225008044,52.95754698334364,21.408997670466043,674.4095035762775
6046988703,306072677,1062.091,900,2995.932931893241,175.53336948726175,6.050650102042703,1120.632142866308
5697786879,5142601895,38.827,900,16.524706885197098,2.329620019152096,16.666666529647923,0.12955180012211473
5697786879,6996995331,41.192,900,0.0,3.7072800000000004,11.11111111111111,0.0
4381396398,3117337962,2579.408,2000,4767.776702874276,144.98616867934595,17.79071771807879,2465.58334467008
306072691,4381396398,196.67,2000,1788.368477866225,24.189523738399163,8.130379172691201,99.023888586056
306072691,902279640,735.85,700,214.99611900770225,44.15661399607344,16.664547695288285,31.945031536320123
6996995324,306072691,482.115,700,2003.3645968739277,56.656969096283724,8.50936800344343,263.2756955031183
902279640,902279652,30.479,700,205.88318220430955,2.744594912376852,11.10509964969833,1.4500639239910047
902279640,902279645,83.189,700,9.112936803392737,5.989608012445315,13.888888860030306,0.1594231157105221
306072746,306072714,14.535,900,2616.632670553356,1.762465914355122,8.246968001828442,10.599179857845435
1360092422,306072746,13.159,700,0.0,0.9474480000000001,13.88888888888889,0.0
306072820,3996615508,14.618,700,0.0,1.7541600000000002,8.333333333333332,0.0
3996617060,3996615508,125.55000000000001,700,1580.699470578328,28.936004927881314,4.3388850780511925,90.08531831220003
306072838,3996584857,49.192,900,0.0,4.4272800000000005,11.111111111111109,0.0
1360092422,3996584857,819.589,900,2996.270813393841,135.49362988085065,6.0489116774030185,865.0544678044556
306073564,1229283771,56.559999999999995,900,350.0969508767108,5.0920654685056865,11.107476985483075,4.575247412660263
306073564,4299157508,259.476,900,4374.311358991057,139.71046782495714,1.857240935769371,855.985305374033
1229283771,306073825,20.38,900,3291.664766759952,4.3492322834775,4.685884466879942,28.75855369405217
1229283771,5008490469,476.664,700,1378.083539376422,41.68622176730536,11.43456950022391,149.54033990480164
4299157505,1229283771,231.563,900,4319.651355259662,119.24665742717055,1.941882523134254,739.1024377176835
4299157505,4299157508,18.533,900,0.0,1.6679700000000002,11.11111111111111,0.0
4299157508,859740295,83.417,900,4374.311358991057,17.63262072715947,4.7308339066984555,155.30700376878374
306073825,306073828,88.674,900,4494.5509035434925,52.60550218942219,1.6856411650762722,313.50791784965173
309583231,306073825,228.32100000000003,700,1202.8861367835386,18.487374017696617,12.350104443251103,60.32789036855096
306073828,306073869,30.786,900,3118.999900462871,5.65428520673001,5.444720044075064,36.70407268262492
306073869,6047565243,28.732,900,1950.7306677183708,2.7211112845859637,10.558921335836427,13.312542796283866
6047565246,306073869,23.718,900,1237.179095677983,1.790663361582594,13.245370687116733,6.2700353367688475
6047565246,6047565243,32.159,900,0.0,2.89431,11.11111111111111,0.0
306319329,306319334,822.972,900,1932.653912310187,77.25782287895132,10.6522804983703,375.91547397164896
306319334,8374118947,27.269,900,3303.21473346786,34.66899122693367,0.7865530272139917,89.84769181573374
8374118947,4328613978,231.505,900,1367.5342434933125,23.095857980452315,10.023658796133025,77.51853608421368
306323111,4331468670,131.374,700,2101.239753116188,54.177774114774984,2.4248689088201685,182.34021056996386
1358245402,306323111,18.493,700,3333.497641793448,42.38897692255941,0.4362690808458278,67.9850892059402
4331468671,4331468670,9.229,700,0.0,1.10748,8.333333333333332,0.0
4331468670,4331443698,159.797,700,1119.7874725095908,14.129707838471646,11.309292578924591,40.96231259588463
306323125,306323127,15.035999999999998,700,2720.569874054142,18.95069580394221,0.7934273314055382,40.72462293822669
1063807312,306323125,22.506,700,1355.556985495571,3.2688830034014877,6.884920621686683,9.723274269736583
1190051187,306323125,318.567,700,1365.012888558569,46.928158453794616,6.788397637926929,140.09943700262355
306323127,4331333367,1484.836,700,1199.8233690610152,173.6586677902338,8.550313202872008,483.99343868291675
4331333367,4331333373,49.839,700,0.0,5.98068,8.333333333333332,0.0
4331333367,4331333365,89.384,700,1199.8233690610152,10.453886059983901,8.55031320287201,29.135385674400265
306327609,4341257621,118.32300000000001,700,1918.465365632239,13.98836151109626,8.458674727997295,62.135914681978946
4341620363,306327609,141.865,700,828.952112114343,9.722828211735012,14.590919114335005,24.381693451466678
4341257620,4341257621,8.519,700,0.0,1.02228,8.333333333333332,0.0
4341257621,4341257619,27.524,700,1918.465365632239,3.253937659182516,8.45867465294797,14.453900986000477
306532826,306532828,79.052,1200,4930.506229737447,123.03353066480418,0.6425240304236361,404.9442143685921
3918795700,306532826,103.99599999999998,1200,1643.275771638811,11.740545968928366,8.857850416431049,45.31052353383198
1757614262,306532826,139.077,1200,3287.2304580986383,18.07075383117257,7.696247832234214,133.97252075931306
306532828,4333272420,235.686,1200,4341.312448916297,53.18689739100164,4.431279348132728,457.29584302098834
306532828,4332782736,114.80100000000002,1200,589.193780821154,10.375527226494283,11.06459435688738,15.660421590512033
4333272420,306532836,243.125,1200,4341.312448916297,54.86564514431911,4.4312793435761435,471.7295550819084
4333272420,4333272421,27.261,1200,0.0,2.45349,11.11111111111111,0.0
4332782736,6432886100,2990.623,1200,2612.092274643263,237.00035520312454,12.618643535098688,1700.564189308393
4332782736,306533471,93.388,1200,2297.720381808906,11.051721877051445,8.450085972025523,58.77841296094783
1273529670,4332782736,1258.974,1200,4320.618875631013,256.9346047698409,4.8999783471275675,2254.4639566067826
306532836,6016375943,378.943,1200,4341.312448916297,78.38919404010053,4.834122925235704,688.8652988164459
1750358342,306532836,114.167,1200,0.0,10.27503,11.111111111111112,0.0
6016375943,6016375940,197.337,1200,4341.312448916297,40.82167604175647,4.834122925235703,358.7310267574305
6016375943,6016375942,25.685,1200,0.0,2.3116499999999998,11.111111111111112,0.0
306532855,6016402371,14.942,1200,3073.4140064720614,1.240915183755468,12.041113039474613,10.200512384837715
306532855,4347782939,19.597,1200,1534.4892468203352,2.104866972035628,9.310327094470791,7.712767526942062
6016375923,306532855,1021.9920000000001,1200,4341.312448916297,181.21035740051812,5.639810078521912,1650.3181174711658
4347843013,306532855,27.263,1200,0.0,2.45367,11.111111111111112,0.0
6016402371,6016402372,29.834999999999997,1200,0.0,2.68515,11.11111111111111,0.0
6016402371,6016402366,178.022,1200,3073.4140064720614,14.784513175203971,12.04111341985692,121.53095903077929
6016402370,6016402371,19.603,1200,0.0,1.76427,11.111111111111112,0.0
4347782939,4333193985,1179.697,1200,4320.618875631013,206.36190312815575,5.716641405789805,1876.08957904388
6016402370,4347782939,14.664,1200,2786.12962881068,1.067288507800368,13.739490206094153,8.621346842482007
306532876,1617054253,15.896999999999998,1200,3374.584686589817,5.268901879433003,3.017137225890171,31.194202066614963
306532876,4201060152,322.408,1200,0.0,29.01672,11.111111111111112,0.0
4200864650,306532876,2125.459,1200,3374.584686589817,241.48993360485355,8.801439332365122,1910.012540378163
1617054253,1617054254,327.36,1200,0.0,29.4624,11.111111111111112,0.0
1617054253,306532878,398.406,1200,2296.1741896934363,47.085657203284214,8.46130273344069,250.35455476536245
4201060152,4201060160,178.002,1200,0.0,10.680119999999999,16.666666666666668,0.0
4201060152,4201060160,339.37,1200,2981.344001219914,114.72265772947506,2.9581776321837037,595.5620938639848
1617054254,4201060152,365.372,1200,1802.5913559896385,23.517287741925333,15.536315412284337,134.5725756613449
306532878,306532880,265.81,1200,2296.1741896934363,31.414784268321704,8.46130273344069,167.03248495801014
1617054227,306532878,392.234,1200,0.0,35.30106,11.11111111111111,0.0
306532880,1617054217,80.848,1200,2640.0005370389867,13.07099479977759,6.185298153540361,73.89496280724768
4201081573,306532880,164.254,1200,343.82634734554927,19.720089374193897,8.329272595232052,15.627920549233968
1617054217,4347881487,1832.557,1200,2640.0005370389867,146.75793147988367,12.4869366958282,1057.7547193759128
1617054217,1617054219,254.65399999999997,1200,0.0,30.55848,8.333333333333334,0.0
306532920,306533380,49.502,1200,662.5991038881167,2.990091866927118,16.555344184415517,6.6291243031838025
306532920,1767758622,308.335,1200,959.7772332939254,18.608276295757836,16.569777613969098,59.80286293004313
1760799512,306532920,173.597,1200,1622.376337182042,12.933155905421964,13.422632594046359,59.89797579910156
306533380,1760799556,227.54099999999997,1200,823.5204554400908,16.64581594043492,13.669561216718272,39.60756191135717
306533380,3988941327,56.967,1200,662.5991038881167,3.441003664159776,16.555344184415507,7.628809425467091
306533379,306533380,58.766999999999996,1200,823.5204554400908,4.299113853641934,13.669561216718268,10.229442565712223
1767758622,1767758619,42.05,1200,959.7772332939254,2.537752828049412,16.56977761396913,8.155773383522188
1767758622,1767758617,58.226000000000006,1200,0.0,5.24034,11.11111111111111,0.0
306532947,1767758108,133.59,1200,0.0,9.61848,13.88888888888889,0.0
306532947,2866680459,235.861,1200,1791.2649954868027,19.234284586422984,12.262530427905208,93.08887650933667
2866680485,306532947,75.433,1200,1364.4308286908124,6.087837056921976,12.390771844695053,22.57623043457755
2866680459,306532954,112.75600000000001,1200,1791.2649954868027,9.195165766390835,12.262530427905217,44.50218289453007
1767758103,2866680459,176.629,1200,0.0,10.59774,16.666666666666664,0.0
306532954,306533345,89.821,1200,142.42118384511517,8.08400602726407,11.11095163673434,2.9552769919887014
306532954,1617053872,1648.084,1200,1648.8438116416885,124.38209135526182,13.250171162444278,580.5793281247111
306533345,1759542993,94.26,1200,804.2320506232462,5.738136392675106,16.426936125172205,15.338602135502102
306533345,1759542967,16.521,1200,514.4703427207157,1.4905238040851938,11.084022915111868,1.9660531234268428
1759542977,306533345,33.603,1200,1176.281209498847,2.150832751046412,15.623251033187795,8.067349176540485
1617053871,1617053872,8.651,700,1244.683464817962,1.073282601163026,8.06031886720761,3.0505645811637256
1617053872,1759542274,747.375,1200,2893.527276459652,154.50078014947843,4.837354214502477,905.0772716988961
306533075,1617053871,692.768,1200,2102.8297270698627,69.91893463944056,9.908160122468693,359.21781650462043
306533076,306533075,495.43699999999995,1200,2102.8297270698627,424.9842242383623,1.1657773906499707,936.8780475298354
1617053871,1759542977,1516.335,1200,1370.4526485291724,102.17560887603729,14.840479216910428,428.9837481074061
1617053885,1617053871,1154.053,700,1244.683464817962,143.17709001502703,8.060318867207577,406.9487003335741
306533076,273403276,255.297,1200,0.0,13.12956,19.444444444444446,0.0
5589381657,306533076,1130.119,1200,2102.8297270698627,65.95147965996705,17.135612511298802,478.1906114697493
1759542274,273403276,515.697,1200,0.0,37.130184,13.88888888888889,0.0
1759542993,4346761137,443.301,1200,1634.5376793392063,33.22130770344701,13.343875682353211,154.42088184739882
1759542980,1759542993,51.562000000000005,1200,830.3056287159602,4.717522356434304,10.929889909196458,9.976968460602095
1759542967,6023368552,62.388999999999996,700,708.6417817510415,6.04162062581172,10.326533866336195,10.635942517264727
1759542967,1759542980,51.70099999999999,1200,0.0,4.65309,11.111111111111112,0.0
1759542977,1759542967,40.426,1200,194.17143903032576,3.6385204205360098,11.110560152921893,1.8134260434591354
306533379,3988941327,108.207,1200,0.7137203441651864,6.492420000000054,16.666666666666526,0.015594062974693203
4345363376,306533379,303.711,1200,823.5204554400908,18.515041996407362,16.403473460061917,50.61802634035159
3988941327,1760799343,178.877,700,663.3128242322817,11.358589889505522,15.748169600283646,24.1795641616254
1760799556,1760799512,49.036,1200,57.59596100714263,4.41324169420887,11.11110684564271,0.6524535588691562
1760799556,1760799613,46.712,1200,1149.8511158146612,3.568365432345684,13.090587521271223,11.526502234467124
1760799540,1760799556,28.822,1200,383.9266213817128,2.5959460783556216,11.102695945925438,2.557332378582866
306533391,3989021065,21.642,1200,0.0,1.2985200000000001,16.666666666666664,0.0
306533391,306533395,805.2539999999999,1200,2110.997146352087,81.78680484758361,9.845769149444786,420.79521211753536
3988986197,306533391,396.373,1200,1151.99266465068,25.243532211114935,15.701962652654199,93.10479658625492
306533395,1617054219,2984.736,1200,2110.997146352087,202.09939617690594,14.768653724167176,1302.2658592368202
3989077964,306533395,147.182,1200,0.0,8.83092,16.666666666666664,0.0
1617054219,4201081573,225.268,1200,1802.5913559896385,14.499448165289179,15.536315412284326,82.96994562823606
306533471,3918795700,47.798,1200,5248.189561758518,78.7676252970422,0.6068229151221455,263.2973190116382
6980956375,306533471,3514.315,1200,2950.46917994961,320.97035991777534,10.949032804462943,2414.0977534956482
3918795700,1468897324,126.107,1200,3604.913790119701,17.860104108805,7.060821103379205,142.12326027191472
4341356494,838080082,5.027,700,0.0,0.40216002,12.499999378356904,0.0
4341356494,4015512212,966.267,700,1617.850124365326,213.17203926334997,4.532803661019944,687.0307956381722
4341356490,4341356494,11.364,700,1339.5309105301078,1.343245114616616,8.460108937930864,4.166312120702761
306533611,365208184,80.626,700,1513.2036065603988,24.958518811749833,3.230400033276147,67.93642452808565
306533611,4343112294,286.011,700,724.7502736314445,23.256574947042907,12.298070573645091,45.6150210326039
4343112294,4279130193,25.003,700,724.7502736314445,2.033083124728662,12.298070696611056,3.98765210410954
4343112294,4343112300,21.463,700,0.0,2.57556,8.333333333333334,0.0
306533619,306534255,18.678,700,2791.56062287394,43.24986967110784,0.4318625730444095,57.5764406314769
306533619,306533657,1719.119,700,0.0,137.52952001999998,12.49999999818221,0.0
309373546,306533619,170.105,700,1586.0304144362249,39.55182004025983,4.300813460084769,123.26058795898446
4279130193,306533619,580.535,700,0.0,41.798519999999996,13.88888888888889,0.0
306534255,629216473,804.727,700,2791.56062287394,297.04575078998505,2.7091012002691524,1393.9358492375834
632136931,306534255,1764.72,700,0.0,141.17759999999998,12.500000000000002,0.0
306533657,306533658,36.664,700,0.0,2.6398080000000004,13.888888888888888,0.0
632136931,306533657,58.766,700,0.0,4.231152,13.88888888888889,0.0
306533658,306533880,28.082,700,0.0,2.021904,13.888888888888888,0.0
306533658,632054274,1727.0520000000001,700,0.0,124.347744,13.888888888888888,0.0
306533880,632136931,1921.198,700,0.0,197.60893716,9.722222221378805,0.0
4343315957,306533880,1748.149,700,0.0,125.866728,13.88888888888889,0.0
632054274,632050833,989.571,700,2782.178151245617,325.30442256069955,3.0419844655365944,1592.7546063186362
4343315957,632054274,9.273,700,1687.741753553725,3.8329522522554242,2.4192839852214405,10.350662371988161
306533682,306533701,23.78,700,327.4418704518079,2.8634833473983523,8.30457073256793,2.159274950062261
306533682,629043445,520.204,700,1359.031236433979,75.94913222933147,6.849373847079951,226.2153260526206
306533716,306533682,70.129,700,1686.473106885787,8.311256585361503,8.437833591074208,32.43021784931735
306533701,4341426500,12.813,700,944.1656504783646,1.20770749670328,10.609357013164264,2.865704948933493
629043445,628126543,259.698,900,956.8758573014592,15.866374218367511,16.36782269381771,50.30812080815662
629043445,1273545797,34.087,700,1133.1300501715516,3.673294073879706,9.279681755508772,9.927964801933738
4341426500,306756849,33.999,700,616.723780026557,3.086253926724444,11.016267879190487,4.865886589854865
306533713,4216695268,64.896,700,678.2740977196361,5.5227371409123425,11.750695052866366,9.888456608793454
306533713,306533716,37.436,700,0.0,3.36924,11.11111111111111,0.0
306756849,306533713,51.04500000000001,700,678.2740977196361,4.651916301493914,10.972897337728849,8.051479589224437
4216695268,4249905485,91.23,700,678.2740977196361,7.763796063939732,11.75069505286637,13.901070889118389
4216695268,4216695272,18.638,700,0.0,2.23656,8.333333333333334,0.0
4216695272,306533716,81.097,700,1686.473106885787,9.611116308916806,8.437833587006066,37.50222272980201
629216447,629216473,16.235,700,0.0,1.46115,11.11111111111111,0.0
629216473,308131091,713.614,700,1120.6602239009876,94.74464770018253,7.53197164507083,238.13470092400325
629216473,629212314,153.278,700,1670.900398972952,17.950522328042318,8.538915871018917,69.64313286154565
629291411,306756849,124.197,700,61.5503176930789,11.177778333575706,11.111063065809619,1.7659761716284041
306757653,1376151071,412.969,700,616.0560718501919,38.78013823933591,10.648982152959748,60.1400552323333
1376151071,2849129932,27.728999999999996,700,616.0560718501919,2.60391083407845,10.64898215295977,4.038132623846746
1376151071,1273828841,311.677,900,107.32165399862892,28.051011045311196,11.111079008758143,7.7274325129359385
306757886,1376151071,29.066999999999997,900,107.32165399862892,2.616068263825392,11.11094859485672,0.720664858859869
306757886,306757888,432.828,700,0.0,38.95452,11.111111111111109,0.0
1273635294,306757886,72.199,900,107.32165399862892,6.49943068527444,11.108511421404808,1.790252173050797
4328613977,306763138,14.42,900,0.0,1.2978,11.11111111111111,0.0
306763138,8098371850,429.7300000000001,900,1367.5342434933125,42.871571024123774,10.023658796133025,143.89339544056998
4328613978,306763138,24.958,900,1367.5342434933125,2.489909174644728,10.023658796133045,8.357087853782012
306763256,4328613977,408.889,900,1387.1881337928048,41.45920964379603,9.862440782471268,140.26159370727922
8098371850,4328613975,72.449,900,1375.6674282112756,7.27608006629385,9.957147164393792,24.50219908386389
306763255,8098371850,17.024,900,8.13318471796268,1.532160000739164,11.111111105750748,0.03198635098025971
306763146,306763147,15.168,900,1254.1837488762774,1.390017420406104,10.912093458201808,4.437118998967694
306763146,3736693697,195.941,900,132.2948751067896,15.675809419622603,12.499577837092467,5.665111242832145
548768442,306763146,12.339,900,126.24491415431557,0.7403607339963181,16.66619991230027,0.3145367320267763
4346611953,306763146,66.895,900,1260.2337098287517,5.08102287098958,13.165656148084121,18.05327644080429
306763147,306763148,27.569,700,1212.156443651633,3.276075258000612,8.41525234582839,9.18062129004415
306763147,2838560243,6.291,900,1725.0365659410336,0.60033861603561,10.47908602239047,2.5887364129903134
3736693698,306763147,203.09799999999998,900,1683.0092607163888,17.178199918215874,11.823008287651465,76.56681174239013
3736693698,3736693697,15.497999999999998,900,0.0,1.8597599999999999,8.333333333333334,0.0
3736693697,3736694443,200.589,900,132.2948751067896,16.04766195773607,12.499577853040602,5.799495758846654
306763148,4042114130,6.165,700,1133.1300501715516,0.664354679657004,9.27968175550881,1.7955790478458487
306763148,1175765852,524.516,700,1212.156443651633,77.91150794485883,6.732201876662707,206.15366381748868
1273545797,306763148,607.545,700,1133.1300501715516,65.47045642371718,9.279681755508765,176.94972791946614
2838560243,548768442,13.033000000000001,900,1667.6179096823505,1.73850374740986,7.496676391648532,6.494538979090443
2838560243,4042114157,41.577,900,1396.8748218742187,4.7224297568324465,8.804154247047526,15.462591744795818
4042114130,2838560243,27.767999999999997,700,1339.456165615537,3.9382398592842365,7.050865613108378,11.640474432702156
4042114130,4042114152,3.756,700,603.7366618894605,0.28125686257419,13.354340817228028,0.4831317117377955
4042114144,4042114130,529.403,700,810.0627773334445,53.82754020944332,9.83516983945559,106.22915095690651
1175765852,1273960657,367.107,900,1917.7963797208115,24.079614765584278,15.245551208929085,144.42726641371817
4042114144,1175765852,5.072,900,1917.7963797208115,0.7581954685056239,6.6895678102597085,3.1694131869324247
306763254,309580810,805.746,700,842.0815554188677,66.80234620465717,12.061642229323779,150.59501993951116
306763254,306763255,19.481,900,948.0446203519958,1.272965541282018,15.303634991077972,3.785591593029393
4328613974,306763254,66.767,900,1790.1261757708628,10.25005899336993,6.513816168588596,39.75255581001239
309580810,347927699,16.78,700,1288.214972903103,2.21058511334019,7.590750475400356,6.399599753088204
309580810,4337488136,254.084,700,955.2779141137498,19.069953615222747,13.323786996376088,51.7548120284362
347926590,309580810,12.635000000000002,700,1401.4113315979866,1.9668888470546761,6.423850549013138,5.952975616886745
306763255,306763256,16.075,900,948.0446203519958,1.0504040386072802,15.303634991077981,3.123730037367041
4328597438,306763255,18.197,900,8.13318471796268,1.6377300007900981,11.111111105750723,0.03419029774364349
4328597438,306763256,16.531,700,439.1435134408088,1.20356818544586,13.734992499719587,1.5320501345440585
308131091,308131104,186.138,700,1120.6602239009876,18.324890336849208,10.157659695550716,50.67125193646028
309372187,308131091,141.327,700,0.0,12.71943,11.111111111111112,0.0
309580993,308131104,232.443,700,799.1345458822424,23.49034105122833,9.895258629624935,45.84043842217076
308131104,308131105,14.169,700,1074.0743516431853,1.3762115810629139,10.295655257497982,3.6675255068342
309581245,309580993,1028.175,700,923.329024629425,112.79902390419656,9.115105471774813,246.9094187668755
629029214,309580993,99.481,700,0.0,8.95329,11.111111111111109,0.0
308131105,308131106,18.608,700,1198.2688303903687,1.880199422014908,9.896822529632955,5.502047036226117
629029214,308131105,178.511,700,124.19447874718284,16.067141571116196,11.11031475075244,5.121840176193257
308131106,627962753,1283.433,700,274.9398057609435,92.5662613907776,13.86501929230847,74.24583810268528
308131106,629056041,13.117,700,923.329024629425,1.2315936738392281,10.65042820422305,2.8627552085357806
627962753,628085754,22.558,700,299.74250836369794,2.035157539305978,11.084154206407357,1.5640289897068136
548796751,627962753,18.45,700,24.802702602754668,1.328400151460364,13.888887305317729,0.09623264480818869
629056041,309372187,20.992,700,923.329024629425,1.971000564247392,10.650428204223067,4.581455922663947
548796751,629056041,1266.163,700,0.0,91.163736,13.88888888888889,0.0
308131618,4035090782,22.442,700,1227.5067978625727,2.106128306262468,10.655571141259452,6.509710483243791
308131630,308131618,40.501,700,780.3400510840607,3.670540597279188,11.034069485574312,7.327959687459357
6632010516,308131618,19.384,700,447.1667467785125,1.412460334134414,13.72357122642947,1.8297739945672375
525904781,4035090782,35.069,700,2096.783816342241,17.229276881191637,2.0354307520754467,53.13453750573162
308131630,1428592193,19.155,700,1710.9749097881515,6.175111423419522,3.101968318717843,18.728926567952854
4332972864,308131630,25.502,700,3254.114326061067,7.141388671401702,3.5710141505285833,43.24026879552581
1428592193,6632010516,19.216,700,447.1667467785125,1.750273278266028,10.978856981143558,1.9976705353906954
1428592193,6632176649,56.038,700,2455.4261168745847,15.953845756377037,3.5125073199106622,72.50094672507853
308131771,4332972864,31.082000000000004,700,4288.117212632898,20.607719153995415,1.5082697783162402,109.62707687634442
4332972864,4334219657,147.457,700,1034.0028865718302,12.59907184749045,11.703798643657331,34.31782599326765
308131942,316809318,83.983,700,1163.134747444508,8.38177943489448,10.019710092867326,23.923885602569083
605674788,308131942,556.794,700,1163.134747444508,77.74466704257388,7.161828858243011,200.29467902627647
316809318,316810074,831.849,700,1163.134747444508,92.92028798399126,8.952286072803766,254.699442048402
605674969,316809277,115.97700000000002,700,1303.9601592112667,19.529644386385037,5.938510589616911,54.040792465333844
605674788,605674969,8.558,700,1060.1879704349165,1.063390585896012,8.04784254582152,2.5733364160589485
308132027,308132402,89.716,1200,0.0,6.4595519999999995,13.88888888888889,0.0
308132027,308132128,89.675,1200,0.0,8.07075,11.11111111111111,0.0
308132402,5005642848,6.183,2000,3967.8516171597344,0.49836814839879595,12.406491104749218,5.378478497497471
308132128,1273608951,402.552,1200,1141.0717063808156,29.32234051756944,13.728508464690867,96.95467957753175
5005642848,309581746,195.115,2000,3967.8516171597344,37.57671762395185,5.192443947675498,306.959083687228
5005642848,309581766,344.426,2000,0.0,24.798672,13.88888888888889,0.0
4375983349,308132589,22.233,900,2528.274798933184,2.564366227937838,8.66997847568711,15.124321208503131
5343450967,308132589,108.437,900,3370.6331037394543,13.314841870352982,8.144069682227874,102.77996189722624
308132589,4375983348,33.872,700,655.2485570005497,3.21778966786548,10.526480440366688,5.280820351345053
3245797091,4375983349,33.945,900,2528.274798933184,3.91523463353349,8.669978475687092,23.091579338039843
4375983348,4375983349,13.576,700,0.0,0.9774719999999999,13.888888888888891,0.0
4375973962,5343450967,96.717,900,2248.188054829588,7.2057698751999,13.422160529004808,46.24439250508118
4347911984,5343450967,429.5059999999999,900,1141.0717063808156,52.142833664301676,8.237105078814519,136.69971468182422
1813624318,4375983348,19.433,700,0.0,1.74897,11.11111111111111,0.0
309372187,629212314,715.945,700,923.329024629425,78.54489475924818,9.115105471774815,171.92945152240685
629212314,4249905485,16.945,700,907.7563167165896,1.8370361509501199,9.224097191139109,3.9692947912409404
629212314,4216695272,94.058,700,1686.473106885787,11.147174161481557,8.43783353856731,43.49586396251044
309373546,4279125788,694.725,700,0.0,50.0202,13.88888888888889,0.0
629216447,309373546,651.789,700,1586.0304144362249,151.55016721632742,4.30081346640559,472.2959071086378
4279125788,4343112300,18.532,700,0.0,1.48255998,12.500000168627242,0.0
4279125788,4279130193,20.41,700,0.0,2.4492000000000003,8.333333333333332,0.0
309580782,548801423,22.567,900,4125.416329052794,14.843081398307797,1.5203716394476403,76.33909242718272
628085754,309580782,148.583,700,299.74250836369794,13.40499213860715,11.084154206407357,10.301805096977011
3205492797,309580782,48.348,900,3825.673820689096,24.650756390020526,1.961319126887844,136.03488137130276
548801423,309581245,997.3360000000001,900,615.3161323117905,74.97236346060075,13.302715213508202,130.92649089993185
548801423,317337002,46.998,900,3510.1001967410025,18.21381120108335,2.580349575447701,105.27115099778361
347927699,347926913,13.663999999999998,700,2121.0390906715843,1.807330378453602,7.560322209429837,8.605903676130172
347927699,4337488141,50.024,700,576.8353805567616,3.72186937218906,13.440557686896414,6.134059203925456
4337488135,4337488136,11.802,700,0.0,1.41624,8.333333333333334,0.0
4337488136,4337488133,53.165000000000006,700,955.2779141137498,3.9902319073744015,13.323786996376086,10.829271349206605
309580842,309580855,13.139,700,1832.7886846432164,3.783660340396494,3.472563290029133,12.786340474308728
309580842,548765372,393.929,700,1519.5936677311925,73.92821227959153,5.328534098865896,232.663317423754
2459323690,309580842,9.04,700,1519.5936677311925,1.696526630452458,5.328534098865905,5.339227092980543
4341257597,309580842,650.154,700,1832.7886846432164,71.1324077756009,9.140053322123157,309.3535787517638
309580855,4332538388,50.08,700,1292.7839910604694,6.036521533148502,8.29616853431143,17.96654911279726
309580855,2459323691,9.185,700,1915.9457138152284,3.34616099550498,2.744936663937732,10.83586341991121
1273664291,309580855,641.836,700,1375.941020232482,96.11557143575935,6.6777525265922515,288.1458090777391
548765372,309581038,9.841,700,688.2742854763045,0.756458232733074,13.009310460465995,1.456941420329985
548765372,1842938686,191.219,700,831.3193822548882,15.748881141294456,12.141751422493943,35.17798032604044
309580851,317337091,14.302,700,985.6989187492115,1.322617788822096,10.813403630944016,3.3043997859595
309580851,309581128,184.304,900,816.37696050888,11.599798288794037,15.888552146466767,30.611851899569974
1834912718,309580851,15.508000000000001,700,1802.0758792580916,4.664339802289464,3.324800648612262,15.272791970843025
317337091,1834912719,32.853,900,933.0518118643072,2.135899707870402,15.381340181349653,6.276306326795902
317337091,1834912723,21.106,700,1714.4929155549182,5.475623271328896,3.8545383701822353,17.88528595857352
4341815209,317337091,121.43300000000002,900,1661.8458086700157,13.412969220587893,9.053401823483613,52.72381667906124
309581128,309580870,20.981,900,321.1531012989639,1.260336461586372,16.647141965242714,1.3607678693651435
309581128,421092195,13.103,700,495.223859209916,0.960511570298346,13.641688872035198,1.3724881919483125
309580852,1273664291,10.669,700,2168.210132372172,5.883052188292374,1.8135144238958052,17.63228787766285
1834912719,309580852,11.801,700,2168.210132372172,6.507254557506636,1.8135144238958052,19.503105187393313
4341493555,309580852,16.237,900,0.0,0.9742200000000001,16.666666666666664,0.0
1273664291,1834912718,15.519,700,792.2691121396888,1.562504933843196,9.932128637718208,3.0273408334441756
4332539589,4332538388,9.173,700,0.0,1.1007600000000002,8.333333333333332,0.0
4332538388,4332538377,159.53,700,1292.7839910604694,19.22935869571466,8.296168505897803,57.232499739308686
2459323691,2459323690,13.35,700,3467.34165933453,8.390336042366783,1.5911162476198237,37.28309362879419
4332539589,2459323691,49.882,700,1551.395945519302,8.96334403794885,5.565110497690421,29.08418219015511
309580870,4333065493,168.625,900,1258.1701289161622,12.91279038404796,13.058757633695798,45.57042873035089
1834912721,309580870,13.163,700,937.017027617198,1.167851904982914,11.27112088770586,2.8283382287954
4333065493,4333065505,10.696,900,1128.9254608168822,0.7566890860733461,14.135264003217346,2.5257648102937686
4333065493,4333065499,13.25,900,129.24466809927966,1.5907826433266998,8.329233447186185,0.4738883676769235
548807060,309581245,30.087,900,923.329024629425,2.924821930429836,10.286780089746651,6.69813519222815
309581038,1834912718,239.404,700,1151.4282526644845,26.36529625836321,9.08026967169238,71.87682879235658
1842938687,309581038,191.069,700,463.1539671881804,15.497432184075253,12.329074760936033,19.452748375164692
1834912718,421092195,192.614,700,141.62148554608223,17.337360975834,11.109764644600673,6.302124914535652
309581040,1842938687,22.796,700,463.1539671881804,1.848962769890964,12.329074641856803,2.320862378520357
309581040,4333051249,118.01700000000001,700,933.6064173354852,10.442165284096687,11.301966286603287,25.230846252171773
4337488141,309581040,712.813,700,576.8353805567616,53.034480905129556,13.440557686896412,87.40678760850231
548765365,309581040,14.529000000000002,700,819.9250039669047,1.1885302606056058,12.224341677759949,2.6283485755224083
1842938687,1842938686,8.831,700,633.434734474286,0.6666726834069661,13.246380449953389,1.1952511997849145
4333051253,1842938687,126.59899999999999,700,633.434734474286,9.557252298339817,13.246380449953321,17.13482127070216
4333051249,4333051261,22.967,700,933.6064173354852,2.0321242709088363,11.30196628660331,4.910113338532823
4333051249,4333051253,28.597,700,0.0,5.147460000000001,5.555555555555555,0.0
309581046,1842358991,17.085,900,1635.948777717751,1.834645526061732,9.312425619718937,7.1676646888753375
309581046,309581071,75.639,700,7.072865655263706,5.446008000811086,13.888888886820384,0.11250406575257003
1834912724,309581046,64.759,900,1643.0216433730145,7.00745273187765,9.241446568080924,27.42267614938527
1842358991,4341815209,55.282,900,1849.532134965511,7.596279378252918,7.277510113472736,31.241150519769384
317337068,1842358991,74.821,700,213.58335724775944,5.387779167248418,13.887169031504994,3.3607388745848543
309581071,6131118239,274.203,700,884.4521421963243,20.46158659668281,13.400866971110304,51.607156480410325
4341776250,309581071,33.267,900,877.3792765410609,4.899094384927902,6.790438678288412,9.401552960490596
6131118240,6131118239,14.852999999999998,700,0.0,1.069416,13.88888888888889,0.0
6131118239,1273943219,513.246,700,884.4521421963243,38.299462348701745,13.400866971110307,96.59692503344121
421092195,1834912721,20.903,700,3.4106102817125463,1.881270001227078,11.111111103863772,0.01646960446890833
421092195,4333051254,116.335,700,633.434734474286,8.782399119482477,13.246380449953326,15.745617520889853
309581210,309581211,158.44,700,771.2637548591725,30.865900353107033,5.133172795461677,48.87987834982256
309581290,309581210,14.935,700,182.6329781425737,1.344600545499132,11.107388026870051,0.6302358519686296
626027508,309581210,714.391,700,2079.4134365513364,108.66841695143694,6.57404441917338,490.5778858841059
309581211,4331864000,192.128,900,2292.1933910615007,46.61443250666969,4.121641939382399,207.52642941984197
309581288,309581211,14.834,900,1520.929636202329,1.41514028257884,10.48235300953181,5.380962606014971
309581295,309581290,5.569,700,182.6329781425737,0.401102400422346,13.884235033587554,0.21390896683195046
309581288,309581290,158.812,700,812.5498356939177,35.46203870829333,4.478366325928674,57.22356666456764
548807060,4331864000,976.2280000000001,900,1459.9388681999092,175.82429591450747,5.552292957707503,536.6022380786858
4331864000,7792325782,385.311,900,2226.833594052679,85.79591283132015,4.491018129937544,379.69181329353864
548807060,317337002,1003.764,900,603.0673228312328,74.27862084219353,13.513498078168649,128.44262437635
4331922127,309581255,145.623,900,176.64709331253542,8.738318001307416,16.66487760896457,5.194200374096846
309581255,4331843262,21.612,900,166.5844151677126,1.9452451471865042,11.110167801348025,0.8317466987023782
4331922127,4331922126,15.982,900,2166.895056728534,4.9347822273808015,3.2386434220589,19.252354730721887
7792325781,4331922127,164.604,900,2343.5421500410694,42.721972233867056,3.8529120120890212,190.71997061207568
4331843262,4331922126,143.095,900,166.5844151677126,8.586428969604954,16.665251702022005,4.813264446811784
4331843265,4331843262,11.947,900,0.0,0.71682,16.666666666666664,0.0
4331922126,309581288,345.037,900,2333.479471896246,88.37734945708675,3.9041338320237697,394.37790120098606
309581295,623136044,767.923,700,2475.461077908151,178.85209466929007,4.293620387392963,869.5643716362168
589643195,309581295,2006.439,700,2140.6422048820987,201.58370342007507,9.953378998196266,1056.158955325543
623136044,623136192,39.141,700,1995.2363627272075,4.978297331329278,7.862326694245234,22.528773328083158
623136044,474876910,457.346,700,1234.217135725973,55.949572683396575,8.174253672820644,158.30785319395522
623136392,623136044,19.246,700,753.9924205450305,1.520644017325416,12.656479610429018,3.1551654776817974
593898516,589643195,625.83,700,2637.5703505175893,107.65445933819683,5.813321657526077,599.7067808014086
7792325686,589643195,132.76,700,2731.896212841894,24.48040818013233,5.42311218927079,139.0633247627141
309581490,4331322486,8.411,900,2248.039308965113,1.570724234242716,5.354854669352667,7.321205381759109
309581490,316809277,1512.078,700,1201.077829407396,295.2157971195476,5.121941355284874,727.6745617498275
4331776138,309581490,606.347,2000,2241.8034371777003,57.9348970355944,10.466006345492747,324.4879028075382
316809277,316809217,8.237,700,1168.7416774250976,1.158064845184518,7.112727783984821,2.992952832047436
309581576,2990330536,77.258,2000,8621.231874925412,12.73482743574699,6.066670348679779,234.09352911618973
309581576,3782679262,82.868,2000,0.0,14.91624,5.555555555555555,0.0
2990330536,1717282190,393.882,2000,7404.742643739748,43.411644800052834,9.073187662300246,760.8913254841431
2990330546,2990330536,124.946,2000,0.0,14.99352,8.333333333333334,0.0
2990330546,3782679262,124.232,2000,8034.489483221731,16.820271365377074,7.385849924854347,301.60790834918765
309581597,1273829669,293.637,2000,2434.9270850391244,21.500109888402047,13.657465079208672,151.1705994606653
309581597,316808063,197.656,2000,7884.367389076573,40.74088285979429,4.851539439638889,650.7774623493581
1717282190,309581597,217.81800000000004,2000,9601.28259189262,22.506452249580228,9.67802466530737,523.2563371751746
316808063,316808065,165.912,2000,9078.734751572185,15.202294963818565,10.913615371552142,351.303189941846
309581746,309581766,204.77,2000,4007.581834815016,26.693650946555472,7.6711125207255835,241.06242345877297
3826928736,309581746,299.92,900,4007.581834815016,74.97208690390552,4.000422188919704,578.6554960693727
309581766,6128880521,1320.427,2000,4007.581834815016,66.80761849453042,19.764617116356334,1055.8410722108
309581752,3826928736,32.714,900,3363.4506299618274,5.540785801598886,5.904216689004623,39.49659920387013
3743408687,3826928736,322.419,700,644.1312048531889,53.097605040329,6.072194777054717,72.93975991542163
309581752,1813624307,286.176,700,1444.2746867410613,59.519462172932535,4.808107962543776,173.77871921462324
3245797091,309581752,225.558,900,3368.1484984763365,38.30309734058391,5.888766592277926,273.25940736915413
1813624307,371264922,44.366,700,1444.2746867410613,9.227330240007282,4.808107962543778,26.940996647783102
309581823,1813624307,37.005,700,0.0,2.2203000000000004,16.666666666666664,0.0
1813624318,3245797091,21.833,900,652.7639517374325,2.004304787922372,10.89305385666005,3.3272867052553736
6128880521,5005642847,207.868,2000,4007.581834815016,10.517178186466236,19.76461711635633,166.21560449635908
6128880521,6128880536,327.525,2000,0.0,39.303000000000004,8.333333333333332,0.0
309581823,371264922,72.331,700,0.0,6.50979,11.111111111111112,0.0
3743408687,309581823,35.94,700,0.0,2.1564,16.666666666666664,0.0
371264922,4344516912,339.317,700,1444.2746867410613,38.44634325959676,8.825728827027044,130.25717826940627
4351669443,4351669442,9.625,700,0.0,1.155,8.333333333333334,0.0
4351669442,309583178,46.131,700,1085.023515645501,6.726238434355932,6.8583652587119825,15.999787230101374
309583178,1229283766,10.673,700,1087.9835777251992,1.56122456569521,6.8363003212464415,3.721036804600916
309583178,1229111517,604.021,700,1913.2239580920325,78.16773663756005,7.727241774962232,337.6443288114457
1229283809,309583178,9.693,700,1916.184020171732,1.2578452201185542,7.706035563808413,5.43773372625179
1229283766,1229283788,9.433,700,1761.1573029904907,1.06802769954474,8.832167933491737,4.4134512314724645
1229283766,3754884226,3076.307,700,1167.465396127284,345.46289118076373,8.904884080271069,948.822811618693
309583598,1229283766,603.356,700,1840.639121392573,73.11656892035398,8.251973648506905,309.36326591049794
1229111517,1229111519,11.352,700,1202.8861367835386,0.9191825099263381,12.350104443251137,2.9994709705361693
1229111517,6302798389,680.123,700,710.3378213084934,52.725100286024414,12.899415957683383,104.25606346413717
309583598,1229111517,13.107,700,0.0,0.943704,13.888888888888888,0.0
5008490468,309583231,240.11599999999999,700,1202.8861367835386,19.442426669615323,12.350104443251107,63.444412575868974
2833643636,309583231,77.768,700,0.0,6.9991200000000005,11.11111111111111,0.0
309583390,5555008233,216.12800000000001,700,948.2096165479657,19.351179853907365,11.168724678891333,47.21573521179098
309583451,309583390,30.144999999999996,700,0.0,3.6174000000000004,8.333333333333332,0.0
5726718636,309583390,213.135,700,948.2096165479657,19.083199391853654,11.168724678891333,46.5618787217069
5555008233,4199807654,553.98,700,948.2096165479657,49.60100780772322,11.168724678891333,121.02352769020195
5555008233,5555008238,61.409,700,0.0,7.369079999999999,8.333333333333334,0.0
309583451,2833684005,207.668,700,1179.2801251062358,23.664622430806002,8.775462216108004,65.34731773324117
5555008238,309583451,282.601,700,1179.2801251062358,32.20354586921532,8.775462216108004,88.92663934131252
2833684005,3743408700,10.714,700,1178.8636210411617,1.22026966565307,8.780026498705126,3.3690061862577703
2833684005,2833675292,328.238,700,992.5244499332651,24.99801857348328,13.130560689645195,69.83405828284245
2833684029,2833684005,11.496,700,992.1079458681904,0.87543459398424,13.131763445261974,2.444714935970251
1229111519,309583598,17.324,700,462.5555820161519,1.264531249637538,13.699938222140187,1.6925455656758333
5008490469,309583598,430.01899999999995,700,1378.083539376422,37.60692520969675,11.434569500223908,134.90674232902597
1663122038,346473954,39.521,700,301.4226489374074,2.85258881862219,13.8544327671763,2.5070877697837664
309998790,1943098867,11.511,900,5712.039785353503,8.635694618535336,1.3329558893031273,56.57947928407329
309998790,2060102857,674.789,700,48.62410688532973,60.7311122801057,11.111092398369385,7.5798823773380635
1943098867,3313153268,7.078,900,4482.085409101053,2.408555396985384,2.938690971716501,18.749723361131572
1943098867,2060102856,663.696,900,1625.973049861646,70.50986416668384,9.412810644919647,274.8245418168856
2060102857,4333045970,1302.771,700,1179.2443998764986,185.56186128495528,7.020682973207621,482.3795054424295
2060102856,2060102857,12.389,700,1130.6202929911688,1.663943811342996,7.445563916007858,4.20709234090195
310953862,679655460,12.855000000000002,700,1471.1260248926774,1.1835561170326199,10.861335440713797,4.422095079698654
310953862,679655458,166.518,700,1216.571100045674,13.552273560599598,12.28708963521193,44.5967601373445
316803685,310953862,13.144,700,1487.9211921161095,1.2224186937599821,10.752453367324552,4.598382514753982
2860030626,310953862,774.853,700,1199.7759328222432,62.668988903793625,12.364217351416288,204.10566912401188
679655460,316803702,13.003,700,2049.537650871805,2.132601073108344,6.097249112346948,9.329942125234068
679655460,310953870,597.765,700,323.3998375089358,43.06709762042837,13.879853369001054,40.66172394748954
679655459,679655460,163.475,700,901.8114634880626,12.233493201650136,13.362904389234416,31.402310727917786
679655459,679655458,13.026999999999997,900,1103.9228884889203,0.806900276310006,16.14449812754198,2.917742769495454
310953870,316811336,14.807,700,49.67416148948472,1.066104386305446,13.888883856217149,0.15467662968410195
310953870,690201892,58.79899999999999,700,1576.4619598589131,7.23707080832163,8.1246959657199,26.11059605193969
310953955,310953870,14.13,700,1302.7362838394615,1.4896815754235702,9.485248547819578,4.664779490162062
316811336,3679024245,12.918000000000001,700,2294.104486719812,2.46326359827051,5.244262128125426,11.66073934506371
316811538,316811336,57.086,700,2244.430325230328,10.317391445431483,5.532987703522439,48.36981901473332
690201892,3329170621,10.11,700,1152.974956733175,0.804474765006018,12.567205883610743,2.541795012919791
690201892,679655459,582.263,900,1897.221148810958,44.79343180333275,12.998847745277649,237.68985594253732
316811538,690201892,13.923999999999998,900,1473.734145685221,0.921266825602278,15.113970907285397,4.217755599617979
310953955,316803702,603.994,700,1015.3953550943304,46.238721921956646,13.06251502840936,131.7173087792324
3679024245,310953955,14.552000000000001,700,1003.652801142068,1.368048692677266,10.63704828482515,3.4546528758945674
316811819,310953955,648.297,700,1314.4788377917237,68.71341720083481,9.434794926661336,216.69432502918087
316803702,316803685,11.754,700,1706.1362743934085,1.2730464489786901,9.232970257628638,5.171630571521871
316803702,316803765,214.74600000000004,700,1358.796731572727,20.664995702381404,10.391775691260028,69.94156985677022
2860030626,310953976,463.374,700,1738.282811555167,64.36392545155005,7.199281223902432,248.13088713739592
310954177,4343297801,20.166,700,0.0,1.81494,11.11111111111111,0.0
4466943299,310954177,12.267,700,0.0,1.10403,11.11111111111111,0.0
4466943299,310954177,18.08,700,0.0,2.1696,8.333333333333332,0.0
4343299467,4343297801,11.503,700,0.0,1.03527,11.111111111111112,0.0
310955629,4199807653,29.422,700,2143.784150943666,15.598791657126132,1.8861717398833835,47.235483758984934
310955629,4289567097,45.355,700,869.8492571472233,3.300763657539018,13.74075962585451,8.324871411060714
310955683,310955629,15.052,700,1534.5630736411536,1.441407612496836,10.442570074905193,5.520981133372851
4289567096,310955629,42.752,700,1479.0703344497356,7.516461368991402,5.687782841054725,23.366256096409213
4199807653,310955681,13.270999999999999,700,1883.900222828256,1.67178208649634,7.938235555456201,7.161863396041651
4199807653,317339063,610.646,700,1281.706134440045,79.71436632983736,7.660425944719994,230.1478371343029
4199807652,4199807653,166.268,700,1021.8222063246344,12.74799293991384,13.042680583813045,36.50953404509396
4289567097,4199807646,105.13,700,899.2787314211918,7.662576025477771,13.719929127025532,19.95919330584342
4289567096,4289567097,39.244,700,29.42947427396868,4.709297028587544,8.3333032004079,0.31948674233418006
310955637,317338835,10.023,700,339.4921262970086,0.724544172755184,13.83352510018277,0.7164739637483757
310955637,3758460228,1573.475,700,721.5774434838203,122.54353431397885,12.84013072422467,245.4533219933967
2761252092,310955637,10.25,700,504.0266461294066,0.752349754245042,13.623982651905742,1.0932024378372267
317338868,310955637,371.231,700,557.0429236514221,27.503995749793063,13.497347926356959,43.89566424944982
317338835,310955672,9.903,700,1005.8699894293428,0.932923881214908,10.615013935653288,2.3589090439207308
3758460225,317338835,1587.364,700,666.377863132334,121.08013935943217,13.110027857564933,226.87437195763982
3758460228,3758460225,14.212,700,0.0,1.023264,13.88888888888889,0.0
3758460228,3758457112,1735.8649999999998,700,721.5774434838203,135.190601815685,12.840130724224666,270.7852560619437
310955672,2761252092,10.131,700,332.6692648689729,0.732123594551886,13.837827486219624,0.7095699522896886
310955672,1573127196,332.808,700,673.2007245603701,25.444962650500152,13.07952401311378,48.09528008270457
2761252092,310955676,374.375,700,703.8428822997105,28.94804150711155,12.932653834561789,56.80692042571869
317338714,2761252092,336.473,700,875.200263560144,28.50844969231807,11.802570944103865,66.0174923308734
1573127196,1573127339,9.888,700,661.4058179181205,0.752983537858206,13.131761191121823,1.401841907119297
1573127196,1573127455,929.6369999999998,700,16.400842327981206,66.93386545909856,13.8888885861235,3.2063179545495877
317338714,1573127196,11.121,700,4.6059356857319,0.80071200010857,13.888888887005669,0.010771811384095116
310955676,310955677,9.647,700,703.8428822997105,0.7459412525385061,12.932653834561878,1.4638166580217893
310955676,2762154065,745.322,700,726.4019615037708,58.164697789758385,12.813992478634281,117.13690394673189
317338868,310955676,10.019,700,726.4019615037708,0.781879653566628,12.813992478634347,1.5746142481267205
310955677,317339063,10.46,700,1.7387507151474335,0.75312000000207,13.888888888850715,0.0038246882019547495
310955677,310955681,610.179,700,1766.40353051154,172.79450133387948,3.5312408397822286,565.878156714043
1573127447,310955677,748.387,700,1064.299398926977,74.71380854094672,10.01671598081964,195.10965468700456
2762154065,317338928,10.644,700,726.4019615037708,0.830654459782734,12.813992478634312,1.6728410077912794
2762154065,317338712,606.08,700,525.4161380523683,44.63971956589949,13.577146225241693,67.46145993181405
1573127447,2762154065,9.667,700,525.4161380523683,0.7120052947524239,13.577146225241734,1.0760129573007622
317339063,317338868,9.669,700,1283.4448851551936,1.265279112359442,7.6417921591779345,3.6557056081265267
310955681,310955683,28.867000000000004,700,673.6020457906994,2.207344462063782,13.077705132170658,4.174377143494424
310955681,4199807645,95.135,700,2976.7017075490967,38.85511296648923,2.4484551127685465,186.07086472743842
310955683,3952984314,105.139,700,1523.703819369227,19.863426827001593,5.293094737161767,62.586638684370406
4199807638,310955683,110.84100000000001,700,2384.664847219682,23.33914420234662,4.749145857235654,112.17333254975873
4199807645,4199807638,29.819,700,1255.2423604183791,46.40144537340712,0.642630843932491,38.886445213335335
4199807645,1738600416,495.72999999999996,700,466.1954622741768,35.79289649934436,13.84995483696271,48.643324860890694
3952984314,310955776,111.42899999999999,700,965.406549662106,10.122532689623016,11.008015821399125,24.973904990333118
3952984314,310955732,178.407,2000,558.297269707121,10.745027314874807,16.60368045347111,20.122452352353882
310955732,4199789091,1067.319,2000,6261.822419185703,83.62557158531742,12.763069713802647,1448.2725101561643
310955747,310955732,106.025,2000,5703.525149478582,17.092335354862072,6.203072769095899,208.89367051266734
4199789091,4374506883,296.789,2000,6261.822419185703,16.487365821715297,18.000995623515735,372.2492630677458
414231304,4199789091,174.001,2000,0.0,20.880119999999998,8.333333333333334,0.0
310955747,310955776,117.518,2000,700.179244559272,10.675877412315192,11.007807176994815,19.102753871894834
3777709531,310955747,546.577,2000,6403.704394037859,44.53403275741158,12.273242869724971,770.9028003423814
310955776,3952980768,284.425,700,1665.5857942213795,67.96206579032602,4.185055246517921,220.7846062356775
3952980768,3930415522,183.412,700,1665.5857942213795,43.82546685676462,4.18505524651792,142.373371535196
442760520,3952980768,148.118,700,0.0,17.77416,8.333333333333334,0.0
310955827,4289567096,61.178,700,1508.4998087237043,11.276812413392621,5.42511462967527,35.37510505340762
3441896415,310955827,257.522,700,878.1407155852863,21.86341400568546,11.77867280622472,50.74518222860628
3777709530,310955827,617.092,700,630.3590931384173,97.80889937002406,6.30916004550321,132.6158085476187
310955852,4374782987,854.101,2000,7519.903031261405,97.68133201308912,8.743748497262015,1718.069774880638
310955852,3441896415,223.856,2000,76.80803005327513,16.117653903164175,13.88887001451577,3.615784847428918
3664648814,310955852,1152.223,2000,7596.711061314683,135.09262515921432,8.529133242040709,2382.0877323408727
4374782987,4289513809,977.4230000000001,2000,7166.189415081516,99.90083351576021,9.783932381763393,1740.655270999913
4374782987,4374783189,96.204,2000,353.71361617989186,5.775768016515114,16.65648615472717,6.871588201823238
4948000948,3441896415,94.646,700,801.3326855320116,7.661076992818357,12.354137687001842,16.657206570250757
315561470,315562531,140.712,2000,12429.249420882574,14.020564324316526,10.03611529073452,427.9151344180268
315561470,315562713,193.723,2000,0.0,9.298703999999999,20.833333333333336,0.0
315562531,315561471,42.077,2000,14032.385355433857,5.759978149608954,7.305062433762291,179.89545504664719
315561653,315562531,262.102,2000,1603.135934551277,15.979610749208952,16.40227688355769,85.03853368213058
315562713,315561784,414.95,900,4510.925153827512,71.95064065383235,5.767148092487461,684.2756384752018
315561768,315562713,818.475,900,4510.925153827512,141.9202328211723,5.767148092487459,1349.7108162453087
315561471,471580193,24.044,2000,10909.93285657992,1.8130040740704239,13.261966889030852,56.026390744565504
471580193,471580327,242.38000000000002,2000,0.0,21.8142,11.11111111111111,0.0
315561648,315562592,358.629,2000,1957.880308455733,26.74722532090759,13.408082359842737,149.38724705896206
315561648,315561653,316.609,2000,7869.163273990506,40.58305809755354,7.801506708512093,722.8293346450594
4272187794,315561648,758.99,2000,9477.900739942615,76.1919980077807,9.96154477957767,1768.0347277430033
315562592,2840596713,18.628,2000,9982.971653664172,0.9680865622277819,19.242080953104896,37.124587542691295
315562241,315562592,171.862,2000,8025.091345208441,11.22337522731972,15.312862353711289,282.6617406780873
315561653,315561713,436.283,2000,6266.027339439237,93.49269701769606,4.666492826893436,1175.6034691121504
315561713,391038663,604.774,2000,10719.623779100466,82.02522735079282,7.373024367413161,1961.5098919730233
315561710,315561713,164.679,900,4453.5964396612335,70.90348665957822,2.322579717280431,495.7771836848327
315562687,315561710,355.834,900,2166.4719874172524,18.44332605420539,19.293374684923702,153.88794396866805
1623011785,315561710,499.11,2000,2287.124452243982,31.946304591094247,15.623403282116648,232.98442032186446
391038663,316072788,621.488,2000,8020.267526928692,45.6167617805882,13.624114815279778,1054.7351830762884
391038663,391038719,171.509,2000,2699.3562521717777,11.623871437847441,14.754894779854926,95.70951576375444
4459619573,315561768,435.79200000000003,2000,11542.699823326371,41.35869751355892,10.536888881888292,1196.1834030214243
315561784,7191906092,8.753,900,6096.346189851716,5.523947270331378,1.5845553137358086,43.05049881216451
2840596712,315561784,112.149,2000,1585.4210360242064,6.832689080104014,16.413596270107575,35.98072729021037
7191906092,316628649,277.801,900,4913.54665607236,83.6166826186779,3.322315491358014,746.3307366025878
7191906092,7191906089,39.435,900,1182.7995337793568,4.3150378331248795,9.13896969738544,12.110264487639094
315562090,315562241,222.45399999999998,2000,401.20495732895984,13.34808394815027,16.665612897259827,18.021300041083204
315562090,331607984,232.407,2000,9038.806602144326,44.10948685709683,5.268866553649507,823.593129476535
315562242,315562241,262.983,2000,7623.886387879481,31.10681910622526,8.454191317407007,549.0165452361072
331607984,4032068107,78.004,2000,9110.164396480495,9.597374991643962,8.127639075050716,200.1212731077611
315562242,331607984,298.257,2000,71.3577943361644,17.89542113231354,16.666665612101244,4.297421155863469
2520610551,315562242,79.807,2000,7695.244182215644,9.661993281826973,8.259889825229665,170.95936534488365
2840596713,315562653,116.75900000000001,2000,9388.214390441382,6.936994245126138,16.831353158759455,221.04645878909895
2840596713,2840596712,274.313,2000,2112.6558623934447,17.258930738437698,15.893974207166393,117.89965725361404
315562605,315562687,106.51699999999998,900,3770.351861564024,11.468018349917958,9.288178371354107,103.16507620847607
315562653,315562605,310.758,2000,928.4075284522144,18.679285496263766,16.636503578370696,58.27000446369484
4038977441,315562605,220.084,900,2841.944333111811,19.14082610843129,11.498145312707052,141.99698410916875
315562653,2990150875,83.731,2000,8459.806861989178,5.965779039999024,14.035216430009397,148.4821546913221
2990150875,2990150872,158.372,2000,37.85984099773472,19.004641524592945,8.333332664815531,1.658643946719782
2990150875,471579766,375.161,2000,8421.947020991442,26.521516998613006,14.14553322947627,660.7595966683651
315563622,6302716431,88.341,2000,3258.3892714377544,5.39159067371847,16.384960459001796,58.26528437823918
315563734,315563622,67.891,2000,0.0,8.146920000000001,8.333333333333332,0.0
393867432,315563622,28.648,2000,3258.3892714377544,1.812280999635924,15.80770311323421,19.00931232301495
6302716431,1273906733,598.736,2000,7691.452879452898,41.32516261947316,14.488412435620152,956.5771920913734
6302716440,6302716431,31.203,2000,4433.063608015141,3.6366837534149163,8.580069677683626,37.4880476261934
315563734,315563777,78.116,2000,5450.664109235,6.681225721604274,11.691866620731838,95.88133194181604
6302716440,315563734,59.663,2000,5450.664109235,3.777182712593454,15.795635143907228,66.23464155927702
315563777,2619951875,11.328,900,6373.3406047267845,5.767408015368156,1.9641405584301959,53.06290183689823
315563775,315563777,53.501,900,922.6764954917826,4.824940050138312,11.08842792740323,11.41613915426517
315563754,315563783,59.42900000000001,900,1743.0187717220017,5.48795307548355,10.828992008967504,24.261115343995083
315563781,315563754,12.273,900,6355.873194509032,6.192373646824812,1.9819540454076243,57.088422188643946
315563783,315563784,11.129,900,5502.308799034146,3.59289209758209,3.097504655786765,35.025409254820254
5712158355,315563783,564.186,900,3759.290027312148,181.09193233872952,3.1154673359202953,1208.7100788430969
315563774,315563775,23.229,900,4184.857069692284,3.900414835772448,5.95552036848913,34.66018730569042
315563784,315563774,48.511,900,4148.397498561987,8.015549041508615,6.052111932543263,70.86116662402657
5712092591,315563774,80.181,700,36.45957113029802,6.414483414929898,12.499993345274909,0.6388767873809814
315563775,393867432,21.525,2000,3262.180574200502,1.3620050941567619,15.803905647890735,14.300118174102867
393867432,1273484122,696.056,700,3.7913027627503326,62.64504000389956,11.111111110419461,0.6096423106829473
2619951875,315563781,86.963,900,4884.263227651387,20.3988175857154,4.263139254742748,195.30969458375372
2619951875,4368666511,81.486,700,1489.077377075395,8.426321062461371,9.670412436930992,30.374301961828476
4368666511,315563781,92.331,700,1471.6099668576458,13.367733281028089,6.907004954313315,43.198834047816
315563784,5712092587,79.97,700,1353.9113004721623,12.87427422875508,6.211612288122975,37.361729944394725
5712092587,5712092597,215.746,700,1353.9113004721623,34.732689206643165,6.211612314739374,100.79584546407762
5712092591,5712092587,16.047,700,0.0,1.9256399999999998,8.333333333333334,0.0
888357852,888357935,192.671,700,1608.6178340476902,52.322378495059546,3.6823822911298394,158.13531746524188
888357852,1856633142,119.851,700,2615.8640831133985,20.29699480983034,5.90486429754385,112.52805220575853
1856633142,315564780,69.04,700,1266.5676578500356,11.031202715619509,6.258610396330002,29.99835092792212
316069449,391036770,657.169,900,2191.2770451802176,152.3605403723373,4.313249338667455,656.5247272204958
417252135,316069449,16.51,900,1667.9887273681093,2.002919193888348,8.242968588237687,7.677237821425963
4170789705,316069449,130.261,700,523.2883178121101,11.988337080406925,10.865643760792427,15.93559052380704
391036770,391036814,36.381,900,2188.643474220617,8.405659825566307,4.328155166277971,36.209895813292306
391036770,391036735,755.141,700,987.864450986976,87.46266722861786,8.63386658476975,201.29502679937676
4042550491,392151332,46.673,700,890.0940705358084,3.9959565927039717,11.680056806727587,9.359587934333419
392151336,4042550491,48.966,900,1165.4142994308693,3.055991642180088,16.022949580146285,11.592939050086297
4352914984,4352914983,27.166,900,987.7141681637028,8.733207939768823,3.110655349942247,15.306504212523704
4352914983,4363690262,562.937,900,3323.2488204052333,123.49713266553293,4.558300163329308,818.7432743769565
316069674,386853552,11.249,900,2583.1929700576948,1.32946127618967,8.461322041842715,7.95233865853091
316069674,4363889781,1547.165,700,925.2657605689764,113.32867757379003,13.652016710356628,302.71285518611245
316069680,316069674,13.393999999999998,700,1830.9881405235465,1.341182428408638,9.986710022657,6.018289868475575
386850385,316069674,648.36,900,1677.4705901031246,72.8628260096935,8.898364715002183,287.47361439927
386853552,386853570,13.415,700,801.0603744947504,0.824624772517134,16.268005094063874,2.1776272684883127
386853552,316072868,320.37,900,2673.0498407032364,40.59505397769726,7.891848109772433,246.3656123033438
4363889775,386853552,1544.259,700,890.9172451402935,96.12954094316187,16.064354254152402,279.3727642968752
4363889781,4363889775,13.873,700,0.0,1.66476,8.333333333333332,0.0
4363889781,4363889779,1.553,700,925.2657605689764,0.17063413043091,9.101344473571258,0.3741004525721809
4363889777,4363889781,39.802,700,0.0,4.77624,8.333333333333334,0.0
316069680,316069681,625.115,900,1998.701529974968,103.50009993513517,6.039752622381694,440.64181356968334
386853570,316069680,11.676,900,2139.587424936948,2.319242683708494,5.03440199769433,10.14254476804296
386851764,316069680,929.2699999999999,700,1690.1022455615655,82.83030824653213,11.218961026127847,361.0090205076007
316069681,3246794233,31.273000000000003,900,17.205105593204205,2.814570027191778,11.11111100376581,0.12429948838761153
316069681,386851431,23.336,900,1981.496424381763,3.77999625038913,6.173551097464101,16.032547315782473
3246794233,1757027023,385.39,700,1459.8869476173415,54.768225814213814,7.0367442850409265,176.3519877942708
386851431,3246794233,27.07,700,1442.6818420241366,3.744004860884772,7.230225655637343,11.991633895422
386851431,316069682,20.026,900,1990.8427465757584,3.282643605871182,6.10057088262108,13.951690181223412
386850385,386851431,15.561,700,1452.0281642181326,2.184100492460316,7.124672172236478,7.0157062489245785
316069682,386850384,16.049,700,593.3653106961895,0.9989035002690659,16.066617041262766,1.9336874827329324
316069682,392151155,436.94200000000006,900,2511.516583234577,141.22119105532752,3.094025738876648,628.1306908823492
4365688776,316069682,420.0330000000001,700,1114.0391473550071,36.89725898844236,11.38385374728162,106.76309413766391
386850384,386850385,20.974,900,1981.1356796931923,3.3958391356846382,6.176382084651196,14.40202767565529
386850384,440918129,1531.913,700,593.3653106961895,95.3475766594613,16.066617041262674,184.57480171573664
392151198,386850384,442.491,900,1981.1356796931923,71.64242657519938,6.176382084651193,303.84130963232525
392151155,392151199,12.961,900,1858.1425285102964,1.799780483661588,7.201433795765647,7.417336519607475
392151155,4353081545,37.353,700,839.6054508294602,3.865088750463336,9.664202405577939,7.853840431000509
392151198,392151155,20.094,700,186.23139610517967,1.809115382164314,11.107085926139646,0.8646575978744403
316069714,316069730,15.159999999999998,700,0.0,1.3644,11.11111111111111,0.0
316069714,390682442,441.52599999999995,700,1406.7546754343969,57.74912312748912,7.64558795161739,182.90570701523478
442761704,316069714,15.548,700,513.874789931997,0.95247878488557,16.323723159742528,1.6181783551168871
4067049942,316069714,41.945,700,892.8798855024002,4.497934613122056,9.325391231262387,9.595611099063902
316069730,414231200,15.465999999999998,700,842.7467964350406,1.068983604942942,14.467948739798972,2.7084310785691925
316069730,4067049988,131.833,700,400.73575199343,9.565726183760681,13.781807828014895,11.137134850992247
390682444,316069730,441.75899999999996,700,1243.4825484284702,45.59833676409557,9.688050734952332,137.3518474423787
390682442,390682443,15.117,700,1406.7546754343969,1.977218769264444,7.645587951617391,6.262339189423277
390682442,1273492713,383.404,700,0.0,34.50636,11.11111111111111,0.0
390682444,390682442,12.869,700,0.0,1.15821,11.11111111111111,0.0
390682443,316069716,204.04400000000004,700,1406.7546754343969,26.687810184282213,7.645587951617391,84.52687289585786
1603977566,316069716,15.182,700,342.91852675672595,1.097658066786042,13.831265363405114,1.096264600114117
316069729,390682444,15.474999999999998,700,1243.4825484284702,1.59732854661564,9.688050734952338,4.811491874915536
316069729,390682432,414.8020000000001,700,0.0,37.332179999999994,11.111111111111114,0.0
390682443,316069729,12.858,700,0.0,1.15722,11.111111111111112,0.0
1603977566,316069729,203.233,700,1243.4825484284702,20.97769773921399,9.688050734952334,63.189268382210614
390682432,390682444,444.66,700,0.0,40.0194,11.111111111111112,0.0
390682431,390682432,106.368,700,0.0,9.57312,11.11111111111111,0.0
414231200,442761704,15.027999999999999,700,1377.9569126222902,2.821650455574498,5.325960900050693,8.051580526927925
4067049989,414231200,137.882,700,535.2101161872499,10.172924840924466,13.553820769943874,15.642473098639295
4067049988,4067049989,15.583,700,0.0,1.8699599999999998,8.333333333333334,0.0
4067049988,4067049987,14.922,700,400.73575199343,1.082731684131258,13.781807828014967,1.2605973181715189
1273976491,1603977566,25.081,700,1586.4010751851963,4.3764484346271715,5.730902665630663,14.616875915023805
4343731021,1273976491,337.215,700,1562.3393836042871,56.55189081669336,5.962930595778747,187.66451572239305
4343731021,4343731020,13.464000000000002,700,0.0,1.61568,8.333333333333334,0.0
4343731020,386138111,200.104,700,1540.682432256001,32.387623337890616,6.178409508853843,106.82830592581274
4201360353,3245299628,15.431,700,827.2231601071352,1.584720224306934,9.737365475188932,3.1816135031954036
4201360353,4201360355,657.097,700,0.0,59.138729999999995,11.111111111111112,0.0
3245299587,4201360353,535.139,900,667.4755119047209,49.2165247723036,10.873156982858475,83.47414764742642
4354297689,4354297690,16.909,700,0.0,1.52181,11.111111111111109,0.0
4354297689,4334107396,346.822,900,2336.3453229978627,34.31253633461791,10.107734287485224,197.41108696644898
3245299628,4354297689,9.735,700,0.0,0.87615,11.11111111111111,0.0
316071836,473984924,81.707,900,878.1007909339189,5.417342622164316,15.082487060299083,14.75399873225799
1273650490,316071836,79.415,900,3201.082284593828,15.661031684361454,5.070866441021314,102.64202111158687
473984924,4351533376,142.31,900,1557.8079825842324,15.363050636659093,9.263134215051137,57.04903514265668
4351514722,473984924,136.352,900,679.707191650314,16.892379244340514,8.071805518200302,26.229592987176158
316072264,3953009385,124.557,2000,9487.14289356218,12.53073145713129,9.940122045238956,290.81404594647074
316072368,316072264,313.31,2000,346.9969984041463,18.79926510086544,16.666077015190158,21.952193766133117
316072429,316072264,639.356,2000,7843.295229100013,45.37792343093854,14.089582591258218,1049.94046559601
3953009385,3953009381,102.571,2000,9487.14289356218,10.318887387215604,9.940122045238953,239.48142221453236
3953009385,3953009389,46.811,2000,0.0,5.617319999999999,8.333333333333334,0.0
316072368,4362183215,141.704,900,2928.079664429205,26.53611668404841,5.340042843766292,160.99949876817143
392154453,316072368,268.863,900,3275.076662833352,56.55206515750925,4.754256086867221,373.38940978804186
4362183215,5581400125,135.203,900,1956.4053171652065,12.840500944085028,10.529417862180932,62.9261127278266
4362183215,316073328,212.44699999999997,2000,971.6743472639988,19.161824431696694,11.086992303748437,47.7428981403091
316072387,1273702812,265.282,900,2975.823480784923,43.10126663645621,6.1548539219870015,274.3601994766949
316073377,316072387,178.251,900,2975.823480784923,34.753253726441855,5.129044934989167,212.3095135038709
1840977047,316072387,96.809,900,0.0,11.617080000000001,8.333333333333332,0.0
1273702812,3649181798,58.773,900,2975.823480784923,9.549048725599325,6.154853921987003,60.78426732248623
392154453,1273702812,14.75,700,0.0,1.77,8.333333333333334,0.0
316072429,3953009368,93.272,2000,0.0,8.39448,11.111111111111112,0.0
3649181797,316072429,80.441,2000,7843.295229100013,37.05038245051273,2.171124686970318,441.6166717116909
316072788,1673695523,41.168,2000,9229.486629764422,3.9028798377055076,10.54810850241358,90.29978988609786
391038692,316072788,222.31799999999998,2000,1209.2191028357342,14.452669150767624,15.382487323332386,55.04224234870916
1673695523,391038834,188.08,2000,10069.46278960424,21.735083955997812,8.653290706434065,510.24750093588716
1673695523,1673695393,562.12,2000,178.58906652336063,40.47424753382279,13.888337257666315,21.1113657355051
316072799,1414370514,62.087,2000,9238.93555481118,5.898761194809061,10.52543033181897,136.4902651214796
316072799,4197399889,42.715,2000,0.0,3.8443500000000004,11.11111111111111,0.0
4144468056,316072799,761.298,2000,9238.93555481118,72.32939423850003,10.525430331818963,1673.615504960012
1414370514,410467598,260.593,2000,9238.93555481118,24.758417640389748,10.525430331818967,572.8801143363629
4197390871,1414370514,32.65,2000,0.0,2.9385,11.11111111111111,0.0
316072810,316072842,236.05000000000004,2000,1689.996921769001,14.444940874928994,16.341361452693405,80.7814798564915
316072810,316072849,630.718,2000,7084.61640149831,39.28797746748473,16.053715173350188,907.4593116241712
4375900774,316072810,49.867,2000,7673.881431581439,3.430945378326396,14.534477964882367,79.42075568123275
316072842,316072864,74.494,2000,949.4041980894208,5.374202510778078,13.861405455153708,14.882275760817537
316072842,463007688,48.55,2000,740.5927236795794,2.91513854001783,16.65444003210326,7.260862650238562
316072849,4144689606,14.735000000000001,2000,9236.583987616876,1.399192833709896,10.531071661459857,32.37491110678707
5581422770,316072849,258.763,2000,2151.967586118572,16.3383400452904,15.837777845405387,113.35870658778624
316072864,386853570,319.479,900,2898.2544859026493,48.624540828061264,6.570324255188203,305.9143216547106
463007688,316072864,55.45700000000001,900,1948.8502878132288,4.372748361792996,12.682412846931005,23.47959493860563
463007688,463008276,16.529,2000,911.5327886343108,0.99341088340098,16.63863389880765,3.0429531322325376
5413182485,463007688,77.856,900,2119.79035276796,6.725576360924154,11.576108250342115,37.343853868977256
4144689606,442760814,45.232,2000,0.0,2.71392,16.666666666666668,0.0
4144689606,4144468056,323.182,2000,9236.583987616876,30.6884247291505,10.531071661459833,710.0772664617344
386853570,386851765,948.607,700,1559.7274354604522,158.40251359656494,5.988585524696946,525.2733323168079
316072868,316072940,80.312,2000,1380.20903351022,6.601817882964108,12.16513412271549,24.509064467650543
316072868,463008276,55.124,900,1292.8408071930155,3.508674937021116,15.710774292132223,14.529726506163763
316072940,5581422770,23.89,2000,2151.967586118572,1.50841868304969,15.83777784540542,10.465713801363455
463008276,316072940,52.647,2000,771.75855260835,3.161554700794728,16.652250232066518,8.205073529110825
463008276,316072869,77.627,900,1432.6150432189772,5.084900705987987,15.266178139641216,22.806966947143653
316072869,8088707315,4.921,900,1194.977737142469,0.299408777337024,16.435723908189797,1.1897492389461257
316072961,316072869,433.829,2000,2715.4306636555493,81.28884137462597,5.336882561785635,457.31475418869684
8088707315,1412831598,63.03,900,1156.80471222958,3.828467550719436,16.46350639387176,14.748257815142363
8088707315,8088707310,23.312,900,38.173024912888856,2.09808049118442,11.11110850987408,0.20557893652642345
5581422770,1273866934,26.747,2000,0.0,1.60482,16.666666666666668,0.0
316072961,674505009,1038.153,2000,5722.767041422968,54.35941755373538,19.097941933865734,1186.3209587086737
5581455143,316072961,626.821,2000,8438.197705078523,37.1411093441433,16.87674415408494,1066.2397734912654
674505009,3649181792,913.9369999999999,2000,6076.530869361481,284.7462922385382,3.209653733557222,3105.319802394382
4497467906,674505009,283.962,2000,353.7638279385137,20.457767325503397,13.88040031357687,21.12923608272891
316073060,316073153,653.17,2000,995.8357616587492,58.92638431879895,11.084508366681218,150.45357894664366
316073060,316073328,529.22,2000,8804.652208404063,45.64404550652192,11.594502505795232,1053.5292370126135
1673695549,316073060,46.839,2000,9800.487970062815,5.073611121796049,9.231886101554247,118.3905143772732
316073153,391038891,789.894,700,2.517228086177485,56.87236800068796,13.88888888872088,0.4181368216535238
316073153,4352768318,48.859,2000,1152.965201913676,4.416273173416913,11.063400763815823,13.04322831187757
5581400125,316073153,19.518,700,159.6466683411034,1.405571030820018,13.8861712229606,0.6553130094594339
316073328,316073386,346.012,2000,9776.326555668056,37.26483915345571,9.285213833209662,869.1392221923745
391038891,391038846,32.919,700,117.0068278880976,1.9752515364509757,16.6657255506542,0.7777446732752161
391038891,1673695577,174.81,2000,299.68479313259576,15.733209689685168,11.110892401987561,12.102578453919238
391038744,391038891,10.412,700,414.1743929345161,1.2605170087236899,8.260102741923692,1.200435773359085
4352768318,1273797290,2.953,900,2949.72385073778,0.56316810837684,5.243549760854037,3.4277396604461243
5581400125,4352768318,65.912,900,1796.7586488241036,5.822841227179356,11.319559889825204,27.097813113201838
316073386,3953009358,13.188,2000,9874.039166155942,1.453878987026178,9.070906256768497,33.97763574579096
316073377,316073386,328.104,2000,97.71261048787404,29.52936656924761,11.111108639278877,7.406357022536316
4040270645,316073377,11.178,900,3073.536091272797,2.3689756252760223,4.7184951507036255,14.65155070180418
3953009358,3953009363,149.045,2000,0.0,8.9427,16.666666666666664,0.0
3953009358,3953009357,294.761,2000,9874.039166155942,32.49520959166095,9.070906256768467,759.4238618490383
316624764,471581977,56.04599999999999,900,3114.127022448954,11.182287892817623,5.012033363583701,71.10188063035862
316624764,4022580203,44.523,900,2154.2803712728214,9.015053244396913,4.938739549616325,39.515233083366525
391038146,316624764,648.64,900,2958.618378018687,113.30491713267693,5.724729485839175,705.5908460646385
471581977,4022717907,38.104,900,2465.672305679773,4.12656467281119,9.233830806301636,24.227434593336266
4022580203,4022580207,442.991,900,1266.9397372839485,34.12979501561307,12.979597439637379,120.82827110024847
4022580203,4022580205,220.917,2000,887.3406339888752,16.29106079018216,13.560627073047081,41.54507736756087
316624768,1841915496,29.389,700,2019.7724353919948,4.211741943920844,6.977872906581938,18.72537506750055
316624768,316624772,326.701,900,1498.848874255669,23.73452543596568,13.764800180286716,103.26942671639439
1841915497,316624768,21.1,900,1872.8263869727848,1.751126555234988,12.04938611485367,8.774803489950003
4356638068,316624768,136.106,700,1645.7949226748813,14.078429353231837,9.667697765500778,56.08356738144376
1841915496,4356633427,136.643,700,2037.106719345055,13.028578503850289,10.48794386583451,66.36844655089975
1841915496,1841915498,19.459,900,1726.366081690878,21.231271453888112,0.9165254206401494,32.32020367694049
392154192,1841915496,319.34,900,1743.7003656439367,25.110603720541555,12.717336610221208,120.83743666203173
316624772,392154214,17.269,900,1596.6877115463558,1.2903338578574521,13.383358031598492,5.8701448378389625
316624772,4356685705,122.617,700,1258.07652047521,15.491665074454744,7.915030399294617,44.28422138450191
392154192,316624772,34.73,700,1355.9153577658958,5.047048467727092,6.8812495505200575,15.014510923270903
392154214,392154191,33.597,700,1360.3689118232137,4.914922641882414,6.8357128785108126,14.646738781422268
392154214,4357996391,284.396,900,1596.6877115463558,21.24997335254588,13.383357959172574,96.67298132274128
4356685706,392154214,129.91,700,1360.3689118232137,19.004601613445978,6.835712878510811,56.63475414753004
4356685706,4356685705,12.282,700,0.0,1.47384,8.333333333333334,0.0
4356685705,4356685704,211.745,700,1258.07652047521,26.752266171822995,7.915030399294615,76.4735922185452
316624781,1047203614,24.386,900,3236.249640810204,28.737579255837836,0.8485753021471408,77.3691161425954
316624803,316624781,89.324,900,1639.561929263846,14.44414638777744,6.184096837704822,50.71110211015778
4354604898,316624781,347.265,900,1596.6877115463558,25.947523815711545,13.383357983073774,118.04365334979728
1047203614,3417612006,10.229,900,2545.794986056248,5.184103766837279,1.973147232398188,19.098181809035804
1047203614,392152666,1032.76,700,690.454654753953,79.45023077572867,12.998829454822664,153.42929822647474
316624796,316635801,83.09,900,1103.1704185426988,6.326704595101067,13.133219474849318,19.646996201362676
316624796,316635807,69.034,900,1895.8445832340385,15.062437319753602,4.583189196708922,57.046025375497884
3743408024,316624796,15.036999999999999,900,2999.015001776736,13.4235309117054,1.1201970702721478,41.05082815717248
316635801,3420006251,428.207,900,1890.4166160984848,67.49380401973409,6.344389773538313,274.78510825585073
316635794,316635801,170.374,900,787.2461975557861,15.983018235596658,10.659688770206786,31.688123896287944
316635807,316635222,29.964000000000002,900,3496.0290968370064,47.11268274861393,0.6360070845441623,109.03701210533913
316629529,316635807,571.964,900,1600.1845136029688,64.50120804505555,8.867492832079522,242.48764676156674
316624803,4354604902,337.604,900,1951.371207991898,29.075832100687684,11.611155231289672,148.84790576106354
316635156,316624803,6.614999999999999,900,3590.933137255744,11.509699830625507,0.5747326252938867,25.163416740197718
4354604902,1047198977,299.778,900,1951.371207991898,25.81810279768752,11.611155256026427,132.17061245455426
4354604898,4354604902,51.72,900,0.0,9.3096,5.555555555555555,0.0
316625114,391038273,137.313,700,1949.729981537809,22.98640439360253,5.973661545701176,95.2311285770233
316625114,316625118,93.877,700,452.3966119811295,5.703702377124258,16.458958373513823,8.590721656915033
391038273,391038143,553.382,700,496.20525868761325,49.984069237905764,11.0711674426927,63.55505909569629
1273580020,391038273,49.228,700,0.0,5.90736,8.333333333333334,0.0
1273580020,316625118,134.84,700,1241.4152592526295,13.850894319127661,9.735111458744587,41.72815586044847
316625302,1273472705,45.459,700,0.0,5.45508,8.333333333333334,0.0
316625302,316625303,39.722,700,1.47378197566367,2.859984000004062,13.888888888869163,0.012310944626269247
471609479,316625302,33.284,700,1.47378197566367,2.396448000003402,13.888888888869172,0.010315630656581882
1273472705,4022477630,104.20300000000002,700,0.0,12.50436,8.333333333333334,0.0
5497546678,1273472705,58.58,700,0.0,7.0296,8.333333333333332,0.0
475746092,316625303,156.958,700,1577.2297203406845,53.95205845917965,2.909212446801359,147.2171766209247
316627416,316627418,79.276,700,1916.9886527388217,8.579348110398469,9.2403290995868,39.17077456799564
1273679822,316627416,17.463,700,1463.096825039769,3.7415101939655457,4.6673666767405875,10.985786247048033
4353203307,316627416,107.379,700,1872.2017181650317,11.153492008809845,9.627388437198341,50.46580873615279
316627418,3725508800,131.001,700,1143.7017535855723,8.660421312620299,15.126400352959768,30.789612002158453
316627418,419482948,555.677,700,773.2868991532504,40.86013019986213,13.599491662948129,90.98010875181457
1273679822,4353203300,106.029,700,1470.4486408094538,8.131785520989192,13.038833811630349,33.50772274788249
316627728,1273679822,69.452,700,2032.9348026588243,8.402953577934491,8.265189061900282,39.286123682430166
3725508800,3725508802,25.240999999999996,700,2022.308257253787,3.021956478439296,8.352535908470738,14.097481110275291
1689204395,3725508800,64.929,700,878.6065036682157,4.033898210039256,16.09584491706055,11.580192130649259
3811321991,3811321992,98.184,700,1433.1186395468233,13.377812988455261,7.339316230891439,42.720559249258486
3811321983,3811321991,26.832,700,0.0,4.82976,5.555555555555555,0.0
316627507,316627516,232.19599999999997,700,520.037047108059,21.358117582895076,10.871557341081274,28.221083223009334
316627507,316627511,153.545,700,1509.439973657346,23.6213878165927,6.500253126200453,77.2095508747242
4353259378,316627507,30.038000000000004,700,2029.477020765406,11.013834612904644,2.7272971726672925,37.67915826109473
316627516,4353264733,210.981,700,1375.882385514872,26.326513323324995,8.014012239633464,82.58303422306027
1666723080,316627516,130.629,700,855.8453384068134,13.656976580972694,9.565001391449716,28.180440506572282
316627511,1666723080,10.705,700,2371.6830088680617,1.851710039847642,5.781142711134624,9.26392780933516
3725508802,316627511,68.366,700,862.2430352107159,4.236893342855706,16.135879397407884,11.961128579980349
1666723080,316627686,62.24999999999999,700,1515.8376704612483,4.908573967279902,12.681890996234898,20.500053759387608
316627530,4348953337,300.693,900,1966.2523961734623,47.77383610716199,6.294093681853648,201.94144597586583
1841171186,316627530,39.479,700,1389.9999048407356,5.032840418574504,7.844278124594696,15.857073206592728
4348953337,1348442712,33.893,900,1966.2523961734623,5.384889662147244,6.294093681853649,22.762090997994676
4348953337,4348953338,42.927,900,0.0,3.86343,11.11111111111111,0.0
316627686,316627688,41.544,700,2614.9458336491675,9.428805189292085,4.406072579289245,48.75781033646998
316627688,1666723096,57.126000000000005,700,1147.5982409209057,3.781356587775504,15.10727662783215,13.476153347553218
1666723096,1689204395,13.006000000000002,700,2026.0697417685917,1.562927200051584,8.321564817331698,7.296750835144318
1689204395,316627728,122.93,700,1147.4632381003764,16.27356031741503,7.553970833809943,41.91199702859191
1302813109,316628649,22.603,700,273.7834285761026,2.785823236866438,8.113580108343273,1.7448762875206072
316628649,7087182429,117.445,900,5060.446505016445,20.089695302357345,5.846031919967391,214.98487892386726
1302813109,7087182428,75.129,700,1563.134511204511,18.923739937636725,3.9700926057739108,56.84472718030882
7191906089,1302813109,245.59599999999998,700,1710.0343601485956,79.0488581383665,3.106888648158721,239.7607405685519
7087182429,1840977020,226.926,900,5524.674881158327,49.4168448343711,4.592077878718903,545.6595451894559
7087182428,7087182429,48.253,900,464.22837614188313,4.365007696544856,11.054505135969155,5.188772313779127
316628657,3369432457,15.611,900,3828.177795466768,23.11589746686327,0.6753360981280709,61.51122540189906
316628657,1481055223,1043.116,900,716.2580619373979,62.7004710666826,16.636493829378654,150.89895963868662
316628698,316628657,14.285,900,2052.5843771690984,0.9619363339793581,14.850255152443944,6.05191063550233
471578721,316628657,597.69,900,2491.851480235065,65.97391687610563,9.059489390669645,388.939946136783
3369432457,6290791553,14.094000000000001,900,4243.002845472256,2.734305573363252,5.154508017428385,23.8444789537335
331607196,3369432457,1337.622,900,414.8250500054871,80.27369648926009,16.663266530636996,112.04341973381251
1481055223,4938677951,27.536999999999995,900,0.0,2.47833,11.11111111111111,0.0
1481055223,316630034,197.505,900,716.2580619373979,11.852591561397642,16.663444359565062,28.565048223745922
316628698,471578109,513.261,900,1990.3839166675648,41.3217755179694,12.42107807726705,223.8534677556676
316629535,316628698,281.922,900,3074.9910712525448,183.65996346470354,1.535021540250828,708.2112191755583
6290791553,316628698,14.481999999999998,900,3.643793436682912,0.86892000000333,16.666666666602794,0.010655115047816974
471578109,316628701,81.211,900,1267.5448563985765,6.259465945274406,12.97411004549204,22.164898445698807
471578109,471578135,190.604,900,722.8390602689875,17.670701708576747,10.78644205212787,32.33838154327306
316628701,471578549,122.379,900,1748.0155539805935,8.835776834196167,13.850395080868225,45.0254275423723
471578682,316628701,108.712,900,480.47069758201616,9.841568881395618,11.046206281755325,12.103898551082546
471578549,471577391,76.514,900,1748.0155539805935,5.524318949261598,13.850395080868232,28.15087198765372
471578549,471578545,119.12699999999998,900,0.0,10.72143,11.11111111111111,0.0
316629267,316629275,220.39499999999998,700,798.8402622207956,22.269200138020693,9.896852991307703,43.44413987134621
408630227,316629267,22.624,700,0.0,2.03616,11.111111111111109,0.0
408630052,316629267,360.859,700,798.8402622207956,36.46199456705464,9.896852991307705,71.13232546035135
316629275,316629276,12.502,700,174.74410628362605,1.125496086732072,11.107990642864085,0.5047639918112137
316629275,411941363,525.529,700,624.0961559371694,43.96393691931126,11.95363829596344,73.09416690613767
316629276,412189184,160.001,700,730.9385534797594,15.638495291287883,10.231227302868175,28.28800341940397
411941363,316629276,536.101,700,556.1944471961335,44.12464601618237,12.149695202164096,65.96583916399821
411941345,411941363,12.012,700,556.1944471961335,0.988666777703358,12.14969519649836,1.4780454806126249
411941363,408630017,648.819,700,1453.3282690745364,59.11777595451799,10.975023832073218,219.26009585070037
3235587567,411941363,279.912,700,1453.3282690745364,25.5044548679694,10.975023832073218,94.592686018383
412189184,316629521,194.518,700,730.9385534797594,19.01218634302746,10.231227302868175,34.390571616025035
412189184,316629281,16.936,700,0.0,1.52424,11.11111111111111,0.0
316629281,316629287,152.774,700,664.4992165170718,14.557348625416921,10.494630851476538,24.1961702048812
412189186,316629281,194.073,700,664.4992165170718,18.492599001011552,10.494630851476536,30.737058270202482
316629287,316629288,24.617,700,664.4992165170718,2.3456756458028702,10.494630851476558,3.898812114191944
316629287,4270653069,331.882,700,0.0,26.55055998,12.500000009415999,0.0
316629288,408630227,84.423,700,664.4992165170718,8.044399197530813,10.494630851476542,13.370817529204482
4270653070,316629288,332.573,700,0.0,26.60584002,12.499999990603566,0.0
4270653070,4270653069,24.937,700,0.0,2.99244,8.333333333333334,0.0
4270653069,408629740,159.17,700,0.0,12.73360002,12.499999980366901,0.0
408630227,408630056,370.894,700,664.4992165170718,35.341309784880835,10.494630851476536,58.7417646456152
316629520,412189186,145.822,900,829.5995300731216,11.047493503728907,13.199555170662023,25.881854774393894
316629520,4442803306,27.555,900,1472.8783715705986,5.022316144343256,5.486512439292735,15.422087550882006
4927554323,316629520,59.294,900,2302.477901643719,6.882269799989809,8.615471599222658,36.89403160695991
412189186,316629521,16.09,900,371.0966144659608,1.160902326870348,13.859908476001328,1.2564774702135175
412189192,412189186,19.538,700,205.9963009099112,1.759373969339292,11.105086434430548,0.9300479923844989
4442803306,4927553718,45.028,900,3103.6159238588216,9.79317651517782,4.597895272306587,60.76735193329807
412189192,4442803306,163.058,900,1630.7375522882223,12.312296027273765,13.243508736209693,56.82082366497196
316629521,412189190,19.524,700,730.9385534797594,1.9082754611977681,10.231227302868195,3.451822043364995
316629521,3235587567,756.841,900,371.0966144659608,54.49967333425608,13.887074062961094,59.0658454664748
412189190,412189192,15.179000000000002,900,1836.733853198133,1.17859905373764,12.878849640905019,6.020138738144459
1903604948,412189190,761.634,900,1105.7952997183745,55.402655265326985,13.74724724568677,177.69007209360922
3235587567,316629527,13.085,900,1356.7628634848418,1.294100214651036,10.111272567502409,4.324288956167034
1903604948,3235587567,20.008,700,2438.9945180934187,4.474387201425246,4.471673795604181,21.663965451816704
316629527,416646533,19.664,700,246.55762994032028,1.416119377499928,13.88583498851318,1.019640833917474
316629527,6302785498,123.838,900,2664.9949212051133,10.923205591712735,11.337148143943564,75.45507596951995
411941345,316629527,288.625,700,1554.789687660592,28.00806776235859,10.305066470450962,108.08700938682253
416646533,1903604948,12.865,900,1330.6973022616996,1.2465052916077621,10.320854702033813,4.119735781711778
416646533,1273510890,1142.658,700,1033.9684815259873,87.867496287696,13.004330933235037,254.17202034855825
6302785497,416646533,120.98500000000001,900,2118.108153847367,9.017366559876576,13.416888311752956,54.50828456351864
6302785497,6302785498,22.777,900,1019.6073739683372,2.294198316431718,9.928086790433277,5.719554800911047
6302785498,4365200065,180.005,900,2366.2831567858466,14.327612537283857,12.563502783983315,92.89096453543033
316629529,4053998977,9.082,900,2366.2831567858466,0.6626469389910841,13.705639407054138,4.5385542085627115
416152842,316629529,23.915,900,1600.1845136029688,2.696929171148592,8.867492797304301,10.138910993965894
4365200065,316629529,233.90000000000003,900,2366.2831567858466,17.06596774168851,13.705639407054093,116.8870105024022
4053998977,316629530,24.222,900,2517.2846375351783,1.855450307781678,13.054512911724979,13.098361018942356
4053998977,416152842,21.024,900,453.3420203293792,2.534628887193906,8.294705432508396,2.645271026720756
3420006251,4053998977,40.477,900,604.3435010787099,4.9286766737680265,8.212549266100446,6.837609189815697
316629530,316629584,17.59,900,2158.4218858347976,3.9065080558857064,4.50274253844125,16.7684515929541
316629530,392152405,700.531,900,2148.1580948082783,61.52468442748809,11.38617786533523,343.3098956084854
3420006251,316629530,47.33,900,1789.2953431078952,6.599032676428529,7.172263318086117,26.162792137628603
316629584,416152842,30.805999999999997,900,2321.69957791088,7.769521249408451,3.964980468049493,34.65176769761095
316629584,1831682571,1204.812,900,2171.14665502653,299.26883742839584,4.025851840615606,1253.6472424367385
4365225103,316629584,340.976,900,2334.424347102612,33.69055960856117,10.120817343543143,193.77420357112914
392152405,392152402,16.085,900,1459.9612525022194,1.060592405903916,15.166052397189441,4.82305033802523
392152405,6292309914,494.996,700,1741.7186515810238,112.04510720637926,4.417827893977128,386.18749224595655
4356139163,392152405,13.64,700,1053.5218092749672,1.122148301069142,12.155256116329994,3.178451475389841
316629535,1481055224,10.073,900,1144.2490434974775,0.7186122033497699,14.017296050700619,2.4169906617343537
316629580,316629535,13.096,900,2032.4969639434207,2.264207053355172,5.78392333006557,9.708634428113527
392152402,316629535,694.285,900,2186.743150806598,74.88239929777599,9.271671400900482,390.4564419609093
1481055224,2886240611,14.083,900,3942.2539569076944,5.289818865943704,2.662283975481189,34.80038887584432
1481055224,316629580,18.058,900,1441.3541386253562,2.398596894746694,7.528568072255021,7.753040537826223
6290791553,1481055224,276.704,900,4239.359052035574,53.55473311281957,5.166751544015527,466.87957703426054
316629580,1840926953,689.392,900,2568.975097458351,96.71980805042111,7.127722995899789,549.7228927039273
2886240611,316629580,9.94,900,15.438695560457184,0.596400003735732,16.666666562269953,0.03098652245008683
1482250956,316629580,446.122,900,3144.6792272159605,83.77606746113986,5.325172373445876,545.5366257521
1840926953,4356139163,16.045,900,3387.946156377579,3.724983002951136,4.307402204865975,24.8076022180078
392152402,1840926953,13.25,700,818.9710589192263,0.902749549387218,14.677382014750421,2.246339547164273
416152842,4365200062,235.397,900,3130.423182953702,43.66280577014763,5.391247672886417,283.83322547285695
791159985,416152842,1223.181,900,1955.5660983164107,230.07593592096956,5.31642301096695,931.339393374906
1831682571,791159879,8.336,900,2171.14665502653,0.8906464553950321,9.35949382553002,4.626110818200682
1831682571,2887270168,634.897,900,320.89597513846377,76.27671130964794,8.32360217291768,56.405762016505285
791159985,1831682571,33.007,900,320.89597513846377,1.982735317852776,16.647204345835366,2.139024904012238
316629607,416641044,286.831,900,1191.5341654165948,28.046105773818667,10.227123947730375,82.68637144571423
3484320798,316629607,156.102,900,3125.8880748024267,34.60972858851633,4.510350308028574,215.24229178466888
416641044,791159831,1021.221,900,2316.1027205842447,132.89794297543204,7.684249862232904,693.9188067568272
1658531621,416641044,652.879,2000,1124.5685551676495,58.98844909042092,11.067912617930151,169.96113924937794
316629717,5734610721,12.426,900,3232.338803174832,11.662487016629065,1.065467424082211,37.10448765186009
316629717,1368903894,143.663,900,2669.991622172214,24.21358489670067,5.933156970060036,137.1654952805002
791159879,316629717,516.698,900,2553.8026994205543,71.66499925457427,7.209907282138428,406.03929151468543
1354143307,316629717,27.443,900,3348.527725926493,8.206739633486322,3.3439588954452897,50.03070688163877
5734610721,1354143290,13.79,900,1654.030266707318,1.812225002410446,7.609430386214669,6.740425829432698
5734610721,1354143307,28.784000000000002,900,1588.6275429630505,4.409750771068062,6.5273530170568765,15.184336635134013
1354143320,5734610721,191.29,900,10.319006495535175,17.216100021521996,11.111111097221015,0.4560081503247055
1368903894,5434214708,785.255,900,2351.736708112165,94.20259926703602,8.335810329118821,510.74467261646873
1368903894,316629839,83.116,700,318.2549140600481,6.653339588669837,12.492373024449348,5.782348817767708
316629759,4412069357,445.922,700,232.4292529979817,32.11196052456953,13.886476961094163,21.79717997057251
662164662,316629759,643.934,700,232.4292529979817,77.34002536926315,8.326012267587327,41.42846603216792
1368766996,316629759,389.873,700,0.0,31.189840020000002,12.499999991984568,0.0
4412069357,4412069358,11.943,700,1123.56487323001,0.9414504418340219,12.685744750126268,2.914884840494495
1368766996,4412069357,23.232,700,0.0,2.09088,11.11111111111111,0.0
316629839,316630970,21.041,900,2440.579974768966,2.237945912031942,9.40192517025393,13.087504583994551
316629839,1354143305,192.332,700,302.95658607119185,15.3942738880665,12.49373639825221,12.7366936473504
6302855174,316629839,381.097,900,2425.281646780109,40.09508307704975,9.504831284864908,233.9144326139902
316630970,1354143320,33.042,900,2927.136471407554,3.1910873155763158,10.354464397986101,23.231056690352947
1354143310,316630970,67.529,700,1457.8917270406184,6.8547341715282,9.851439648890866,24.36193777672729
1354143305,1368903865,9.136,700,303.2391644557434,0.731247766945368,12.493713366351457,0.6055729578428395
5670155602,1354143305,12.924,700,0.2825783845515197,1.16316,11.11111111111111,0.0008436811365782703
316630034,4361827174,65.376,900,2490.681055105427,5.955316224782995,10.977754586387599,37.857428282832316
4341204489,316630034,169.883,900,1774.4229931680295,18.590521181274617,9.138151552798606,78.26966736899752
4361827174,1042083462,56.754,900,2287.165091179464,4.85682816561678,11.68540414951919,29.238408063580927
4361827174,4361827178,80.794,900,203.51596392596275,7.272835345407162,11.109009920184963,3.798945418854513
316630946,4375805781,416.10999999999996,900,177.0025112884633,24.96930192539309,16.66486316851444,14.872016628545113
1273882009,316630946,1575.893,1200,0.0,94.55358,16.666666666666668,0.0
1752556174,316630946,165.95,1200,177.0025112884633,9.96245515999941,16.657540469171842,5.931508108638622
4375805781,4375805783,70.835,900,1350.6104012927435,5.809349974563426,12.193274688244834,21.131797201704746
4375805782,4375805781,9.91,900,1173.6078900042808,3.8767634351386917,2.5562560537422807,7.4611895021183035
1354143320,1354143290,194.489,900,2916.81746491202,18.737883685370775,10.379453905557295,136.0685514331403
316632141,885799716,16.078,700,738.2002916788651,1.4725929283708141,10.918156464181656,2.767501978493822
316632141,1324511885,1453.493,900,4032.152368388803,295.27192188676923,4.922557453862426,2420.5407795982846
316632164,316632141,8.663,900,3779.2298280850414,1.5005152839262679,5.773350057009937,11.958552961635855
1354143314,316632141,747.758,700,991.1228319826276,56.930384356030636,13.13460304999311,158.84607386877877
885799716,1830374075,7.337,900,2755.654193862542,0.738170621539842,9.939436474313808,4.975918894009209
885799716,563839256,501.12100000000004,700,850.924217805088,46.50809615866721,10.774919667542907,100.14580124049215
563862408,885799716,1448.555,900,2868.3781199887617,258.056285962484,5.613329644721731,1551.1589466156274
316632164,1354143316,731.119,700,418.249478975602,52.73643547299818,13.863640829011729,64.34256202044428
1830374075,316632164,16.522,700,450.6526174976233,1.1925039255912782,13.854881015848992,1.5669885313840763
1830390034,316632164,235.231,900,3746.82668956302,39.93821502915823,5.889872640233464,316.97164133357717
1354143316,4784711934,57.16199999999999,700,418.249478975602,6.8719322128306555,8.318184497407039,6.622156664326108
1354143316,1354143312,571.695,900,1888.8820395538175,52.573663633710304,10.874170839283654,252.34654095314497
1354143314,1354143316,20.19,900,1888.8820395538175,1.85669328709296,10.874170839283666,8.911878994645733
3672931642,4203689689,213.617,700,0.0,19.22553,11.11111111111111,0.0
3672931639,3672931642,43.255,900,0.0,5.1906,8.333333333333334,0.0
316634165,371264812,1856.3239999999998,900,589.168845322661,135.43091357436973,13.706796705470271,230.9675225365281
316634165,678989746,46.757,700,115.05834583213756,5.611136261012789,8.332893343702285,1.488253738031532
371265022,316634165,194.252,700,1531.15431719636,61.91107619104743,3.1375968881653775,168.74372945892028
371264812,1839133843,88.548,900,2033.443532063723,15.327966641282188,5.77689148680147,65.73716340116883
1273770886,371264812,218.215,700,1444.2746867410613,45.384796202569305,4.808107962543776,132.50979541757175
678989746,3672931639,950.1269999999998,900,1581.5366043573624,96.33057436999934,9.863192514046737,371.5681920271785
4297316165,678989746,364.255,900,1466.4782585252249,32.99967004022281,11.038140670982921,123.8311152038579
316634995,5835252252,182.797,2000,10589.95158287807,14.689198638067385,12.444313982267046,423.84716464252045
316634995,4143594032,108.423,700,0.0,7.0967781599999995,15.27777782474745,0.0
392153861,316634995,328.247,2000,10589.95158287807,43.10644849439098,7.614800371288105,1026.7079480883983
5835252252,5835252253,11.627,2000,11868.829819120549,1.171865707777962,9.92178534010231,33.999824950895814
7310409438,5835252252,202.19399999999996,700,1278.8782362424884,16.431561056479637,12.305221597936162,56.888587446149856
4143594032,4143594030,13.659,700,0.0,0.89404362,15.277778057406193,0.0
7310409438,4143594032,23.643,700,0.0,2.83716,8.333333333333334,0.0
316635148,4103901029,26.221999999999998,700,0.0,1.71634908,15.277777874883121,0.0
316635148,316635554,23.593,700,0.0,2.83116,8.333333333333332,0.0
7310409419,316635148,107.943,700,0.0,7.06536,15.277777777777779,0.0
4103901029,4570857559,125.11000000000001,700,0.0,8.18901816,15.277777818482699,0.0
4103901027,4103901029,27.716,700,0.0,3.32592,8.333333333333334,0.0
316635554,7310409416,80.372,700,587.6643606888789,4.995599646963684,16.08855906794892,9.588482991609043
4103901027,316635554,27.183000000000003,700,587.6643606888789,1.689585741345414,16.088559067948943,3.2429668685724957
316635222,316635156,77.64,900,2602.041940105969,42.30440785093353,1.8352697495158707,153.17196268990477
4356286908,316635156,560.728,700,988.8911971497756,47.27670542882592,11.860555741223637,124.02390148527167
316635222,4357673860,425.283,700,1388.3417899054016,58.99527665701346,7.208763550216212,181.70651294467476
412185059,4357673860,8.64,700,0.0,1.0368,8.333333333333334,0.0
4357673860,4356286904,174.571,700,1388.3417899054016,24.216496883697985,7.208763548187572,74.58724585280794
7310409416,7310409438,110.326,700,1278.8782362424884,11.95438311797694,9.228916198452124,36.396571447954976
7310409416,411935451,9.663,700,0.0,1.15956,8.333333333333334,0.0
7310409419,7310409416,32.451,700,691.2138755536101,4.16193397526715,7.797096300144216,6.510358348782595
316635794,3743408024,133.322,900,545.996765586994,9.693240937413313,13.754120098821934,15.35549889171574
4267524458,316635794,827.561,900,1333.24296314278,80.34145721885761,10.300547546027785,265.82046282019365
3743408630,3743408024,41.924,900,2453.0182361897423,18.83592034141641,2.225747361429297,71.078568918617
316636969,3371071765,103.60500000000002,2000,2974.671327641,7.404110195407656,13.992903571891762,64.66146062379329
316636969,4776876457,922.1279999999999,2000,2619.339383212476,37.01007449650949,24.915594268446235,486.32897083101375
3371077339,316636969,931.7859999999998,2000,4966.68095571598,104.19664437005007,8.942572053383989,1219.141097889087
3371071765,3371077342,1026.027,2000,5480.172341837148,147.79779317804514,6.942099593895783,1780.7437231856316
2887143247,3371071765,986.8559999999999,2000,2505.5010141961434,48.67926621734531,20.27261453765228,493.274782857518
4776876457,2887143225,380.027,2000,2554.1728519271155,18.877396076590504,20.131325234589116,193.64552580879456
4776876457,2887143245,418.311,2000,58.53116178418825,15.059196431329836,27.777776982158674,5.004760962614269
316756910,3102660634,48.719,700,186.71211289174315,3.5090523841900083,13.883805274467502,1.913143906661145
3102660636,316756910,20.991,700,186.71211289174315,1.5119053879704478,13.883805274467543,0.8242944999840746
316757406,4203689689,86.848,700,0.0,7.81632,11.11111111111111,0.0
6302622131,316757406,232.79,700,0.0,16.76088,13.888888888888888,0.0
7245129292,316757406,20.523,700,0.0,1.84707,11.11111111111111,0.0
4203689689,6302622132,314.223,700,0.0,22.624056,13.88888888888889,0.0
316757541,4328122031,16.82,900,2605.9818154310474,6.140873330198023,2.7390240924343594,27.023986763794046
316757541,1753954485,204.019,700,968.1767322201122,19.321863716791956,10.558971069788377,46.916104781850464
1837869142,316757541,57.275,900,2594.4211187055503,20.60271188486573,2.7799738364575624,90.81378473596203
4328122031,3245299587,65.705,900,2857.96606985566,32.94070967525008,1.9946443366812854,137.0135230476925
4067049910,4328122031,198.232,700,860.6332513895484,18.42338255752814,10.759804795943875,40.09831700495941
1753954485,4067049910,14.669,700,0.0,1.76028,8.333333333333334,0.0
1753954485,4067049916,15.451,700,968.1767322201122,1.758712007426496,8.78540655590865,3.988556750929685
316801727,1943098984,8.306,700,1014.850340803203,0.98644022491284,8.42017568853085,2.3147671700726957
316809217,316801727,62.435,700,1168.7416774250976,8.777926260664769,7.112727783984789,22.68605196902787
605675014,316801727,121.317,700,497.9261450862017,11.12073784914765,10.909078304484837,14.091682184382632
1943098984,1943098977,6.489000000000001,700,898.3552760109156,0.698610599463252,9.288436226111584,1.497441672294684
1943098885,1943098984,121.463,900,731.3470227888067,11.276477529742577,10.771360088257348,20.86630491286342
1943098908,316801728,7.751,700,1459.1380393058134,0.757134259218036,10.237286063379551,2.7346483977204485
1943098908,1943098977,72.541,900,1037.7556159722988,7.363528855355417,9.851390742801488,18.628427570417678
316802006,316802011,113.307,700,1920.6144158233465,18.45551947983618,6.139464138291802,75.77882112355665
316803518,316802006,31.528000000000002,700,342.763339828152,2.839850909829852,11.101991266819349,2.4975838357119415
316803527,316802006,374.526,700,1577.8510759951942,77.32203432313557,4.843716325864151,247.07848620592546
316802011,316803573,20.805,700,1548.898739340096,2.513824092725844,8.276235421644111,8.95794767877208
316802011,2055741198,333.221,700,371.71567648325,24.129913079327125,13.809457120899502,26.094946405593603
316803573,4333043231,61.986999999999995,700,1789.736864922132,8.985334298518673,6.898686007733648,35.30385508802858
2055741178,316803573,333.09,700,240.83812558203564,24.006789115645294,13.874825091995508,16.875307024942952
2055741198,2055741197,12.47,700,371.71567648325,0.9030043607672039,13.80945712089954,0.9765410393635223
2055741178,2055741198,13.794,700,0.0,1.65528,8.333333333333334,0.0
316802016,316802021,125.787,700,1705.570153602823,17.022022400350068,7.389662464397481,64.80194636504521
4333043231,316802016,27.739,700,242.8420531905265,2.49702669941877,11.108811934792998,1.5563390453839903
687485097,316802016,384.236,700,1462.7281004122954,35.20191444316499,10.915201803025958,131.0710062220214
316802021,499717867,608.736,700,939.0537768878982,45.08105507088061,13.503144481487597,121.32339793882903
316802021,316803405,26.306000000000004,700,766.5163767149237,2.416179842051304,10.887434594962336,4.708883799642563
499717867,499719142,15.144,700,936.3450684324748,1.119070979178654,13.532653675922319,3.007318731518098
499717867,1832795702,607.929,700,2.708708455423436,43.77088800070992,13.888888888663626,0.3462917574436352
316803405,316803518,81.861,700,1613.943432201252,10.34245505794866,7.9150452712952335,37.9276582403191
1273912057,316803405,1271.992,700,847.4270554863282,105.81327304298226,12.021100599386108,239.61061899952153
316802214,331597611,84.291,900,454.4168553411525,7.621854626530266,11.059119352211026,8.870510405581879
316802214,331597613,54.206999999999994,900,1618.2294843316226,5.60723059598892,9.667339174311197,21.96282726081828
331597611,316809684,1545.371,900,3760.4457585765786,220.48893057098417,7.008837114852274,1827.0405440585835
331597613,331597611,53.48199999999999,900,3306.028903235424,5.850487598762628,9.141460279534886,45.89828909796735
331597613,462980385,20.261,900,3829.358383608301,6.908741231373144,2.932661583559272,45.91318908826235
331597615,331597613,69.17,900,3556.2041428915268,8.724156339759997,7.928560345114457,70.52691193524306
316802224,2991672868,468.506,900,3238.0207797724074,95.41052582592589,4.9104225759616655,627.7294381312147
494493560,316802224,47.282,900,97.61261106029262,5.67389679329181,8.333249920213744,1.276735128150825
589642608,316802224,39.392,900,3280.667697371105,9.083096581467744,4.336846982379507,58.68243846220823
2991672868,2991672873,74.085,900,791.2411239789154,6.955790586999367,10.65083818631165,13.855525817724782
2991672868,316802232,31.962,900,2446.779655793493,5.853652326938964,5.460180792239468,29.827834732495994
316802232,1451644706,17.187,900,2446.779655793493,3.147698016598242,5.46018071281635,16.039390567463833
316802232,2991672873,61.410000000000004,700,543.9299121265134,4.538125081937184,13.532020138542762,7.08421704765262
316802435,316802232,30.644,700,543.9299121265134,2.2645547143931464,13.532020138542757,3.535071604107908
1451644706,4332507087,33.321,900,3055.316470727584,9.931721496703565,3.355007488989654,55.307317750780484
4337268535,1451644706,89.301,700,608.5368149340917,6.482146139498712,13.776455833947917,11.457464677825012
2991672873,4337268536,25.138,700,1335.1710361054288,2.152246252914324,11.679890238378167,7.56180896144826
316802235,589642520,18.446,700,1567.8934878373684,3.1218469695414,5.9086816810593765,10.375392163923378
316802235,2166157456,49.005,900,2657.878542166162,32.77445662963635,1.4952192969596685,107.4884603093178
1836213617,316802235,69.398,700,1567.8934878373684,11.745090317263061,5.908681681059367,39.03455846210317
1836213618,316802235,15.093,900,2657.878542166162,3.23968182092247,4.658790842522432,17.27227411530776
589642520,1843102399,7.635000000000001,900,3647.921475705041,3.814016713870518,2.0018265709831917,20.287088947264664
1355562672,589642520,470.687,900,2080.0279878676724,68.1502216229464,6.906609968257508,311.28067048595426
2166157456,494413680,421.958,900,2658.7347575045555,52.86939112812827,7.981139767193278,320.11485848196736
1836213617,2166157456,85.092,900,0.8562153383926824,7.65828000000045,11.111111111110459,0.016831165356626373
316802240,494631995,129.883,900,69.69220968602302,11.689500403809054,11.111082211663836,2.091123049227695
316802240,3725525244,99.46,900,1462.3560244775506,7.158492559628676,13.893986641952893,30.582908980109238
4332528865,316802240,185.238,900,1532.048234163574,12.4478084605836,14.881173709136215,58.545380002995806
494631995,1355562712,153.032,900,82.00681530613222,11.018314852898412,13.888875208511974,2.6391213773041184
3725525244,494631995,76.322,900,12.314605620109218,5.495184013933506,13.888888853672432,0.19765021028784785
3725525244,3725525239,36.226,900,1462.3560244775506,2.6073150380985717,13.893986522786452,11.139115862473023
3725525245,3725525244,19.702,900,12.314605620109218,1.4185440035968382,13.888888853672439,0.051022044012095785
316802428,4332528861,202.23799999999997,900,2121.270173334469,15.08437883505647,13.407114884306266,91.27495628897536
1355562707,316802428,158.204,900,30.98627038065432,14.238361447216247,11.111109981755,1.1324766098191994
3725525245,316802428,81.133,900,2090.283902953814,5.508372363137358,14.7290333062723,35.0754815770805
4332528861,1355562672,158.956,900,2121.270173334469,11.856092884898263,13.407114936023376,71.7407308833722
4332528861,4332528865,27.78,900,0.0,2.5002,11.111111111111112,0.0
316802435,589642569,567.889,900,2350.5898146068744,61.88484959367079,9.176543269131258,345.6384074988557
3355971290,316802435,25.601,900,2894.519726733389,4.2374356624867975,6.041625652665532,26.12802622112208
589642569,589642572,13.712,900,2282.341474310968,1.427901436342902,9.602903709599705,7.868744842746368
589642569,3962740783,264.349,700,1409.4530760606442,37.875675859948245,6.979387007573815,117.51671374712214
589642608,589642569,22.376,700,1341.2047357647375,2.89244155458057,7.736024938711242,8.761032857647194
316802448,462972817,74.618,900,1187.8581162061012,4.671206280429138,15.974032299242612,18.015974059584014
650000403,316802448,70.914,900,1670.242657873017,5.428365591028962,13.063600601476448,25.437423141402878
462972817,331597615,21.846,900,1584.540719467463,1.490716690309092,14.654696054600656,7.168689696857475
462980385,462972817,67.737,900,3771.6301116045374,10.616113053664668,6.380583897099445,86.3419658024403
316802453,316802454,18.947,900,1859.9431425388805,2.1496696925912757,8.813912232795506,9.375259431414781
331597615,316802453,55.126,900,1396.5598282333815,5.372365127799703,10.261030047035785,18.589692822115296
462973799,316802453,103.678,900,463.3833143054997,9.378453691352016,11.054914105467377,11.12825663120824
316802849,649999455,49.945,900,2580.310896941174,5.8897944661597315,8.479922395758095,35.214280864106975
462980385,316802849,75.046,900,2379.3527867032058,7.6457670773678705,9.81536571028205,44.285913076621526
649999455,610703537,60.879,900,2580.310896941174,7.179193058471088,8.47992239575809,42.92341985636136
650000403,649999455,26.985,900,0.0,1.6191,16.666666666666668,0.0
316803089,2054187127,4.574,700,1318.7141705627043,0.388598750635824,11.770495897158794,1.3539597734343125
316803089,650000941,516.616,700,812.6599188731648,115.40050348767322,4.476722235923204,186.22441535054207
1273986850,316803089,79.598,700,1328.1249191099337,6.792261352515606,11.718924798221995,23.77967002908098
2054187125,316803089,9.969,700,803.2491703259358,2.158155462355416,4.61922237479584,3.469905601014066
2054187127,2054187126,9.92,700,469.7553441967668,0.881898348683616,11.248461928528718,1.0696952516022593
2054187127,316803097,1547.501,700,1590.446694810467,153.8477227361036,10.058653924013178,601.3747285022079
2054187187,2054187127,516.931,700,741.4878684445283,91.45349829344339,5.6523917580642244,142.3261572863045
650000941,2054187188,10.551,700,9.410748547228884,0.759672028722144,13.888888363769295,0.020880689122268946
650000941,2054187182,168.066,700,1362.2975380281162,22.41583503111665,7.497646184792954,68.40963381343037
2054187187,650000941,5.265,700,559.04836770218,0.354759837805458,14.841026065885174,0.6076107660245783
316803097,316809596,20.343,700,2156.326081613904,3.34927487088969,6.073852037887877,15.4030484362129
316803097,638356999,887.706,700,1251.3137586193438,123.47283820592503,7.189484042794134,342.5404824416102
316803526,316803097,11.073,700,1817.1931454227808,3.416501889243966,3.241034355889185,11.180826738455012
316809596,316803527,12.015,700,1572.2117285290924,2.457561931022994,4.888991747605153,7.842526788349997
316809596,799373528,690.033,700,1889.797190778328,87.39373923918261,7.895680011030203,375.0181270401366
638356998,316809596,895.464,700,1305.682837693517,134.36534738671847,6.664396865828469,382.07102088387444
638356999,638356991,17.626,700,704.4761192444993,1.514716422140298,11.63650155393075,2.8025711641472038
638356998,638356999,6.785999999999999,700,468.20928098235856,0.450605678294334,15.059730329379935,0.6535994093651256
638356999,2059583628,35.185,700,1015.046920357205,3.039591420691194,11.575568926957637,8.081420108308581
316803105,3335028877,9.71,700,2493.2235172810624,8.838113469218689,1.0986507509569674,22.16537420617235
316803105,4334049665,1376.108,700,520.440654894248,168.78295894764128,8.153121669272826,201.23179104588448
316803289,316803105,12.503,700,441.8119621721662,1.138187567414856,10.985008409815816,1.2838471621071645
799373528,316803105,248.27,700,2571.852210003143,64.4179556234799,3.8540496604879424,315.61904386446685
3335028877,3611960953,6.9830000000000005,700,1150.4508937021517,0.768127163653848,9.090942659524078,2.093104501732359
3335028877,1943098993,775.808,900,2207.221552752073,168.35918424314556,4.608052738480678,743.3664805660597
4333045971,3335028877,105.97299999999998,900,864.4489291731651,6.749851436171034,15.700049253249187,18.679402940852007
4334049665,2055741713,84.151,700,1353.9284370653186,20.3215701110124,4.140969400508969,53.508078988147766
4334049664,4334049665,20.998,900,833.4877821710721,1.9903773060601921,10.549758548827118,4.158992762873513
316803289,799373532,249.535,700,1727.475050165586,27.4883446225202,9.07784748142182,112.41935882180088
4333045970,316803289,85.475,700,2169.287012337751,59.01714020827499,1.4483080626806661,154.86539026967372
799373532,799373627,10.336,700,1486.6369245835504,0.960520499287878,10.760832285893978,3.611344065400373
799373532,2055741657,51.382000000000005,700,422.9014376628356,3.735155209001922,13.75632259568937,4.583526916853507
799373528,799373532,12.594,700,182.0633120807998,0.9070681650039,13.884292808298317,0.48223434013345085
316803518,316803526,377.814,700,1271.1800923730996,48.6025693772521,7.773539646997176,139.7061690160542
316803526,2054187126,1546.891,700,934.9845240677664,116.44161301810009,13.284692301192582,308.71787150002547
316803527,316803526,21.292,700,1480.9975771174484,1.971933948273066,10.79752190414218,7.397266647320917
2054187126,2054187125,4.365,700,1404.7398682645326,0.387109856914176,11.275868909139508,1.4057744048944292
799373627,316803527,684.268,700,1486.6369245835504,63.58876170730634,10.760832285893967,239.0796421191353
316803559,8374416504,1.442,700,895.3976800806362,0.154913081752512,9.308445637300848,0.33120375502068194
316803572,316803559,15.740999999999998,700,523.6820035973858,1.448791072424226,10.864920622171544,1.927206952493188
2055741153,316803559,43.224,700,371.71567648325,3.130028908564692,13.809457120899506,3.384924609899673
8374416504,8374416506,16.121,700,31.27934877502168,1.4508904184459879,11.111107906596278,0.1164909529131053
8374416504,4569365858,30.759999999999998,700,864.1183313056144,3.23344590937653,9.513070842100808,6.723236766439368
316803572,2055741141,43.131,700,240.83812558203564,3.108579727241574,13.874825091995527,2.1851417553598522
817654927,316803572,23.322,700,764.5201291794212,2.315021962301514,10.074202482646896,4.352581437842085
2055741153,2055741141,14.541999999999998,700,0.0,2.61756,5.555555555555555,0.0
2055741141,4332896007,147.684,700,240.83812558203564,10.644026070296196,13.874825091995508,7.482100461351813
4333043231,3450829628,382.453,700,1546.8948117316058,36.920071058331004,10.358945393028964,142.06581036832063
316803599,817654927,31.882,700,240.83812558203564,2.872288460269758,11.099860073596412,1.7747770415483184
316803599,1273529623,788.41,700,213.3426608558216,56.80094987050303,13.880225626463062,35.37868519896833
8374416506,316803599,31.144000000000002,700,454.18078643785714,2.838894039996522,10.970469331091397,3.289816995713507
1273529623,817654927,786.939,700,523.6820035973858,57.94346980458412,13.581150777714425,87.29475431745844
4332735078,1273529623,115.689,700,523.6820035973858,8.341404394662618,13.869247254578074,12.746160711367002
316803685,2860030626,772.845,700,1738.282811555167,85.88024009219887,8.999101529878038,352.40505772455367
4570884839,316803685,218.13900000000004,700,1520.0677292778682,22.995897710017832,9.485996274238552,84.02466267685435
4343299466,2860030626,394.513,700,1199.7759328222432,29.51321353651611,13.367334584282967,100.8104189898571
4570884839,316803765,11.391,700,0.0,2.05038,5.555555555555555,0.0
316803765,4332964424,109.603,700,1358.796731572727,10.547090603791734,10.391775714963247,35.69708339581677
4332964425,4570884839,109.562,700,1520.0677292778682,11.54986751866446,9.485996252593287,42.20203680064326
4332964424,4332964418,44.182,700,1358.796731572727,4.2516313922325235,10.391775750060994,14.389829982017373
4332964425,4332964424,8.19,700,0.0,0.9827999999999999,8.333333333333334,0.0
316808065,4331658826,54.837999999999994,2000,8537.428938256391,8.78741237544831,6.240517419350348,160.97294748807076
316808065,1717282160,245.217,2000,541.305813315785,29.432205406549564,8.331587681344184,36.72431863865947
4331658826,316808068,264.399,2000,8542.727438963997,21.562861871639168,12.261776826004446,497.67953732524586
1717282085,4331658826,61.15100000000001,2000,5.298500707604581,7.338120000014111,8.33333333331731,0.08962981840856815
1717282160,1717282183,173.413,2000,10231.029431374596,49.01956197176233,3.537628510428029,930.3499438784877
1717282085,1717282160,239.888,2000,9689.723618058812,56.66833506993593,4.233193011651881,1074.3432117334735
316808068,3990641396,449.811,2000,1487.6565894544806,48.22515564059306,9.327310488167216,171.42493312186855
316808068,316808071,192.374,2000,7055.0708495095205,60.99560341977398,3.1538994487205096,767.4636168731187
3990641396,3990641391,39.58,2000,2104.0287732968254,4.192042374606168,9.44169845222961,21.16620205184323
316808071,3965147472,624.983,2000,7083.1901882526,62.25063114133547,10.03978575865395,1082.8866712725637
3990641391,316808071,260.166,2000,28.119338743076757,15.609960381066978,16.666666259803602,1.4771734585905234
5052471339,3965147472,18.282,2000,1173.6022961177464,1.1019982945926419,16.589862334367783,4.335098492112217
3965147472,4331730492,245.132,2000,7958.6555550007,32.36460427740516,7.574076849477659,578.525201609571
316808082,4331730530,545.235,2000,8627.331880815243,90.05896490007055,6.054200163248522,1655.88997041788
4332962444,316808082,257.394,2000,1432.9151767936542,30.832878612211488,8.348036627953968,101.89954507048505
4331730492,316808082,280.955,2000,6177.03758757881,21.515849786698553,13.058048033672875,372.7757234957187
4331730530,4331730540,30.736,2000,326.7565571668011,1.8442113044430841,16.666203013695153,2.0279122685599007
4331730530,4331730552,25.478999999999996,2000,8900.260238032391,4.614720481123572,5.521244483652124,85.75089198443371
316808124,4331776166,34.167,2000,5492.470356020682,4.952190052484538,6.89937171996423,59.71368312148999
316808124,4331776150,86.895,2000,3979.1318363590954,12.605195261795561,6.893586191668573,110.09340356780005
2990330535,316808124,88.415,2000,6658.4568008546885,46.12733068468635,1.91675951518592,437.63203782694546
4331776166,2990330645,74.102,2000,5492.470356020682,10.740398257652394,6.899371719964228,129.50810275027527
4331776155,4331776166,36.2,2000,0.0,2.172,16.666666666666668,0.0
4331776150,4331776135,134.145,2000,3979.1318363590954,19.459392581777614,6.893586191668573,169.95776076416985
2990330535,4331776150,67.697,2000,0.0,12.185459999999999,5.555555555555556,0.0
316809217,605674788,115.73900000000002,700,1172.8807788927677,16.355489504510004,7.0764620018303415,42.367560501673694
605675014,605674788,100.442,700,1050.4419389866569,12.355823253556416,8.129122433917097,29.70848829896537
316810074,606182747,359.514,900,3931.698567829814,68.50814551518361,5.247755537629027,555.8927677613216
316809684,316810074,8.86,900,3931.698567829814,1.406950701188562,6.297306645154844,11.893368094743183
799373627,799373528,17.279,700,864.1183313056144,1.453074430900314,11.891338552626006,3.335593768869758
316809683,316809684,17.892,700,1475.212968464501,3.126388553285934,5.722897104774433,9.706929007965915
316809683,4332848127,46.524,900,3351.502284457418,5.2184000690290855,8.915376242637539,41.160616256570826
4139698098,316809683,12.741,700,1475.212968464501,2.473688834079546,5.150607394296986,7.498783508189735
4139698098,4332848127,49.546,900,4.285100894256323,4.459140000165762,11.11111111069807,0.04904696086416985
606182747,606182839,238.371,700,1010.0433677916666,28.180524762333402,8.458714023615734,65.90397086269493
638356992,638356998,17.713,700,1773.8921186758762,5.644359110360244,3.1381773649886515,17.82425639049904
638356991,638356992,7.435,700,246.7236050424811,0.48719783749522194,15.260740971726742,0.37622769310874055
316811272,316811616,14.381999999999998,900,1190.2999728918403,0.900644842085562,15.96855866813891,3.479776969443809
316811272,687483654,185.665,700,435.2295570780003,16.745532490185912,11.087434819335428,18.6885993968352
316811619,316811272,17.707,700,435.2295570780003,1.610858010850008,10.992278574979105,1.7904899382968453
690200576,316811272,510.156,900,1190.2999728918403,38.33703546591614,13.307132223449006,129.53760839321365
316811616,316811617,17.965,700,166.05056064632709,1.2935385234852301,13.888260514728403,0.6273367694529052
316811616,4332677498,401.262,900,2314.701097823257,39.12757948043212,10.255221644893034,224.3486568894304
4417690380,316811616,191.8,700,1290.4516855777454,16.088667430375043,11.921434813046474,55.228587776921394
4417690380,687483654,17.344,700,0.0,2.0812799999999996,8.333333333333336,0.0
687483654,316811819,71.533,700,435.2295570780003,6.451717747666326,11.087434819335433,7.200342448247177
3679024245,316811612,644.775,700,1290.4516855777454,54.08535215026105,11.921434813046472,185.66221420158752
902324953,316811538,590.214,900,2646.322250191473,73.23644082302616,8.059020801218836,442.54534936998454
3329170620,316811538,10.131,700,1071.8422207240758,0.7867270801611,12.87740088713541,2.344872497213678
316811612,4417690380,74.452,700,1290.4516855777454,6.24522141567405,11.921434813046474,21.438367138515908
316811819,316811612,14.688999999999998,700,0.0,1.17511998,12.500000212744233,0.0
316811617,316811619,14.123,900,2820.158899961467,1.216739080260252,11.607254364657367,9.0004998753248
4332677494,316811617,399.923,900,2654.10833931514,49.92722512220193,8.01011870820275,302.0746073733296
4332677498,1356144907,38.814,900,2314.701097823257,3.784803619464318,10.255221644893041,21.701204620687612
4332677494,4332677498,25.591000000000005,900,0.0,2.30319,11.111111111111112,0.0
316811619,4332723158,595.538,900,2384.929342883467,52.43790845613074,11.357012846883924,324.44325989275933
4332723158,2053915219,483.687,900,3228.3782667737046,106.55800696430455,4.539189628068292,685.5421468203742
4332723158,2053915210,496.69999999999993,900,2221.677591290375,49.76128106979658,9.981656205822244,270.88551976973673
2053915175,4332723158,34.854,900,1261.9888532645716,4.01408994683226,8.682914548914185,11.82264427441691
690200576,316811819,540.148,700,879.2492807137237,44.748790635758326,12.070672577425434,105.37480169181387
888357935,4336038836,290.817,700,1463.7536902593035,62.373517970264075,4.662507574747411,183.17518982929988
317337068,4341815211,88.626,700,757.5417449612056,11.690339454193895,7.581131441671314,19.895258894228014
6131118240,317337068,282.51,700,971.125102208965,21.41737390723439,13.190692809662037,58.71093476191278
4341815211,317337076,109.865,700,945.2280712567004,16.354543888156392,6.717704923557169,33.72794532892086
4341815209,4341815211,12.633,900,438.6211560846584,1.1416098457588082,11.065952213825787,1.2828255668522597
317337076,1834912723,10.908,700,945.2235835255908,1.217822153788938,8.956972876591697,2.713188117845169
317337076,317337077,23.572,700,0.0044877311100479,2.82864,8.333333333333332,2.9263024869703282e-05
1834912723,317337077,17.375,700,989.3559909121852,1.612111879965642,10.777787953755606,4.036576791043437
1834912723,317337289,31.099000000000004,700,1670.360508168325,4.095608076357036,7.593255853636747,15.375266358811947
317337077,4346555522,274.447,700,989.3604786432954,31.830292612854777,8.622195319975274,73.33780609697183
4346555523,4346555522,13.924999999999999,700,0.0,1.671,8.333333333333334,0.0
4346555522,4015833534,97.153,700,989.3604786432954,11.26778000202837,8.622195319975274,25.961252539612772
1834912719,6551974112,431.203,900,0.0,25.87218,16.666666666666664,0.0
317337289,1834912719,21.15,700,1235.158320507863,2.590643223884496,8.163995645948882,7.333144862050898
317337267,5437754399,33.527,700,304.63827710412085,2.420207818827342,13.852942602360804,2.149609753770775
317337267,331597632,41.422,700,1553.8047963935917,8.219877614282076,5.039247777610347,26.111449961356293
608442001,317337267,15.191999999999998,700,858.9181409646195,1.2731852676859379,11.932277560525053,2.9104378310220413
5475073814,317337267,44.039,700,999.5249325330924,4.124303367189618,10.677924507286924,10.389636569163354
5437754399,608425111,428.871,700,304.63827710412085,30.95883757772248,13.852942602360793,27.497398655096635
5475073814,5437754399,60.023,700,0.0,7.20276,8.333333333333334,0.0
331597632,608445140,13.064,700,1973.527824278478,1.789770411845238,7.299260236697695,7.86001598888519
331597632,608425111,458.731,900,1458.7236337699314,30.23800232930301,15.17067810909762,137.42340729217
331597634,331597632,14.824,900,1878.446661654819,2.1104194797030837,7.0241959679435855,8.740084301480087
317337572,317337272,13.466,700,25.355859534002963,0.881411029765506,15.2777756860866,0.07001162595866652
317337272,317337577,46.434,700,1311.40285927917,6.322362622791037,7.3444063193422915,18.4782042176337
317337272,1273983950,63.3,700,83.46983448271195,4.143333294867822,15.277554445935387,1.083397551434156
2147064069,317337272,31.781,700,1369.5168342278794,2.767279561009962,11.48456428030749,9.886983979050353
317337572,4332689692,33.685,700,839.4375736415794,2.78814464676219,12.08151092129228,6.271360401625926
4331445591,317337572,43.048,700,864.7934331755827,3.62174288775483,11.885990070014625,8.318352639146411
4331445591,317337577,10.982,700,0.0,0.71882184,15.27777731405601,0.0
317337577,4015833550,562.275,700,1334.2178082049757,79.13494086741036,7.1052684672133,233.41781445600918
1273658188,317337577,61.883,700,29.53984902072921,4.050524549219616,15.277774334665501,0.3748287164253542
1273983950,1273979931,538.061,700,83.46983448271195,35.2190532269095,15.27755435483679,9.209067467296943
1273658188,1273983950,46.149,700,0.0,5.53788,8.333333333333332,0.0
317337284,4015833567,28.321,700,1040.939911780466,2.760415164691458,10.259688601285289,7.119077972597486
317337284,1175765568,13.593,900,2836.9175191146287,1.9660746544984917,6.913776121826522,12.250905493685154
442361362,317337284,34.822,900,1388.1480905315082,2.258278234415178,15.419712004184367,9.892029447614027
474879459,317337284,11.975,700,2489.7093403635854,10.843261411896227,1.1043725264118536,27.255294062050265
4015833567,442360572,16.364,700,1227.2957092624858,1.9835733592866842,8.249757904534816,5.595621689190373
442361362,4015833567,46.138,900,186.35579748202133,4.152972165342006,11.10963381479838,1.9864350163425388
1175765568,4015833556,55.29399999999999,900,2486.0465719476915,6.077566396189013,9.098049514468908,35.79663225565431
442363280,1175765568,65.855,700,989.3604786432954,7.637845995837271,8.622195319975274,17.5977919981493
317337289,317337413,21.562,700,1652.1286191326644,6.296511919873511,3.4244356676185177,19.092017198269758
317337392,317337289,19.897,700,1216.926431472202,2.379151321718742,8.363066198591373,6.681165139411688
317337413,1403202081,469.752,700,1664.1776824795772,139.9753117806737,3.355963233974081,424.61488834662305
317337392,317337413,34.304,700,12.04906334691316,3.087360313685556,11.11110998218714,0.09548618147899841
4346555523,317337392,270.885,700,1228.9754948191155,32.90864726016675,8.23142312287884,92.90255303028682
1403202081,4341815229,59.501,700,732.2879261944188,5.819037013610898,10.22523140183254,10.542772775188954
1403202081,4224791297,25.853,900,931.8897562851594,7.229664996797574,3.5759609900945275,12.541469680406358
2147064069,4332689692,10.593,700,0.0,1.27116,8.333333333333332,0.0
4332689692,4332734096,18.947,700,839.4375736415794,1.568264112281526,12.081510921292281,3.5274889573877513
4015833550,4015833549,15.733000000000002,700,1176.6919710434845,1.787064541226502,8.803823050062922,4.928980993787212
4015833550,5728879650,14.285999999999998,900,157.5258371614924,1.285827288408984,11.110356833130174,0.5199006151397225
317337580,4224818799,419.937,700,15.186371493494535,37.7943306056432,11.111110933058775,1.4732641337377914
317337580,317337723,35.52,700,1170.4987991646055,3.63977900059677,9.758834257293156,10.348534771533933
1273979931,317337580,20.407,700,1141.9920571214082,2.0201867502898923,10.101541353576168,5.679750660599754
331596288,4224818799,9.175,900,0.0,0.82575,11.111111111111112,0.0
4224818799,1273845622,681.425,700,0.0,81.77099999999999,8.333333333333334,0.0
317337723,331596108,14.522,700,1948.13649337496,5.075473341607008,2.861210969419063,16.99446644750948
317337723,4337335334,110.767,900,1226.2134100671046,8.302637048013906,13.341182971077464,28.948079876583908
1181353066,317337723,42.939,900,2003.8511042774592,7.156294952953008,6.000171916094857,30.501069739253744
331596108,746786918,30.357000000000003,700,1284.4943640965907,3.61668080442315,8.39360774190352,10.731796044574294
331596108,317337759,43.039,900,2217.7715384612543,9.470082179844312,4.544733528458943,41.86675397025259
4337335335,331596108,113.749,900,1554.1294091828831,11.21473045620543,10.142820680728839,42.97985818688279
4337335335,4337335334,12.268,900,0.0,1.10412,11.111111111111112,0.0
4337335334,331596288,300.02,900,1226.2134100671046,22.488260647531604,13.341182971077458,78.4078554494813
317337743,6290603421,118.393,700,1019.5128234713708,14.123644162488551,8.382609943858812,33.25080999831511
317337743,5818969937,22.281,700,0.0,2.67372,8.333333333333334,0.0
317337956,317337743,94.272,700,1019.5128234713708,11.246139404239447,8.382609943858812,26.47639945065302
6290603420,6290603421,15.273,700,318.9845542000608,1.838476870171608,8.307420260649991,1.3506723935189262
6290603421,1273749237,1130.062,700,1390.1331530474818,157.1903944243675,7.189128853186583,484.4527792098883
5818969937,4139638815,8.11,700,0.0,0.9731999999999998,8.333333333333334,0.0
5818969937,650007624,79.305,700,1146.6504344350656,7.894449138727698,10.045666088461383,22.236392959426933
6290603420,5818969937,105.239,700,1146.6504344350656,10.476060003673554,10.045666019772387,29.508048273019888
317337759,1181353066,15.293000000000001,700,56.22687390286451,1.000999394271552,15.277731522633971,0.17631534733092305
317337759,2166203841,162.205,900,2426.5120265945848,46.93217815901276,3.456157509894957,209.64991160826298
2166203835,317337759,44.871,700,264.9673620361955,2.941372553844444,15.255122966777037,2.4386657088147885
1181353066,1273815907,29.082999999999995,700,67.45987050019532,1.9036264177762678,15.277682495063013,0.40228931755098324
331596285,1181353066,163.893,900,2015.0841008747905,27.710001992008433,5.914579148975404,118.38659026830314
2166203841,4337745396,103.03099999999999,900,2426.5120265945848,29.81085199532224,3.4561575098949566,133.16753517407574
331596285,2166203841,14.021,900,0.0,1.2618900000000002,11.11111111111111,0.0
317337878,1181353069,13.333999999999998,900,4279.969563906129,2.6499503326759917,5.031792421005478,23.179070629514026
589643132,317337878,20.52,700,1742.0560897519952,5.5769552277975,3.67942706402252,18.249006917120894
4346601316,317337878,177.105,900,2537.913474154136,13.664144733963528,12.961294208175994,96.8185850969399
1181353069,592287414,21.044,700,11.544617180533512,1.51516800810873,13.888888814559673,0.05108987735826446
1181353069,592287545,83.325,900,4268.424946725597,16.435480997205826,5.069824242695786,143.62733551088368
317337916,607236164,24.711,700,984.1495363704064,3.8034088261219376,6.497066481595151,8.104675027458718
317337916,607236517,34.032,900,11.94427190282284,2.227549084998756,15.27777781831416,0.08334899299056206
2166224153,317337916,89.158,700,996.0938082732292,7.5667092504689215,11.782929282564245,19.92520636357771
607236164,4347476109,18.883,700,984.1495363704064,2.906388606841512,6.497066481595145,6.193216727105469
607236164,607236517,21.152,900,2525.969202251315,1.625153732450952,13.015384069604245,11.490640753313
611484206,607236164,15.387,900,2525.969202251315,1.182216361631184,13.015384069604242,8.358854447391598
607236517,1273624890,26.564,900,2537.913474154136,2.049486692713398,12.961294208176023,14.521831086164193
317337941,611484206,15.832999999999998,900,2525.969202251315,1.216483502548026,13.015384069604284,8.601140083547861
317337941,4041852511,36.162,900,1119.6105482137891,2.7770358107556783,13.021798228147338,8.705695492580965
4041865390,317337941,146.442,900,3645.579750465105,19.48099745954407,7.51717155674981,159.20424181811669
611484206,4041852511,31.607,700,7.798020515722187,2.84463000316911,11.111111098732582,0.05693903491402295
4347476110,611484206,18.795,700,7.798020515722187,1.691550001884498,11.111111098732604,0.03385861237096401
4041852511,5049882985,75.537,700,970.2567993181044,6.264381360998177,12.058173927642843,16.26900571821612
317337956,1181353072,6.288000000000001,700,719.1342954926906,0.444742124305578,14.138530299593516,0.945799720344125
548744434,317337956,7.762,700,329.19404290341896,0.509855769755496,15.223913232799752,0.524343368711942
3962693283,317337956,343.377,700,1409.4530760606442,49.198733360888205,6.979386999279464,152.64872064185266
1181353072,650007629,9.106,700,719.1342954926906,0.644055649568724,14.138529808872276,1.36966481259439
1181353072,548744434,6.355,700,794.6124322908576,0.465926893683756,13.639478824146613,1.0681457156627903
650007624,1181353072,9.894,700,794.6124322908576,0.7253943448610399,13.639477713181432,1.6629793856169914
317338711,317338712,9.808,700,364.7264764723423,0.70994092416327,13.815234009167199,0.7535344401316659
317338711,317338928,608.605,700,394.8693718348501,44.14052370357125,13.78789712797993,50.654586714391456
317338843,317338711,10.01,700,759.595848307192,0.793008800448996,12.622810735936863,1.6550117135656317
317338712,1573127503,136.169,700,875.8960685404014,11.542749953773116,11.796928855371144,26.74422048467091
317338712,317338842,10.01,700,14.24654598430859,0.720720008944968,13.888888716511731,0.02998960139505972
317338928,3238752155,9.892,700,0.0,0.712224,13.88888888888889,0.0
317338928,317338936,497.715,700,1121.2713333386207,52.90142009940341,9.408348567293242,142.16651849778833
1573127503,317338714,9.898,700,879.8061992458761,0.841303731269256,11.765073221614161,1.9551860864304502
1573127339,1573127503,11.125,700,3.910130705474364,0.801000000056412,13.888888887910737,0.009147835042891328
317338842,317338843,9.808,700,341.0721548399771,0.709055201954616,13.832491423746403,0.7043848047754175
317338842,1573127153,905.836,700,341.51051017263853,65.4874757053448,13.832202115649261,65.13880465589679
1573127339,317338842,136.112,700,668.3361190283072,10.389155500073347,13.10135361811064,19.515794273335946
1573127030,317338843,904.7280000000001,700,418.5236934672149,65.74256620670508,13.761677588845426,79.86072499331773
1573127153,1573127031,9.067,700,327.2639641883301,0.6550801240441381,13.841054959849588,0.6246834343625416
1573127153,3456196226,124.44,700,1146.3959272010966,13.622032994372557,9.13520030757581,37.048791567154794
1573127030,1573127153,9.035,700,1132.149381216787,0.9725154258069479,9.290341068372442,2.627227798078421
3238752155,1573127447,10.697,700,1589.7155369793456,2.252177443411902,4.749625759413851,7.216226406703052
317338950,3238752155,500.24000000000007,700,1589.7155369793456,105.32198226534274,4.749625759413845,337.46331660177043
317338936,1573127144,36.305,700,841.3153976980886,3.008515772811834,12.067412219703417,6.777820208833737
317338936,8742782805,22.953,900,1977.3623942452327,1.8357091916377741,12.503614463858463,9.917618655769783
317338950,317338936,10.336,900,1697.406458604702,0.7322787773696939,14.114843034406046,3.6713884016718006
1573127144,1573127003,9.685,900,1446.4381761436723,0.636496404674016,15.216111087006391,2.8750077647652046
1573127144,1573127333,669.822,700,824.4827841009277,54.94135480746499,12.191581411621652,121.99049958996925
8742782806,1573127144,24.699,900,1429.6055625465112,1.616751437215278,15.276930906919128,7.240258147030491
8742782805,8746159406,101.654,900,968.1552464013092,6.215944321116384,16.35375008985649,19.926941761952236
8742782806,8742782805,42.875,900,0.0,3.8587499999999997,11.111111111111112,0.0
1573127003,317338950,36.254,700,1384.6698583830637,5.501284033662978,6.590097835006824,16.546858838705905
8742782795,317338950,26.947,900,1902.452137200984,2.078082162990846,12.96724474128442,11.040767150519768
1358245402,5729018831,148.494,900,2941.69425821991,23.440171108366272,6.33502201470703,148.45195830424782
4332613116,1358245402,358.077,700,1299.5915844278063,43.58047796383148,8.216454172374544,130.0312586342371
4344614634,4332613117,348.144,700,1559.2403097214055,63.36882329023783,5.493931904107689,206.0598842523987
2166218025,331596105,41.338,900,1317.7053122335842,3.304741035546198,12.508695705764364,11.900795207337952
4158625094,2166218025,61.327000000000005,900,0.0,5.51943,11.11111111111111,0.0
331596105,4346609884,89.149,900,1317.7053122335842,7.126962082778754,12.508695705764357,25.66510213215376
331596105,331596288,35.176,900,0.0,3.1658399999999998,11.111111111111112,0.0
4346609884,4337335335,210.18599999999998,900,1554.1294091828831,20.72263787521644,10.142820680728839,79.41840783539324
331596288,4158625094,35.677,900,1241.3997815605994,2.701128850297536,13.208181459418379,9.473288896574624
746786918,1273549187,34.721,700,1645.6241623560716,7.294093079719272,4.760153129460243,24.20617201020011
1842988781,331596284,7.048,900,347.43899035238303,0.6353391048282899,11.093288523307297,0.5661772324754081
331596284,331596285,48.952,900,2015.0841008747905,8.276497577765959,5.914579148975407,35.360023715558164
4337745395,331596284,52.97699999999999,900,1875.0182180132256,7.5103044875217115,7.053908411838788,31.077620675472453
1842988781,1273815907,227.574,700,1020.60220115923,27.176886439629392,8.373806929853124,64.03024616224965
4341331576,1842988781,52.08,700,1160.6680840207948,7.2500298247285135,7.183418725032651,18.65233348218373
331596287,548759596,179.978,900,0.0,12.958416,13.88888888888889,0.0
331596287,331596292,94.794,900,1241.3997815605994,7.178181411600036,13.205851811826829,25.172196349673747
4158625094,331596287,15.329,900,1241.3997815605994,1.160568549659748,13.208181459418412,4.070298665683561
548759596,608445140,446.387,900,1108.1736779076066,27.66290120022104,16.136666099087,100.37328716511648
331596292,548759596,138.448,900,1108.1736779076066,8.393206774114518,16.495244752814546,31.02451979340387
331596292,548745860,22.899,900,2020.694239539287,2.247391290001626,10.189146901954679,11.219477016699855
548745860,548746499,86.917,900,3784.05615041334,12.583238927517025,6.90736308041723,104.56271099335443
608425111,548745860,138.859,900,1763.3619108740531,10.085914504400725,13.767616207673832,51.63573607007258
462973799,331597615,87.431,900,3368.223251657446,10.798328357418084,8.096716186625116,83.15891991186106
608445140,608446292,14.628,900,1712.1846679582068,1.709319012848148,8.557794004541105,6.800085676090714
608445140,1273845622,51.793000000000006,700,1369.5168342278794,4.509792338296122,11.484564280307483,16.11266357971601
331597634,608442001,41.515,700,683.6709099302931,3.185823348239526,13.031168229381278,6.101246172450425
608446292,331597634,13.081,700,767.0638865461761,1.040068686021174,12.577053973273541,2.187268417762178
4337410472,331597634,133.612,900,1795.0536850389362,17.193761991952705,7.770957866145594,69.78458524593647
608442001,474876983,41.61,700,833.3532296324114,3.4312522269157197,12.126768085889841,7.67781049375195
474876910,608442001,38.116,700,1008.6004606667371,3.5999910133263957,10.587804208094612,9.117070641472406
331607180,5712433461,16.157,700,0.0,1.29256002,12.499999806585384,0.0
331607180,331607181,26.374,900,2127.6716286058654,1.716539944982688,15.364629338856425,11.492221578555757
4284464004,5712433461,15.762,700,198.51166460603915,1.892324933851452,8.329436302421685,0.8658394830957539
5712433461,1575375179,463.93799999999993,700,198.51166460603915,37.13240473548944,12.494154453632502,20.130968589288173
4284464004,331607181,16.374,700,21.63364865757959,1.178928077800158,13.88888797232937,0.07449233664826986
331607181,2886284248,163.487,900,819.0059068488683,7.42900500824868,22.0065809376188,26.755607620643588
1841300516,331607181,14.902,700,198.51166460603915,1.073445990264726,13.882393837369468,0.6221873777720244
1575375042,4284464004,472.107,700,21.63364865757959,33.991706243190414,13.888887972329357,2.147816879076876
2886284248,1574756029,11.93,700,831.8312393993768,2.841436018967964,4.198581252705133,4.614157228640224
5045615986,2886284248,28.694,700,12.825332550508543,2.065968003326646,13.888888866524837,0.07739034078115566
1841300516,5711943165,146.97,900,1331.7432606387845,7.066708663597284,20.797517910577824,39.05446793924092
1841300518,1841300516,11.28,700,1530.254925244824,2.1539076855518218,5.2369932451910595,6.799141771198346
1574756029,1841300516,157.473,900,6.6000920678515165,7.086285000292848,22.22222222130387,0.20776104435762985
331607187,4341378934,28.769,700,18.10855302448769,2.5892100838834677,11.111110751140888,0.12035135227942421
331607187,6277628313,255.098,900,3282.65284284212,27.553011579754205,9.25844346494031,215.56342748299363
2174954258,331607187,29.170000000000005,700,0.0,2.6253,11.11111111111111,0.0
4341378933,331607187,42.082,900,3300.7613958666075,4.590206956831722,9.167778358526578,35.98872013160687
4341378934,2174954258,16.879,900,2691.264944011363,1.378840258508286,12.241447039166625,10.016377953579317
4341378934,1757230428,182.704,700,9.310170585673363,16.443360037221616,11.111111085959712,0.39295982003943736
4365307891,4341378934,242.916,900,2682.46656157255,19.775170140104024,12.283889255009068,143.464378797958
4365307891,6277628313,20.317,900,0.0,1.82853,11.11111111111111,0.0
6277628313,5712092619,763.707,900,3282.65284284212,82.48762363695266,9.258443464940306,645.3492325018401
331607196,471578724,1027.151,900,1825.821608506034,76.54498239282722,13.41892006361283,398.8895456955896
4361845392,331607196,39.831,900,2240.646658511522,2.804949947743182,14.20025338849536,18.643074762760133
471578724,471578682,115.47,900,1863.4896829218635,16.139578412800464,7.1544619720933715,66.60087200713168
471578721,471578724,116.022,900,37.66807441582976,10.441982317782998,11.111108644803123,1.0096161046537548
4032068107,5581167462,949.552,2000,9110.164396480495,116.82999100130134,8.127639075050714,2436.100137454755
4032068107,1273840842,981.5300000000001,2000,0.0,117.7836,8.333333333333332,0.0
3993075744,331608020,1423.231,2000,9446.701395208242,141.83970096548538,10.034080658040322,3289.957409422262
3993075744,471049645,525.193,2000,1529.170818603669,37.84543257920583,13.877315285030386,168.93332691425468
331608020,2981989596,66.035,2000,0.0,7.9242,8.333333333333332,0.0
331608020,3954516002,229.886,2000,9446.701395208242,22.91051944213664,10.034080658040322,531.4071637158311
2981989596,3954516002,164.182,2000,0.0,19.70184,8.333333333333332,0.0
2981989596,5581164925,207.38500000000002,2000,0.0,24.886200000000002,8.333333333333332,0.0
3954516002,4630739900,19.961,2000,9446.701395208242,7.957281062517756,2.5085201645100814,122.25196034559994
331608024,4272187794,31.129000000000005,2000,9469.770048129869,3.119008373432646,9.98041565555041,72.36822932586252
2887449498,331608024,84.192,2000,9469.770048129869,8.435720806194912,9.980415655550406,195.7282907707609
4357680665,331608024,19.426,2000,0.0,3.49668,5.555555555555555,0.0
4272187793,4272187794,25.583,2000,8.130691812754007,1.53498000026193,16.666666663822653,0.042000534917342576
2981980783,5650038993,21.376,2000,1269.2925599922728,1.548821110853328,13.801464772276265,5.717175061083477
2981980783,2981980782,8.403,2000,2048.519325365461,0.5258473106055119,15.979923887647093,3.49861330903692
331609329,1367679639,170.58,2000,9178.224738601408,140.60962103481535,1.2131460048367808,1390.3110814322847
1367679539,331609329,252.675,2000,23.532941308101456,18.192600013616286,13.888888878493725,1.2504476541749123
1367679639,1367679843,437.368,2000,8741.97539970082,75.09204303651217,5.824425362715695,1387.0465312839074
1367679639,6997530517,258.534,2000,2609.9814408982384,43.61795373455453,5.92723816374694,241.48053466908186
1367679539,1367679639,426.656,2000,2173.7321019976584,40.491241827660005,10.53699468680031,220.5426165659507
331610229,1330652408,150.864,2000,0.0,18.10368,8.333333333333334,0.0
331610229,563862410,226.35099999999997,2000,4615.559118334232,10.890863568102013,20.783567674371938,208.46081013089554
563862440,331610229,92.283,2000,4615.559118334232,4.440190512324474,20.78356767437196,84.98919351498081
1330652408,1324511355,28.133999999999997,900,750.3034680497776,1.747022990234724,16.103966666300146,4.2846391432749895
563862411,1330652408,83.948,900,750.3034680497776,5.212877158748298,16.103966666300146,12.78477595790321
563862410,563862402,267.68,2000,7935.775529008935,35.07486272617107,7.631676340112113,626.3891302559899
563862411,563862410,167.095,2000,3320.2164106747064,12.999004621852555,12.854445771878373,119.88563491974466
331610240,2400498279,597.187,2000,5459.188913967045,38.379549576649495,15.560031490399108,665.9311639797581
331610240,2400498274,304.883,2000,1881.3881413330748,18.852295947520656,16.172194667891176,116.34636919549577
563862402,331610240,733.738,2000,7340.577055300122,79.23166415216127,9.260666273409143,1386.2641012861768
2400498279,885831143,284.308,2000,8354.092733251906,42.833370991755565,6.637535020410201,778.5717603540538
1273466380,2400498279,97.733,2000,2894.903819284868,6.869031164373198,14.228061812690608,59.068010304755525
2400498274,3854579860,40.168,2000,1877.237199305137,2.483121082134846,16.176416159886106,15.294032693697517
2400498274,4397682623,133.207,700,4.150942027938556,15.984840022876469,8.333333321407206,0.15295711108721433
346473954,346473955,13.644,900,2508.630919526207,4.393312680814463,3.1056291667067457,19.545274909676397
346473954,1847865317,350.596,700,291.9394167388062,25.298155923114454,13.85855953554571,21.538957138155048
2833214501,346473954,236.434,900,2499.147687327607,75.1994226450441,3.1440932880032135,334.7908145893465
346473955,6047565246,597.155,900,1237.179095677983,45.084053448261066,13.245370687116706,157.86250744279454
1847865317,4351706137,545.062,900,2242.6700844571774,60.86523428170637,8.955227174141077,321.7129796500084
346474216,1827979625,293.864,700,36.118970156196575,23.509132074575568,12.499993579848285,2.319614560499453
346474414,346474216,7.957,700,0.0,0.71613,11.11111111111111,0.0
2887936518,346474216,159.37,700,36.118970156196575,12.749606517506137,12.4999936100909,1.2579865928934966
1827979625,346474408,11.893,700,36.118970156196575,0.9514404678619501,12.499993853241929,0.09387735726922278
1827979625,558581084,685.091,900,2242.6700844571774,76.50180019757109,8.95522717414108,404.36256231658797
1827979628,1827979625,6.312,900,2242.6700844571774,0.7048397407746779,8.95522717414115,3.7255437501620774
346474408,1827979628,11.713,700,117.41033494067658,0.843384283646586,13.888093751706958,0.2892073171307369
346474408,4351706138,698.233,900,2595.087255258712,99.92879828197073,6.9873050812618045,571.0154104917002
3826958684,346474408,688.188,900,2676.3786200431887,104.91781191736251,6.55930568340526,609.3103997002751
1827979628,4362415648,245.75,700,117.41033494067658,17.6950130373217,13.88809375170692,6.067847535633791
4351706137,1827979628,694.601,900,2242.6700844571774,77.56374980700824,8.95522717414108,409.9756676816135
4351706137,4351706138,11.872,900,0.0,1.06848,11.11111111111111,0.0
346474414,347933339,153.294,700,0.0,11.037168,13.888888888888891,0.0
347933271,346474414,102.39700000000002,700,0.0,9.21573,11.11111111111111,0.0
4362415648,346474414,55.071,700,0.0,3.965112,13.88888888888889,0.0
2887936518,347933339,12.357,700,1147.220479353737,2.25668854783149,5.475722386181362,5.395076275308451
347933271,347933339,164.46,700,0.0,19.7352,8.333333333333334,0.0
347926588,347926916,17.451,700,586.9974161262161,1.150318051527042,15.17058693187843,2.1037140048086287
347926588,347926590,395.014,700,1399.6809753315083,61.32884701379847,6.440916782784538,185.49944127208326
2865037713,347926588,9.597,700,68.2130258254843,0.690988507247058,13.888798293093261,0.13766727795257494
4341257619,347926588,170.927,700,1918.465365632239,20.20730265807599,8.458674712415803,89.76027908851587
347926916,4341257611,52.061,700,1832.7886846432164,5.6959186128591295,9.140053350212355,24.771448965312025
347926916,2865037712,9.328,700,1071.0698804916049,0.724217888850186,12.88010161528835,2.1572828128071526
347926913,347926916,393.503,700,2316.861149008604,76.91581133609463,5.116022221757921,365.6157389290738
347926590,4328597438,786.179,700,447.2766981587715,57.2874359133014,13.723410508192416,74.23076112651931
347926913,347926590,24.008,700,449.0070544252497,1.7497437769683661,13.720866058227475,2.2757340476891854
4337488137,347926913,41.126,700,644.8291127622696,3.115313638310934,13.201239032323487,5.6734184816766975
3991417593,4341257611,8.731,700,0.0,1.04772,8.333333333333334,0.0
4341257611,4341257597,249.78000000000003,700,1832.7886846432164,27.328068171925477,9.140053311803527,118.84928333661694
2865037712,2865037713,17.614,700,2550.750180743619,4.057464610626084,4.341134597667405,20.386775055017587
3991417593,2865037712,51.979,700,1479.6803002520146,4.372879927462578,11.886674425602513,17.18526262603394
4337488137,4337488141,19.717,700,0.0,2.36604,8.333333333333334,0.0
347928025,4041917138,45.213,700,1024.2316759978153,4.334687122751922,10.430510604256957,11.076100289946687
347928025,4041917134,36.449,700,0.0,4.373880000000001,8.333333333333332,0.0
4041917138,4337472726,619.04,700,1024.2316759978153,59.34896415783851,10.430510604256947,151.64994854330843
4041917135,4041917138,16.731,700,0.0,2.00772,8.333333333333334,0.0
2459474181,347929897,12.459,700,0.0,0.8970480000000001,13.888888888888888,0.0
4042114152,347929897,855.341,700,0.0,61.584552,13.88888888888889,0.0
2459474181,4337472725,105.17599999999999,700,1174.9113226917862,11.920212313117272,8.823332776066577,32.85098495278813
4337472727,2459474181,100.966,700,1174.9113226917862,11.443068346449744,8.823332776066577,31.536021019464577
347933271,347933154,8.928,700,1147.220479353737,1.6304698029489,5.475722386181359,3.8979720794653896
1753960713,347933154,433.085,700,0.0,38.977650000000004,11.111111111111109,0.0
4362415648,347933154,146.346,700,117.41033494067658,13.183205429085012,11.10094208781189,3.9713484187367794
1753960713,2833214501,596.392,700,473.52402134327446,54.48832857714692,10.945316466362197,65.76213903083568
2833197401,2887936518,188.449,700,1183.3394495099328,23.982178774608855,7.857876541205693,64.35679791650449
4347911984,347935641,484.459,700,0.0,43.60131,11.111111111111112,0.0
347935649,347935641,77.5,700,0.0,9.3,8.333333333333332,0.0
1838048190,4347911984,297.293,900,1141.0717063808156,36.0919275832264,8.237105078814519,94.62002457917602
1273943912,347935649,190.46,700,0.0,11.4276,16.666666666666668,0.0
3826958684,1273943912,278.485,700,0.0,25.06365,11.111111111111112,0.0
370967339,3261271967,34.476,900,690.5385261238108,2.120418029867424,16.25905812645611,4.8247002754205965
1273724851,1273657682,66.386,900,952.4866850286325,5.2135433988445685,12.733374390767043,13.71491382166674
1839133843,4344516896,23.145,700,641.5132656066746,3.026964430477932,7.646274190392649,4.3720643994235155
1839133843,2833197404,22.892,900,1776.3430569364536,2.881302144714918,7.945018901259653,11.641391995835358
1273770886,4344516912,4.828,700,1077.25941265728,0.6108251812591501,7.904061830011003,1.494577053834872
4344516912,4346465517,379.944,700,1077.25941265728,32.046308018272285,11.856092745016435,91.5631507052125
371264928,4344532845,48.574,700,0.0,2.91444,16.666666666666668,0.0
371264928,3826930084,54.111,700,0.0,4.8699900000000005,11.111111111111109,0.0
4344532846,371264928,109.65100000000001,700,0.0,6.57906,16.666666666666664,0.0
4344532845,3826930086,11.522,700,2.4846052631176176,2.073960000023808,5.555555555491781,0.010773432367120013
4344532845,4344516917,91.208,700,0.0,5.47248,16.666666666666668,0.0
3826930084,4344532845,36.34,700,2.4846052631176176,6.541200000075102,5.555555555491771,0.033979042893694
1813624318,3826930084,380.632,700,2.4846052631176176,34.25688000039332,11.111111110983538,0.21847671113151212
371265019,4381382032,33.203,700,0.0,2.98827,11.111111111111112,0.0
371265019,4344532851,193.145,700,1045.2964227210584,15.75707412747363,12.2576690594631,44.49177119825223
1151314377,371265019,491.741,700,1045.2964227210584,80.23401474040759,6.128834529731548,179.23035345888954
4170831287,4344532851,9.421,700,0.0,1.13052,8.333333333333332,0.0
4344532851,4344532849,51.18899999999999,700,0.0,3.0713399999999997,16.666666666666668,0.0
1151314377,371265022,9.804,700,589.168845322661,0.7315133029613461,13.402353669182764,1.2291069617218093
4170831287,371265022,690.011,700,941.9854718736996,198.53756001385398,3.47546831920293,344.9279538193075
377001762,377002826,52.997,700,60.43338617939744,3.815799334358556,13.888833074318073,0.6735282111909335
377001762,377001768,21.64,700,910.933032854905,1.567757098842912,13.803158675518976,4.153555524463365
377002204,377001762,20.082,700,60.43338617939744,1.4459098106041561,13.888833074318084,0.2552180979515127
377002826,4346131427,145.347,700,550.743958681642,10.522282943572218,13.813257140057102,16.862848724931506
377001768,377002209,24.365,700,24.90677325088003,1.754280203396226,13.888887278571689,0.12761770447328832
377001768,377001776,55.077,700,910.933032854905,3.9901736475494998,13.803158675518956,10.57141301390336
377002910,377001768,48.525,700,24.90677325088003,3.493800405081138,13.888887278571678,0.254161670821519
377002209,377002204,24.778,700,1796.2012737950515,2.407652320297794,10.29135302930088,10.728201498835126
1273548726,377002209,280.818,700,1771.2945005441716,26.719789439398195,10.509738508116207,118.4575754688502
377001776,1273781118,238.82899999999998,700,1140.6595324644643,21.63837986218975,11.037286595440658,63.155257444133106
377002910,377001776,87.704,700,229.7264996095596,6.319986712952946,13.877244365126401,4.238103870708711
1273548726,1273781118,17.428,700,2.4546154643179863,2.091360000022872,8.333333333242198,0.011833874894590915
377002220,1273548726,120.384,700,1773.7491160084894,11.47802336563896,10.488217018305264,50.91139473780166
3245719692,377002220,17.993,700,2569.0861700378928,3.878423362811862,4.639256294845298,19.965945290343733
5481378450,377002220,154.834,900,1337.4456894207692,12.567356937490638,12.320331217624839,45.53448156343481
386136182,386138237,16.332,700,1786.2867513593785,3.985784816054646,4.0975618990305485,13.805622532109961
4346167525,386136182,130.482,700,1477.9691328181812,19.08371077505801,6.837349482918024,61.790253048733526
4346167525,4346167526,14.114000000000003,700,0.0,1.69368,8.333333333333334,0.0
4346167526,4266808699,629.898,700,1490.222282877235,93.95035082613025,6.704583798369463,305.32944705218375
386138237,386138111,14.637,700,223.94736775509028,0.8783514607938421,16.664172205931415,0.6618853693140696
386138237,4343731021,199.399,700,1562.3393836042871,33.43976536321884,5.962930595778746,110.96812647874339
1838071866,1760085370,28.35,700,1133.6410606408178,2.5474098316333618,11.128951316727234,7.418340309151754
386837776,1838071866,54.821,700,922.1839172498844,6.008952599130426,9.123220577232264,13.140805551543417
1838071865,459322880,193.015,700,932.5311982722816,21.329216729365402,9.049324335209315,47.03970165863675
4266858689,1838071865,52.546,700,20.340081559110217,3.7833151215982976,13.888877429221766,0.22476024331776878
386837776,1760085370,53.102,700,0.0,3.823344,13.888888888888888,0.0
4328118508,4328118507,30.437,900,698.3263707482103,3.888526629524292,7.8273862827380345,6.15160792862894
5391032334,386849385,15.907000000000002,700,61.98031323981018,1.431636365316054,11.111061709087213,0.2277642251133927
3344322851,5391032334,8.941,900,2093.9026375923027,1.6734575221124999,5.34283056597294,7.261514142447067
4365805578,3344322851,91.06,900,2073.9430722781467,16.60814798470449,5.482850952668714,71.80005561162929
4365805571,392151198,4.834,900,2043.841705397471,0.84805151494467,5.700125422587551,3.6447422252637476
4365805571,4365805578,18.815,900,0.0,2.2577999999999996,8.333333333333336,0.0
8234720595,4365805571,6.098,900,0.0,0.73176,8.333333333333334,0.0
2761900771,386850385,1543.538,700,1148.3630746280662,141.13661234238432,10.936481855292941,412.9398375847804
440918129,3245299637,99.761,700,1761.5169471968811,35.023511559878706,2.848400847226339,105.84827326675241
3231006281,440918129,93.446,900,1168.1516365006908,10.136758339089102,9.218528929476003,28.179604876178335
386851762,3232462046,17.713,700,0.0,2.12556,8.333333333333334,0.0
386851762,386851764,131.051,700,1459.8869476173415,18.62381162245656,7.0367442850409265,59.968095571828485
1757027023,386851762,17.156,700,1459.8869476173415,2.438059321904178,7.036744285040934,7.85047536936223
3232462046,4365688776,17.244,700,1114.0391473550071,1.5147770151314282,11.383853747281636,4.383043225912904
386852147,3232462046,138.237,700,1114.0391473550071,12.143251579721843,11.383853747281623,35.13678650084218
386851764,386851765,13.146999999999998,700,1535.6652430588376,2.1105363057683997,6.229222384882627,6.951495051014368
386852147,386851764,19.646,700,1765.880541003061,4.63214333206857,4.241233181190599,16.01246074618439
386851765,386852148,19.405,700,1697.487020378728,4.076792804049972,4.759869076672885,13.955419761707285
386851765,4352758562,836.5250000000001,700,1397.905658140561,107.93668017198573,7.7501457212421725,340.9187379530249
386852148,386852147,13.08,700,1309.156680152009,1.4793437597172538,8.841758322960699,4.545782742411305
386852148,392151299,336.452,700,1910.2176755315943,101.16751984886054,3.3256918871060916,351.171467841229
4352758563,386852148,821.6609999999998,700,1521.8873353048757,128.97942615939144,6.370481126071997,423.13153639260474
4352758563,4352758562,16.985,700,0.0,2.0382,8.333333333333334,0.0
4352758562,4352758564,168.799,700,1397.905658140561,21.78010660333047,7.7501457212421725,68.7926147428142
386851778,386851779,15.693,900,3298.323043311348,4.04223836463669,3.8822549746915933,25.454463817274224
386851778,392151743,9.842,700,1208.8878664436136,0.97049305474215,10.141236922725756,2.892943570637996
391038859,386851778,16.235,700,1155.9422872150028,1.498089113985186,10.837139024935563,4.393603429973747
4361742969,386851778,84.509,900,3351.268622539957,18.999618156163123,4.447931495538338,126.22608113854879
386851779,391038860,16.295,700,2560.1947567358734,13.632979615523233,1.1952632850301963,37.22303637436893
386851779,5581400122,256.31,900,2418.2384390469097,32.198718193494166,7.960254767277914,177.19582288140322
392151744,386851779,9.785,700,1680.1101524714386,1.9965095821521779,4.901053362064038,6.81250388832036
392151743,392151744,15.479,700,1028.8382093520738,2.484507517496976,6.2302085588351765,5.482663704487729
392151743,4352768307,188.033,700,1521.8873353048757,29.51629496718093,6.370481126071997,96.83153050042615
4361742970,392151743,84.506,700,1341.837678213334,20.045454445664795,4.215718841848258,52.56762358466773
391038860,391038859,16.655,900,3304.4595105104377,3.5942490048128697,4.633791364398562,23.792297467816745
391038860,391038759,12.395,700,1896.0906305322192,3.6397647330217917,3.405439886690003,12.642412101430262
5581400123,391038860,182.574,900,2640.3553843067816,27.059333488015668,6.74717284078192,156.0389631355318
5581400121,5581400122,9.639,900,16.41026766307028,0.867510006936384,11.11111102226956,0.03654181365048548
5581400122,4170785949,158.915,900,2421.304093097061,20.00685173856164,7.94302882215615,110.1761982859895
386855615,386852147,343.213,700,1570.7630082060596,58.36145546941179,5.880816323710153,194.11369129766265
392151299,386854212,14.65,700,2027.56910051664,5.354748206106306,2.7358896135011204,18.325573280070437
386855615,392151299,9.879,700,117.35142498504509,0.7113286418124,13.88809534623717,0.24380137116853826
386854212,392151295,10.273,700,512.5916794686323,0.9438009226747921,10.884710698190103,1.2298985964387008
386854212,3232454758,390.215,700,1514.9774210480082,72.68524792610779,5.368558423253844,228.4463132368884
392151295,386855615,14.773,700,1220.020955100756,1.77363331064574,8.329230124022356,4.987508460899848
392151295,392151115,454.833,700,569.3320025021446,42.23074911873815,10.770185457074609,60.83053350079384
3232454759,392151295,390.057,700,1276.7612781342675,50.56809997061271,7.7134992263240845,145.69674691566473
3232454759,3232454758,15.14,700,0.0,1.8168000000000002,8.333333333333332,0.0
3232454758,386854218,117.46200000000002,700,1514.9774210480082,21.879616600839217,5.368558423253844,68.76660519311505
3232454755,386854218,15.860999999999999,700,0.0,1.90332,8.333333333333334,0.0
386854218,4348865422,327.637,700,1514.9774210480082,61.02885992277638,5.368558423253843,191.8108343605305
3232454755,3232454759,117.291,700,1276.7612781342675,15.20593916697594,7.7134992263240845,43.81133306794963
4348865421,3232454755,328.197,700,1276.7612781342675,42.548393455456974,7.713499226324083,122.59037845104818
4348865421,4348865422,16.672,700,659.3487282900687,2.114560990940898,7.884378871749452,3.1646417042561956
4348865422,3069173397,343.922,700,1352.5511920293322,29.694308034346793,11.582085011113664,105.22973230379476
392151145,386855615,447.414,700,468.0934780903493,40.849707190064734,10.952685607225547,48.751461187886285
386855623,4348865421,304.56,700,2025.641362931736,43.90007082311788,6.937574229142656,195.47909156339645
4267524459,386855623,131.504,700,827.6282191070998,9.00557540534844,14.602509454520735,22.560189130571658
3725508817,386855623,68.673,700,1198.0131438246362,5.550597370537992,12.37218184199584,18.05775768535853
387411230,4083545312,39.064,900,346.70740247268986,4.695148040277192,8.320078443723308,3.7508203711089387
4083545312,4083557589,81.792,700,1122.7741810023035,6.445981519160388,12.688835634554177,19.94667384172933
387411478,387411592,442.852,900,2712.9978621031405,69.50545856711616,6.371470804301957,406.4957344957965
387411592,4354536479,187.08,900,340.49720134797485,17.236445727340133,10.853745775630365,14.900875660863568
4354536479,411306535,178.215,2000,4160.779410647118,37.02748016813681,4.813046936781808,311.5265986022831
8483202821,3052911414,608.834,900,1521.3224952022454,58.10408265697464,10.478334260852792,220.95702496200167
390682772,390682443,387.127,700,0.0,34.84143,11.11111111111111,0.0
390682772,1273492713,13.073,700,0.0,0.941256,13.88888888888889,0.0
1273492713,390683813,384.796,700,0.0,34.63164,11.111111111111112,0.0
390683813,1273736579,149.222,900,2100.2499658319443,28.16053019960993,5.2989769348187545,122.33458763593514
4328118507,1273736579,6.277,900,710.5484383567917,0.818960354938122,7.664595681770541,1.3109912025227182
1273736579,1837869142,184.103,900,1555.5042030729255,18.176238756266557,10.128773200480076,69.68203642911222
391007955,5667542274,65.234,700,0.0,5.87106,11.11111111111111,0.0
391007955,5667542274,36.133,700,732.2885798207059,4.7116143541581,7.668921368344135,7.774256799433804
5667542274,391012553,194.748,700,732.2885798207059,19.045833564406117,10.225228491125511,34.506749289720474
391009546,1151314377,899.0049999999999,700,1634.4652680437189,115.27546047830621,7.798754359946232,426.4168190024314
391009550,391009546,30.914,700,0.0,3.70968,8.333333333333334,0.0
391009550,391009546,31.024,700,1634.4652680437189,11.727780500312077,2.6453428250276727,31.9018729423348
391012553,391009550,213.821,700,1634.4652680437189,80.82922106618196,2.645342825027672,219.87140195986902
4069153831,4069147651,418.702,700,193.5651435248212,25.132745246548584,16.65962058233568,16.365647490673265
4069153831,4069153832,14.125,700,0.493077905236884,2.5425000000000417,5.555555555555465,0.0026210349777023778
391031630,3401227674,15.026,700,1884.5839282686916,4.327901782085329,3.471890249958484,15.03788734614874
391031630,5577540442,306.698,700,1351.9919520164674,36.92579308917774,8.305793169000003,114.97449499123175
391031653,391031630,45.2,700,1920.8113664443435,13.834506494793319,3.2671927991801684,47.99181310340926
3401227674,3401227675,43.237,700,1873.5065286741535,12.22367618282365,3.537151946216913,42.48109161056106
4353259373,3401227674,305.342,700,1167.265512418887,28.56737351995086,10.68848698277269,84.07886341760707
5577540442,4353259373,19.547,700,0.0,2.34564,8.333333333333334,0.0
5577540442,4353259378,19.299,700,1351.9919520164674,2.3235589434167823,8.305793169000014,7.23478072512954
4354448464,4354035769,678.885,700,1389.9999048407356,86.54524855148185,7.844278124594696,272.6798840866715
391031653,4354448464,431.239,700,1334.9357134676002,50.63058676352311,8.517361294155233,156.817044942337
3401227675,391031653,18.32,700,1822.628440365121,4.753829920526508,3.8537348424890596,16.505986385063828
3811321992,391031653,241.43599999999998,700,1433.1186395468233,32.89625251243264,7.339316230891436,105.05052699934795
391036734,392152315,16.537,700,1406.6484802349323,3.24388999575774,5.097891735424623,9.354070087057597
391036734,391038862,1577.942,700,463.01903999857626,143.98132125162047,10.959352131811617,170.01760688825692
391036735,391036734,16.459,700,685.7276480058149,1.57998944776848,10.417158179914491,2.7014708620623376
4808012581,391036734,883.445,700,1183.9398722276949,126.57685609671218,6.97951448031697,329.89402790337175
392152315,391037982,15.648999999999997,700,1755.8693004125662,5.441816163500994,2.8756943508970374,16.4556578801647
392152315,391038295,816.9440000000001,700,729.1486217495634,79.7863845050501,10.239140488290849,144.01556812236242
391038863,392152315,1578.888,700,1143.0376285629168,215.18185846506816,7.337458702431975,548.0354258793242
391038862,4361842493,17.153,700,452.0430205178755,1.5631911876551339,10.973065953455361,1.8031570228307907
391038862,1416252291,280.266,700,1527.0312333493907,44.36379421124194,6.317448833737933,145.75834269232814
391038863,391038862,21.059,700,1516.0552138686903,3.27459145731993,6.431031252135378,10.724332950511922
391036735,1273958204,872.208,700,1250.0249013009388,136.24331611413126,6.401840654475482,367.5246383598666
391037982,391036735,16.285,700,947.8880983197764,1.822127947282536,8.937352628989053,4.068061554246743
1273958204,1273501112,13.995,700,724.7304434745105,1.364237673101238,10.258476419424793,2.4494525364389017
1273958204,6302766844,472.28400000000005,700,523.2883178121101,43.46580933420523,10.86564376079242,57.77726591186683
4808012581,1273958204,26.976,700,924.2788798812552,2.961674078651466,9.108362123452467,6.487961899773457
391036814,391036861,21.71,700,1810.6649211136053,5.520900749745612,3.9323293397368784,19.15711913082853
391036814,391038145,703.448,900,1624.3650987261065,81.38680684651467,8.643268205946633,308.1030002694869
5485516635,391036814,150.683,700,1246.386545619095,15.614540016845297,9.650172200874312,47.07553180756119
391038143,391036861,706.193,900,2127.8808522033605,61.29044533759776,11.522073238498658,340.800828145874
391038145,391038294,759.913,700,1278.9257728098723,79.28139118624725,9.585010916556927,244.65054626508012
391038145,391038146,51.266,900,2228.7858415069595,12.484921290809424,4.1062333358672145,53.988594625764286
391038143,391038145,16.538,700,1883.346515590723,2.602856960806662,6.353787491601015,10.56079831278802
391037982,5485516635,612.757,700,1620.1750859948454,113.0894765738353,5.418337926428861,380.91416469993493
391038294,391037982,816.374,700,812.1938839020572,83.10628488272859,9.823252250440346,164.36621218971885
419481943,5485516635,27.42,700,628.4996812460522,3.4450831680950462,7.959169245589461,4.927247818753197
391038147,391038143,51.799,900,4144.338964805457,23.075495633147813,2.2447621851116835,147.72329833758076
391038294,391038295,16.798,700,1579.716758923974,4.348374310474614,3.863052902215895,13.095361296648605
391038492,391038294,37.728,700,1112.98487001616,4.965295150241202,7.598339848572197,12.422330655627851
391038146,391038147,16.586,700,1234.0257794266677,1.698750890204262,9.763644625967293,5.092930127533997
391038492,391038146,759.025,700,1963.858315938396,128.78340682209972,5.89381053607714,535.800142929342
391038147,1273580020,558.612,700,607.3846260374611,50.68228868190036,11.02183848693264,78.71594503269996
391038295,4351744830,25.291,700,648.0947982586616,2.397176459740194,10.55032886596135,3.8949532811349377
391038295,391038491,37.625,700,1660.7705824148757,11.147500606477475,3.375196048712233,33.8123816586242
4351744830,4361829640,1018.763,700,648.0947982586616,96.56220322068344,10.550328865961324,156.8951124727721
4351744822,4351744830,54.22999999999999,700,0.0,6.5076,8.333333333333332,0.0
391038491,391038492,15.67,700,1449.762830321586,1.78107327937284,8.798065852471716,6.051219172817995
391038491,4357999837,618.051,700,2201.7204514046616,133.41473975763455,4.6325541025134935,588.3892247437981
4351744822,391038491,31.625,700,1069.4198504412054,3.067801700031816,10.308684554047943,8.144374468539587
391038353,4361825290,54.499,700,1135.897364461262,7.365059646600714,7.399668517980516,18.679673895317247
4361829638,391038353,21.325,700,0.0,2.559,8.333333333333332,0.0
4361829640,391038353,109.531,700,1135.897364461262,14.802149546814132,7.39966851798051,37.542034925925066
4361825290,391038354,14.392000000000001,700,1135.897364461262,1.9449519887314861,7.399668517980531,4.932895405446061
4361829609,4361825290,21.589,700,0.0,1.9430100000000001,11.111111111111109,0.0
4361829638,4361829639,109.725,700,1635.917396154717,31.18447703077473,3.518577524699764,94.47038600857266
4361829609,4361829638,53.898,700,1635.917396154717,15.318122059737492,3.5185775246997646,46.40478345946731
391038354,391038357,106.89199999999998,700,1135.897364461262,14.4455119496586,7.39966851798051,36.637510817047065
391038354,4361825298,21.701,700,0.0,1.9530899999999998,11.111111111111112,0.0
391038357,391038368,413.416,700,190.03672805511383,37.22206022587836,11.106746845586361,18.153343945793253
391038357,1273878060,118.867,700,945.860636406148,13.277832943921615,8.95228916510924,29.596599623312663
4361825298,4361829609,16.482,700,1635.917396154717,4.68427933853934,3.518577524699764,14.19057554972244
391038425,4361825298,102.174,700,1635.917396154717,29.03843933599797,3.518577524699764,87.96917038086038
391038368,4361820076,12.576000000000002,700,0.0,1.13184,11.111111111111112,0.0
391038368,4361820073,458.06499999999994,700,190.03672805511383,41.24204921281947,11.10674684558636,20.113908253501993
1621906845,391038368,20.559,700,0.0,1.8503100000000001,11.11111111111111,0.0
1273878060,1623019864,259.223,700,945.860636406148,24.441376176777414,10.605908526799594,58.091473966425575
1621906845,1273878060,296.211,700,0.0,26.65899,11.111111111111112,0.0
4361820076,4361820077,20.746,700,309.8240074196027,1.872323358722436,11.080350999923356,1.4870434915131499
4361820072,4361820076,457.851,700,309.8240074196027,41.32098342400593,11.080350999923343,32.81810226707734
4361820072,4361820073,12.477,700,0.0,1.4972400000000001,8.333333333333332,0.0
4361820073,391038847,159.881,700,190.03672805511383,9.596629401496566,16.660120268379544,6.1352691141033295
391038423,391038425,65.574,700,1635.917396154717,18.636508515069696,3.5185775246997637,56.457517358178585
4361820078,391038423,312.532,700,434.0810148872956,28.42876066662277,10.99351476010465,31.51721187649325
6577207946,391038423,415.101,900,1201.8363812674204,52.07544860805052,7.971145925679614,142.4807361500307
391038425,4361842498,105.084,700,0.0,9.457559999999999,11.111111111111112,0.0
471608390,391038492,615.463,700,1627.0803556329683,172.35630785234983,3.570875981674198,521.7995482465982
4357999837,411307544,37.742,700,2406.1239858727376,10.172391683084232,3.7102385727794505,46.09401455936745
4357999837,2990124469,106.934,900,2691.434012721098,43.535209071434736,2.4562647631836882,188.77486451963276
471608390,4357999837,13.444,900,2670.3179640226617,5.328612333129978,2.5229833133879187,23.20028471114211
391038654,1273449547,13.668999999999999,700,199.77007193279323,1.2308003031105779,11.105782120344463,0.6309845799003175
391038654,391038657,133.094,2000,1055.9145718929576,12.014799190934545,11.077505157175047,32.517726354490065
1623019864,391038654,10.434,700,945.860636406148,1.16551194980001,8.952289165109262,2.597953346762711
4361820077,391038654,88.747,700,309.8240074196027,8.009403312279,11.080350999923349,6.361257531153843
1273449547,4361820078,10.213,700,434.0810148872956,0.7432018038171241,13.741893450130888,0.9354506891921478
391038719,1273449547,105.524,2000,234.31094295450265,12.66297314550726,8.333272035520286,6.839778517890498
391038657,391038660,60.147,2000,3520.9598811102337,7.443528623353878,8.080441823154993,59.889118515261266
391038719,391038657,129.793,2000,2465.045309217275,8.489295839958192,15.289018364642033,65.59335948965123
391038660,391038692,43.038,2000,789.0893653140782,5.169446492341092,8.325456132250116,9.400816264049872
391038660,4352762909,428.292,900,1541.6784393778516,41.70277673537575,10.270107497103117,159.3546528694586
6577207946,391038692,202.42500000000004,2000,420.12973752165567,12.16027502436339,16.646416268911427,17.174967434028645
4352762909,4352887161,204.331,900,1541.6784393778516,19.895702168417955,10.270107497103117,76.02545827489035
4352762901,4352762909,250.23,900,0.0,22.520699999999998,11.111111111111112,0.0
391038744,4170785937,740.935,700,1324.290774457206,85.65056717106057,8.650672429526486,264.4151644507149
391038847,391038744,34.967,700,573.7635203344772,2.166523927087182,16.139678663513283,4.070770667530722
1621894039,391038744,145.885,700,1164.7016470572444,27.21185297497071,5.3610829124420185,65.73045509622474
4170785937,1273797290,56.292,700,36.73397163483863,5.066282779296294,11.111105015701265,0.4777020903921664
4170785937,391038754,17.583,700,1287.5568028223677,2.892783427621602,6.078228958348412,7.944991847293648
391038754,1623162607,155.253,700,1140.5151045899786,21.09573467206252,7.359449785155124,53.64883878995394
391038754,4170785941,44.39,700,147.04169823238908,3.995662683018804,11.109546406070109,1.5079958063544754
1623162607,5581400124,60.94700000000001,700,1434.194308648531,12.477222220157406,4.884660938517061,36.31397871426083
4352893209,1623162607,22.9,900,293.67920405855284,2.062690312513944,11.102005890593523,1.5543100822878777
4170785941,4170785949,19.643,700,422.1967262253997,1.784793254534298,11.005756521152588,1.9255200166026005
4170785941,4352893209,117.21899999999998,900,2703.8617456044203,18.2640231912253,6.418027330162189,106.63032886213001
1273797290,4170785941,8.281,900,2979.016773597433,1.6189084993476,5.115174825097985,9.894359956150053
391038759,1416252291,17.016,700,1384.7707552862807,2.5824512866920357,6.589088470976143,7.767836974965049
391038759,4361842493,280.335,700,1715.3413411335555,60.69386519566236,4.618835842737444,208.3871178720138
5581400124,391038759,210.27400000000003,700,1204.0214658876164,30.906930504992193,6.803457883533139,81.42910702938933
1416252291,391038859,12.376,700,1237.7648221209304,1.2676795758314279,9.76271940950299,3.8119382091399583
1416252291,4365330945,244.015,700,1674.0371665147425,59.13941445010754,4.126097667163431,192.34216596260646
4361842493,391038872,20.924,700,1620.975647626924,3.866855863755444,5.411114542986575,13.027046280182708
4361842493,4361756351,398.327,700,546.4087140245075,36.81220950506209,10.820513230677598,50.99799486841856
391038829,391038889,21.389,700,967.156897882269,3.243282465109236,6.594861912306366,6.814885542583346
391038829,1621885370,299.318,700,909.4910546138218,43.32242447467806,6.909077772758338,86.52932498818883
1673695381,391038829,35.417,700,909.4910546138218,5.126154483257514,6.90907777275834,10.238639517525463
391038886,391038829,86.735,700,967.156897882269,13.151905400497913,6.594861912306359,27.635190870819887
391038889,391038850,35.455,700,936.173474605157,5.239196250320472,6.767259385985262,10.71946741145226
391038889,1621894039,142.376,700,576.4237588457427,17.653396426427967,8.06507691555923,23.240659671298634
4361756351,391038889,299.312,700,545.4403355686302,36.875226020728114,8.116885841777682,46.018810249202026
4361756351,1621885370,23.384,700,0.9683784558770612,2.8060800000007378,8.333333333331142,0.006264117242923516
1273471859,1621885370,94.046,700,0.0,11.28552,8.333333333333334,0.0
391038834,1673695549,293.367,2000,9486.875658760398,29.51158250075417,9.940741063021713,684.9041232084227
391038834,391038846,167.91,2000,582.5871308438461,10.077432242879418,16.661982532171628,19.75286117743483
1673695577,1673695549,56.579,2000,313.6123113024258,3.39602220671454,16.660373977570952,3.582998946498746
391038846,391038847,9.719,700,389.7699513123417,0.8807923530580141,11.034382810269301,0.8783282182072203
391038846,4361820072,160.684,700,309.8240074196027,9.667804446574639,16.620526499885017,10.05610270559071
391038847,1621894062,144.999,700,6.043159032977483,13.0499100052437,11.111111106646458,0.20242841855316265
1621894039,1621894062,34.054,700,465.9440094750947,4.144510781936664,8.216651323099493,4.433624027839773
1621894062,391038850,141.9,700,1600.7780289756734,38.036242977844424,3.7306523697057763,114.85934937082403
391038850,1673695381,21.632,700,1597.136022761799,5.763517552106454,3.7532634896017494,17.39686661727969
391038850,1673695327,33.902,2000,939.815480819032,2.4455911568158797,13.862496969501583,6.7043095498866
1673695381,4352832972,604.219,700,1459.4423851078468,85.80586731654859,7.041697950222455,276.2544085345948
2972496838,1673695381,36.983,2000,771.7974169598706,2.665081722569208,13.876872775348678,6.00413163550255
1673695327,1673695318,57.127,2000,948.885146072562,4.1212814370286805,13.861465389557779,11.406473090968609
2972496838,1673695327,21.75,2000,9.069665253530392,1.566000000025854,13.888888888659588,0.041483706177951614
391038859,4365330946,244.028,900,3386.2820454163643,56.5706914727302,4.3136824678488015,376.71034371951015
4365330945,4365330946,11.739,900,491.5784455387335,1.0633120712519701,11.040032665272209,1.337621342297616
4365330946,5712464586,164.458,900,3403.1062332474426,38.69049990340466,4.2506041640864956,257.9016686227704
391038872,391038863,16.827,700,1233.8752772953578,2.571998164694304,6.542384139686966,6.882220227543604
4352832972,391038863,79.448,700,1425.2175651362488,10.692489103139964,7.430262423804503,34.06138409953135
391038872,4352832978,36.837,700,1297.559803401263,4.097859915434298,8.989326321589488,12.547522896972854
1273471859,391038872,260.938,700,910.4594330696988,28.346211759530668,9.205392318861318,61.387583545822984
4352832978,391038875,411.622,700,967.156897882269,31.207780047061465,13.189723824612718,85.19559162070215
4352832972,4352832978,90.225,700,34.22481997159779,10.827004475555436,8.333329888585952,0.8542090077715909
391038875,391038886,126.363,700,0.0,15.16356,8.333333333333334,0.0
391038875,391038886,116.96000000000001,700,967.156897882269,17.735018800279423,6.594861912306359,37.26537066064557
1673695318,1673695577,463.465,2000,13.927518169829934,27.80790004085472,16.666666642180388,1.3033664192613834
392148806,4170786730,20.636,700,1940.810210601644,7.837117987240782,2.6331107983312787,25.26432778502942
4365330945,392148806,168.685,700,1657.2129786836658,39.744512792045455,4.244233685354446,128.95954540045963
5712464586,392148806,13.469,900,283.59723191797855,1.213074533944242,11.103192444578259,0.8827586801094507
4170786730,4365362201,26.073,900,314.6843761484073,2.349107058464778,11.09911100307178,1.8965074947114104
4170786730,4351664991,152.466,700,1626.1258344532362,34.103322747697305,4.470708063491986,110.08298059258527
392149728,392149765,13.567,700,1011.8940981814357,1.0711480414828198,12.665849606762878,2.984032808952144
392149728,1273485290,220.49200000000002,700,1304.902147913462,24.786117454460914,8.895786135327809,76.06466054327866
392151115,392149728,915.903,700,1012.1224354700124,72.32846951960768,12.663104944474263,201.51402493645347
4361881650,392149728,12.281,700,1304.6738106248852,1.38009086445225,8.898689438737975,4.23498425316614
392149765,1273472954,13.291,700,2.165047018029686,0.797460000005274,16.666666666556445,0.005810330565160428
392149765,4363690263,58.325,700,2606.326481725196,52.15090419405252,1.118389046198965,138.4446600049461
1273960748,392149765,222.36500000000004,700,1596.5974305617904,39.46191969590838,5.634926068309241,132.14567186139087
1273960748,1273485290,16.96,700,0.0,2.0352,8.333333333333334,0.0
1273485290,392149731,150.795,700,1304.902147913462,16.951284316643843,8.895786135327807,52.02080114754143
1273504505,392149731,16.461,700,0.0,1.97532,8.333333333333332,0.0
392149731,4365473914,180.709,700,1304.902147913462,20.314000050242996,8.895786135327807,62.3404420210953
1273504505,1273960748,152.809,700,1596.5974305617904,27.118190753095423,5.634926068309241,90.81037020874363
4365473913,1273504505,183.292,700,1596.5974305617904,32.52784469184646,5.634926068309241,108.9256154827336
4365473914,4365473913,24.164,700,0.0,4.34952,5.555555555555556,0.0
4365473914,4365473912,10.125,700,1304.902147913462,1.138179340866864,8.895786135327816,3.492891751177804
392149759,4267524470,118.317,700,1460.0214575520652,16.817748919355086,7.035245951604867,54.15487250230264
4267524459,392149759,23.173,700,0.0,2.78076,8.333333333333332,0.0
3725508815,392149759,143.521,700,1460.0214575520652,20.40028180781089,7.035245951604867,65.69099500835026
4267524469,4267524470,23.027,700,477.2739288063621,2.806437992840916,8.20506280870653,3.073976626888391
4267524470,4365473915,175.751,700,1937.2953863584264,55.2964518047418,3.1783413630335127,191.584948347783
4267524469,4267524459,118.956,700,827.6282191070998,8.146271048170613,14.602509454520746,20.407515043012246
1273472954,4361881650,7.497999999999999,700,1537.0386478157243,1.206381776138292,6.215279564319676,3.975033996295125
1273488172,1273472954,59.118,700,1534.8736007976945,9.478184340319835,6.237270544371487,31.211310260475184
4363690263,4363690262,28.541,700,2775.320579829183,7.758654849247578,3.678601581660494,40.44354103460011
4363690263,4352914984,565.829,900,2704.559278653773,73.50950222524003,7.697358611764867,448.4000556248492
1273488172,4363690263,13.699,900,2873.5533767577595,2.042469811380816,6.707075876308185,12.800628987805997
392150169,3245719692,262.174,700,1862.8489779640024,27.00398598332838,9.708714860163976,121.95432069083103
392150171,392150169,14.608000000000002,700,1024.5662215019013,0.93395926736757,15.640939075612662,3.0540504031198434
392150171,4365495092,602.211,700,1160.5693555332994,67.05871970117072,8.980353378107912,183.5936836353379
4363690262,392150171,566.634,700,2185.1355770352,80.12730248048678,7.07167198269268,386.6380576245708
392151088,411309883,12.356,700,284.9139569785775,0.742831831733706,16.63364367566499,0.7110269163083198
392151088,4365805803,14.194999999999999,700,339.3259141687512,1.2826529361260461,11.06690640951767,1.1150753796287665
392151115,392151088,25.193999999999996,700,213.63549674982116,2.268883008219522,11.10414239461852,1.2438148039482233
4361881650,392151088,918.972,700,410.6043743975076,55.61051559539808,16.52514798974544,76.28202674369822
411309883,392151145,25.339,700,1124.5194078080392,3.379196824938258,7.498527405388105,8.513021751222526
4365805790,411309883,13.346,700,839.6054508294602,1.3809727321415581,9.66420240557795,2.806129478010676
4365805803,4353081541,420.324,700,339.3259141687512,37.98026155154949,11.066906409517655,33.01817145946334
4365805790,4365805803,17.521,700,0.0,2.1025199999999997,8.333333333333334,0.0
392151145,392151115,12.587999999999997,700,656.425929717689,0.957035801297694,13.153112958711976,1.7701313327124313
392151199,4365805578,14.069,900,2073.9430722781467,2.5660008126159357,5.4828509526687235,11.093289945091255
392151199,392151198,13.945,700,123.52537040090034,1.255138035898728,11.110331773202008,0.39795419353621103
4353081541,392151199,37.99,700,339.3259141687512,3.432756959734308,11.066906409517669,2.984270072004007
4353081545,4365805790,415.225,700,839.6054508294602,42.965263202718404,9.664202405577928,87.30519350419466
4353081541,4353081545,18.594,700,0.0,2.23128,8.333333333333334,0.0
392151332,1273511155,30.340000000000003,700,1441.5248815950094,6.282991094038482,4.828910234933746,18.328714805543036
392151336,392151332,67.524,900,551.4308110592016,7.068404988359473,9.552933103182568,9.393135619869058
1841059661,1273511155,10.523,900,141.70405910418785,0.947743639372536,11.103213530366572,0.3446085790416217
1273511155,4351664989,362.115,700,1148.1585810188722,49.6539492624705,7.292773392220268,126.83627878309663
4352914984,392151336,302.434,900,1716.8451104900694,21.57954376998648,14.014846802305197,108.88808232197657
392151744,5581400121,256.484,700,746.6337150211956,33.659761823556934,7.619899431982863,56.53329654240192
4352768308,392151744,187.968,700,1397.905658140561,24.253479451980294,7.750145721242171,76.60477969642771
4352768307,4352768308,18.153,700,0.0,2.17836,8.333333333333332,0.0
4352768307,4352758565,188.139,700,1521.8873353048757,29.53293421277357,6.370481126071998,96.88611741991926
5581400121,4170785936,146.845,700,743.5680609710437,19.244321195312075,7.63056272599376,32.200736391892136
392151758,4040270645,23.6,900,877.3948133064329,2.262781315730532,10.429642421004708,4.952827293739811
392151758,3975072373,25.094,900,0.0,2.25846,11.111111111111112,0.0
4170733726,392151758,27.117,900,877.3948133064329,2.59999326011292,10.429642421004694,5.690924479845024
3975072376,392151758,32.241,900,0.0,2.9016900000000003,11.111111111111109,0.0
4170733726,4040270645,44.075,900,2196.1412779663665,4.7810707778981465,9.218646208658773,24.987564207859897
392151795,3725508815,33.26,700,1540.2705620384727,8.069462138087989,4.12171213283377,24.140453248270962
392151795,4042528361,228.68,700,1064.5864969670092,22.154471172330144,10.322069898270025,58.58138781501617
1273501112,392151795,385.908,700,495.2224705986435,35.361083823867226,10.91335327622307,44.57267595109631
4042528366,392151795,59.107,700,2109.634588406839,11.590379530757124,5.0996604419336835,50.12900173906475
3725508815,3725508817,7.2829999999999995,700,1598.2642163494422,0.910010095338552,8.003207917479749,3.3147436330619797
4351664989,3725508815,221.84500000000003,700,1518.0151118630354,26.275704991424448,8.442970419724347,92.30231652607718
4042528361,4042528362,47.726,900,393.0568274061638,4.476196925464842,10.662176127348054,4.431354905943767
4042528361,4351474149,292.662,700,671.5296695608455,27.95335796882361,10.469654498268365,46.90560685355322
392152327,392152328,14.552000000000001,700,973.0970031596916,1.10898993725019,13.121850353378855,3.0361441876563635
392152327,791160212,405.938,700,582.7719954067634,27.493841502294636,14.764688301782797,48.89830339722194
2990124459,392152327,163.944,700,1555.8689985664544,27.203168032188454,6.026651006456726,90.11136149935896
2383679238,392152327,14.027,700,0.0,0.91813092,15.277777596249562,0.0
392152328,2383679236,14.058000000000002,700,274.4301320644793,0.9217324058232,15.251715043526962,0.7913539501139965
392152328,1841300534,278.834,700,1209.6292055955494,27.521498629177344,10.131497697744912,82.05728486999303
791159781,392152328,406.42900000000003,700,510.9623345003373,27.14895434700078,14.970337155725456,42.77981074531689
791160212,791159958,16.329,700,656.894201050867,1.128766418343612,14.466234762690496,2.2290082567399234
791160212,5599156589,124.08600000000001,700,303.7357440684599,8.957101362783149,13.853365611734466,7.932223928322323
791159781,791160212,15.387,700,377.8579497125643,1.114668164738004,13.804108242040467,1.2250372739821316
2383679236,2383679238,14.871,700,1534.236767691569,2.381741399279826,6.243750897766058,7.841553388004843
392152679,2383679236,231.685,700,1259.80663562709,24.45076935828193,9.475570956687463,74.0147645417382
1841300534,4356640290,174.369,700,1477.0162384948242,16.110487592444706,10.823322323389727,60.337706767054534
1841300534,495672279,20.4,700,1292.1248999833597,2.251953608185362,9.058801178607958,6.8840037880170835
1841300535,1841300534,17.472,700,1559.511932882634,1.70081600855424,10.272716103402557,6.575029079319288
392152337,392152338,12.910000000000002,700,1387.850403933151,1.64040927128361,7.8699872196515965,5.165004752978697
392152337,392154267,442.292,700,1039.470301521672,43.046210754816016,10.274818439170428,110.92653891664042
392152670,392152337,16.844,700,1139.3975361521314,1.8285868069011841,9.21148503118903,4.956942897835058
495672279,392152337,476.6689999999999,700,1287.9231693026904,52.30853193555451,9.112643432380567,159.69780223693192
392152338,392152669,16.371,700,1195.6066652622162,1.904375250213048,8.596520038878118,5.29758042979776
392152338,4356151451,105.989,700,1394.103689548581,13.596471537040571,7.795331289537619,42.89359743638131
392154290,392152338,443.403,700,1201.8599508776458,51.99378309011507,8.528000342492845,145.04020436762235
392154267,392154268,10.226,700,1657.9045894633946,2.412181391719572,4.239316344576472,7.827643521902427
392154267,495672287,542.304,700,26.2558636394855,39.0458935905515,13.888886900291842,2.9943058957700894
392154290,392154267,13.569000000000003,700,644.6901515812091,1.0278142112244542,13.20180228276373,1.8714397758669714
392152669,392152670,12.974000000000002,700,1095.2539736954614,1.115928212574168,11.62619589128607,3.208569695390547
392152669,4356680114,163.785,700,1360.3689118232137,23.960193020231305,6.835712878510812,71.40268807677019
4356151452,392152669,106.05899999999998,700,1260.0162202564593,11.196102022016623,9.472850443077405,33.89379407542382
4356151452,4356151451,16.09,700,0.0,1.9308,8.333333333333332,0.0
4356151451,392152390,307.456,700,1394.103689548581,39.441043437454326,7.795331289537618,124.42700557039002
392152390,392152391,10.936,700,1301.792199610112,1.22390135033271,8.93536067839709,3.7523921268699634
392152390,1047203610,463.401,700,785.2624696436133,37.187155925775464,12.461318658650196,79.62853953533333
392152666,392152390,15.939000000000002,700,692.9509797051443,1.2273299172013619,12.986728162175947,2.3773365873654257
392152391,4358005275,15.794,700,1056.998036539253,1.564824883932474,10.093142154225577,4.070704114105683
392152391,4356231840,210.688,700,1397.7126897013145,27.17700835137548,7.752435340784544,85.83359346228349
1047203562,392152391,463.806,700,1152.9185266304555,51.17017134748766,9.063991536209148,139.5967597617257
1047203610,1047203602,9.32,700,161.70197550785764,0.6711782241176759,13.886028576466375,0.31694671184612244
1047203610,392154290,303.672,700,1213.551852633581,36.15150462216204,8.399982329195762,101.37053490878344
1047203562,1047203610,7.609,700,589.9913584978242,0.567847392231948,13.399726940881962,0.9553213929415305
4358005275,392152666,10.899,700,1262.5125452076502,1.15449848420499,9.44046280624202,3.497634315040521
4358005275,3417612006,1024.828,700,916.3182723278824,89.46028571899028,11.455675462731655,213.58409583429247
4356231839,4358005275,210.80500000000004,700,1121.83278099628,22.420652120070937,9.40226889347646,60.26930791587231
4356231839,4356231840,14.903,700,0.0,1.78836,8.333333333333334,0.0
4356231840,392152394,165.807,700,1397.7126897013145,21.387730785410252,7.752435340784542,67.54922269517402
392152394,4357611427,15.007,700,1535.9378150910102,2.410200387644604,6.226453234731143,7.939121442033706
392152394,526021471,444.7989999999999,900,1522.8845850136995,51.01708181213351,8.71862882392878,181.55528783412018
392152664,392152394,12.698,900,1661.1097104033956,1.68171878323971,7.550608417144643,6.2693038432666
4357611427,4357611428,12.746,900,1365.371780767044,1.2693585318268321,10.041292259371547,4.256684655875657
4357611427,4267524453,29.375,700,1505.8567124179003,4.492972690453374,6.53798765846401,14.67025702834032
4267524449,4357611427,31.189999999999998,900,1335.2906780939334,3.032811652494234,10.284186284482532,10.043238908605439
526021471,526021972,10.887,900,1522.8845850136995,1.248705526965432,8.718628823928787,4.443787910157319
526021471,1047203562,492.472,700,730.6711227091952,38.502904297434355,12.790515650343185,77.90938254566976
1658531369,526021471,9.097,700,730.6711227091952,0.8890376518709701,10.232412520274549,1.6076416336390587
6292309915,392152402,498.007,700,1545.7529572236067,81.2754538675402,6.127397342026953,268.4666564598716
6292309914,4267524454,34.406,700,1741.7186515810238,7.787990122228632,4.417827893977129,26.842978242681518
6292309915,6292309914,14.362,700,0.0,1.72344,8.333333333333332,0.0
392152664,4356231839,165.777,700,1121.83278099628,17.631595296643813,9.40226889347646,47.3957688782029
3743408630,392152664,988.89,900,1009.0950221943884,79.33971581484728,12.4639972533774,218.34227075320888
4357611428,392152664,14.292,700,1773.8474692052882,4.098503304386658,3.487126626127925,13.423376389355356
392152666,4356151452,308.259,700,1260.0162202564593,32.54131392154199,9.472850443077405,98.51183839085863
392152670,1841300533,477.335,700,1213.9329580185397,47.378282099964046,10.074974837476478,141.44584447767315
4356680115,392152670,162.659,700,1258.07652047521,20.550647539458108,7.915030399294613,58.74574623569083
4356680115,4356680114,14.405000000000001,700,0.0,1.7286,8.333333333333334,0.0
4356680114,4356685703,225.223,700,1360.3689118232137,32.947990063776025,6.835712878510811,98.18681574450898
1841300533,4356640175,81.779,700,2112.1556224553096,12.862169610159535,6.358103063374675,58.53594647659266
1841300533,1841300535,19.939,700,776.9029541950075,1.3276494039728999,15.018272098291845,3.1886535512682954
495672279,1841300533,18.417,700,1675.1256186317785,1.947393576431136,9.457256213072071,7.832890574216911
1841300535,392152679,39.954,700,797.5989285829338,2.68953667703793,14.855346774449856,6.576873581061725
2840658985,392152679,45.358,700,462.2077070441557,6.640466753708574,6.830543948536211,6.722437802576171
392153085,392153270,127.383,700,992.8680517410928,13.174247703171563,9.669091007703907,31.662582299224606
392153085,392153861,136.602,2000,1276.9097398627946,9.046921453580987,15.099279981692519,35.86015922306525
392153213,392153085,74.645,700,2269.7777916038867,48.3518958819632,1.5437864149572047,138.10490005713064
392153270,392153272,203.35299999999998,700,1382.048650387406,19.800421171158437,10.270135076530936,67.82725150526504
471603980,392153270,282.802,900,389.1805986463133,17.011037527203168,16.624617960412923,22.231091493541978
6718993872,392153861,20.054,2000,9313.04184301527,4.174886171820036,4.803484256735431,78.58184957457271
392153216,392153213,76.953,700,1925.1729565751,28.4709920055026,2.7028562961602205,92.05074355712757
392153828,392153213,147.077,2000,344.6048350287889,8.829479153245645,16.65749445095362,10.234691056474714
392153217,392153216,76.581,700,952.979595670241,6.883962873233028,11.124551571562154,16.84893540955358
471606943,392153216,56.88100000000001,900,972.1933609048576,10.549396064814923,5.391872639014233,21.29806931057381
392153217,471606943,23.681,700,1213.2730222408825,24.39362986023264,0.9707862313105607,27.234024441404333
392153218,392153217,15.669000000000002,700,2853.218951948949,5.577791404567026,2.809176403974236,27.153267014528033
471606943,2840895663,708.026,900,1208.5134617113642,78.70862274828235,8.995532830809838,224.51516143179734
4344933417,471606943,76.681,900,967.4338003753388,7.567807476771127,10.132525204343152,18.04687147218737
4214132655,392153218,24.275,700,0.0,2.9130000000000003,8.333333333333332,0.0
392153249,4214132655,34.159,700,3658.364954552628,28.677162841029194,1.1911568863823514,111.62209230688507
392153275,392153249,293.568,700,1587.2563359423766,61.55757482168288,4.768998792600166,197.12892005343696
471605522,392153249,44.516,900,2071.1086186102507,12.134116024636379,3.6686644424379486,47.16220188791471
4214132655,791160081,32.955,700,3658.364954552628,27.666380790600336,1.1911568863823516,107.68775584687485
392153272,392153683,74.294,700,310.89622058581193,6.705280542422778,11.079924177662491,5.343824817108256
392153272,392153682,44.021,700,1071.1524298015938,3.7975878853341056,11.591831796705636,10.662474618118004
392153683,4356562314,102.90900000000002,700,992.8680517410928,8.70798226357726,11.81777786002572,22.891985585072973
392153682,392153683,41.849,700,681.9718311552809,2.9177182088783162,14.343057486722945,5.944754006317114
392153682,411852351,21.581,700,389.1805986463133,1.738412766063792,12.414197836837602,1.8408282045021884
392153681,392153682,21.383,700,0.0,1.39961454,15.27777783731798,0.0
411852350,392153682,20.853,700,0.0,2.50236,8.333333333333334,0.0
392153275,4143594030,420.401,700,691.2138755536101,52.980187827502604,7.935060580924652,83.26591132362749
4570857564,392153275,217.60000000000002,700,1543.7222318263357,23.291484170287116,9.3424703384764,85.96280643621746
4143594030,7310409419,73.486,700,691.2138755536101,5.14079484939267,14.294676631315408,10.590426843639268
392153681,4570857564,50.112,700,1543.7222318263357,5.3638918018492685,9.342470327742864,19.79672867347441
411852350,392153681,26.377000000000002,700,1543.7222318263357,2.823343165637076,9.342470416290375,10.420224876355716
4570857559,392153681,35.625,700,0.0,2.33181816,15.277777920727745,0.0
4570857559,4570857564,36.271,700,0.0,6.528779999999999,5.555555555555556,0.0
411852351,411852350,12.026,700,2131.386592515214,5.207934079608774,2.3091690133112066,17.37992462672053
4356562318,411852351,135.652,700,1742.2059938688997,33.524568832758746,4.046345850910595,112.8532899768731
4356562314,4356562313,23.603,700,992.8680517410928,1.997245163440224,11.817778023477198,5.250459456965855
4356562314,4356562318,24.872,700,0.0,2.9846399999999997,8.333333333333334,0.0
392153828,2840895662,66.028,2000,8676.393842481948,5.539507282674882,11.91947164804824,127.84212749870278
4022485895,392153828,152.681,2000,9020.99867751073,9.71324063704842,15.718852822161262,280.78162281735507
2840895662,5729205051,279.832,2000,6780.502219244767,25.42317210826087,11.0069663537019,440.51350242855983
2840895662,5729205052,280.116,2000,1895.8916232371832,25.28552421158577,11.078117173131474,122.87731469515063
392153902,392153904,16.445,900,2737.7436673108823,7.098265879270716,2.3167630347610446,30.474695652846783
392153902,4352942097,161.482,700,1758.544916795188,45.12668749671125,3.578414657884396,147.75700569133352
392154327,392153902,44.057,700,1781.8664372894757,5.075184182617926,8.680867218748725,21.104118915624948
2840895663,392153902,83.5,900,2714.4221468165965,34.997725247716275,2.3858693503358097,151.03313819309372
392153904,4022571668,24.223,900,2055.7955712417875,4.315547995694304,5.612960399042647,18.591521282920137
392153904,392154175,43.69,700,2213.256511536113,25.886999428228552,1.6877197421481809,76.0248181098652
392154026,392153904,172.458,700,1531.30841546702,32.98727637491602,5.228015736732343,104.15989875362365
392154026,4352942097,15.736,700,0.0,2.83248,5.555555555555556,0.0
4352942097,485613563,295.07,700,1758.544916795188,68.71525247217744,4.294097589461274,237.34011523580784
4022571668,4022571672,314.788,2000,623.6817398958308,18.998863672497816,16.56878039793915,39.674696569223
392154175,392154327,15.715,900,2863.5789817259683,7.933243823023325,1.9809047031168996,32.94233658803438
392154175,495672276,418.719,700,953.5430294131568,37.656912510235784,11.119313084581353,92.20144467558545
471581900,392154175,88.569,900,2051.2299687243026,15.686716359905676,5.64611471055709,67.51786301044574
4366709070,4295434763,486.483,700,1459.3653456878951,69.07761277264878,7.042556632655125,222.39204474473746
485613563,4366709070,112.36700000000002,700,1758.544916795188,26.167779762568745,4.294097589461276,90.38260998645076
4354632363,392154026,295.169,700,1531.30841546702,47.049239913039635,6.273618884078811,154.77268088134986
485613563,4354632363,18.501,700,0.0,2.22012,8.333333333333334,0.0
392154327,5729205059,69.396,900,2392.489110432924,19.20493640588757,3.613445966877849,85.81683663239978
1834697104,392154327,419.068,700,1310.7765659964311,57.00815458905417,7.351018516927453,166.57382456130946
495672276,392154179,20.613,700,790.7361781616378,1.658949211672458,12.425335179019223,3.57107210809971
495672276,4356633406,79.593,700,1705.1506850516328,6.642943240518042,11.981586642879858,30.21397487936632
1834697104,495672276,13.12,700,1542.3438338001135,1.045297298346978,12.551453084924097,4.4147799712227895
392154179,495672277,13.48,700,2307.561872073836,1.48875108695013,9.054569375741153,8.126157251065916
392154179,392154184,163.472,700,822.6334403495202,13.393944368157024,12.204918544281917,29.691068195733994
4356633402,392154179,77.369,700,2339.459134261718,8.712635173596414,8.880091781470004,47.908728455872684
495672277,4356617073,370.261,700,2058.851781006492,35.67855088007649,10.377691662548997,182.86439651592934
495672277,1834697104,20.313,700,1283.4679278221445,2.658231961857576,7.641545317138256,7.6803660247313195
4443006508,495672277,169.117,700,1034.7578367547983,16.382225524772142,10.323200577618236,42.10646770876559
392154184,6129481379,196.726,700,822.6334403495202,16.11858360924231,12.204918544281915,35.73092078076955
392154184,4443006508,18.997,700,0.0,2.27964,8.333333333333332,0.0
6129481378,6129481379,14.535,700,0.0,1.7442,8.333333333333334,0.0
6129481379,392154192,160.397,700,822.6334403495202,13.141996762866311,12.204918544281918,29.132562551330754
6129481378,4443006508,212.816,700,1034.7578367547983,20.615311927718135,10.323200577618238,52.98657161556008
392154191,392154192,15.876,900,2276.9822830603134,1.64750246143947,9.636404419164682,9.069212438393109
392154191,1047199006,63.888,700,952.2546141009958,5.739498755922138,11.13128562560955,14.04115850636682
1047198977,392154191,61.63499999999999,900,1868.8679853380945,5.106088843409304,12.070882800943723,25.55727809545855
1047199006,6129481378,90.526,700,1034.7578367547983,8.769179608528553,10.323200577618234,22.539012020102756
1047198977,1047199006,68.198,900,82.503222653803,6.1383216652503485,11.11020303580304,1.299880978354652
4357996391,4354604898,101.809,900,1596.6877115463558,7.607134217305488,13.38335792319721,34.607306589198856
4357996390,4357996391,17.569,900,0.0,1.58121,11.11111111111111,0.0
392154268,392154289,13.859999999999998,700,792.0199346522359,1.1162280488865362,12.416817525617347,2.405753195218111
392154268,392154272,374.492,700,1359.477196740501,54.71175492016615,6.8448179106381835,162.9877320804256
791160133,392154268,542.289,700,493.5925419293422,39.743059315054076,13.644873075852745,56.611177642850215
495672287,4356655354,81.693,700,1670.92388795111,8.610579038352377,9.487515257235458,34.58657039452178
495672287,495672331,22.214,700,264.897505349748,1.601780711047164,13.868315336047216,1.238036582933026
791160133,495672287,18.301,700,1909.565529661372,2.360360687652972,7.753476024123086,10.185117306398148
392154289,392154290,9.514,700,632.998249825275,0.718142452225194,13.248067943233933,1.2867470187346544
392154289,1047203602,304.032,700,1381.331454502132,45.901705673643306,6.6235447144739705,137.8904354324473
392154284,392154289,428.877,700,1222.3097696751706,51.64570105337505,8.304214895965147,145.37480570503496
392154272,4376440301,271.467,700,318.3838572018755,24.50766761519147,11.076819069952084,19.9993162344056
392154272,471612694,123.955,700,1041.0933395386253,12.083612396775312,10.2581079175528,31.166102538334314
4376440301,7085445129,209.402,700,351.3672756790459,18.932725142032705,11.060320076960544,17.03845601805559
4272035804,4376440301,73.137,900,32.98341847717023,6.5823308589315355,11.111109661216851,0.5572823498328506
471612694,4272035804,98.655,900,2834.6658903185044,8.552926097712643,11.534648946210803,63.389595642516866
1840977010,471612694,45.244,900,1793.5725507798772,2.9082216974042163,15.557273381318664,16.576248081423714
471611654,392154284,53.89200000000001,900,614.9208576156093,3.9413927958916144,13.673339043034572,7.004032517686067
1840977010,392154284,41.453,700,607.388912059562,3.8837518924149714,10.673441854243666,5.944201921480818
1047203602,1047203591,7.449,700,1543.033430009989,1.452350046724218,5.128928812169802,4.600564924174589
5729205059,5729205056,211.643,2000,1225.009196659828,12.768366543688092,16.575573647251183,52.39024489810644
5729205059,471603980,458.573,900,1167.4799137730968,33.15015488783841,13.833208368152565,112.72857677049778
4363575411,392154334,246.737,2000,5369.105569545825,20.73466661921454,11.899733163365747,295.85270580410725
392154382,393867269,11.849,700,0.0,0.71094,16.666666666666668,0.0
392154382,1273748034,220.37200000000004,900,707.0881033090216,13.586736491049415,16.21964186507741,31.591067357458844
392154438,392154382,12.074,900,707.0881033090216,0.74440607878011,16.21964186507743,1.7308485074054691
4353165249,392154382,415.412,700,0.0,24.92472,16.666666666666664,0.0
393867269,4352899984,288.176,900,1541.6784393778516,28.059686822293298,10.270107497103119,107.22167690573043
4352887161,393867269,219.895,900,1541.6784393778516,14.816903613284467,14.840820034953026,69.98232072155234
1273748034,6577207939,661.066,900,707.0881033090216,81.51425358205285,8.109820932538701,131.8422822706069
4352887161,1273748034,11.248,900,0.0,1.01232,11.111111111111109,0.0
392154404,392154405,14.234,900,534.799033206509,0.861742592153952,16.517693484804646,1.5390129428454857
392154404,4354297726,63.38300000000001,700,1246.9122761970186,6.572737576897338,9.643318215348552,19.81897685364334
392154427,392154404,162.927,900,534.799033206509,9.793035580942416,16.637027268343797,17.59810331369326
392154445,392154404,12.108,700,1246.9122761970186,1.2555844087700638,9.643318215348554,3.7860021100912498
392154405,392154435,12.994999999999997,700,1797.8408356451373,1.26447651847749,10.276980086310186,5.636224865599555
392154405,4054952832,243.96899999999997,900,0.0,14.63814,16.666666666666668,0.0
4354297727,392154405,68.61,700,1263.0418024386263,4.7400744290970485,14.474456261453627,18.005068543840444
4354297727,4354297726,13.687000000000001,700,0.0,1.64244,8.333333333333334,0.0
4354297726,419485122,401.047,700,1246.9122761970186,41.58807072877505,9.643318215348543,125.40178297371712
392154435,392154445,14.015999999999998,900,109.68111344371113,0.8409626505374339,16.66661413683806,0.31040733672499876
392154435,393863553,19.802,700,1699.6580373262825,4.175432324069682,4.742502922595455,14.298513911360859
4352787709,392154435,19.289,900,11.49831512485714,1.1573400004405798,16.666666660321948,0.0447836792770917
4054952832,4352787709,223.259,900,354.5709014596619,13.400151092055221,16.660931542209802,15.984843333003667
4353146639,4054952832,195.121,900,354.5709014596619,20.104562722311012,9.705309321821993,17.279547070138218
392154421,3787830259,41.91,900,0.0,2.5146,16.666666666666664,0.0
4353146642,392154421,305.05,900,0.0,27.4545,11.111111111111112,0.0
3787830258,392154421,53.19899999999999,900,354.5709014596619,4.796253621247878,11.091782086819421,4.361596398188844
3787830259,393864368,370.277,900,0.0,22.216620000000002,16.666666666666664,0.0
3787830258,3787830259,24.837,900,0.0,4.47066,5.555555555555556,0.0
4054952827,4353146642,24.315,900,0.0,2.18835,11.111111111111112,0.0
4353146639,4353146642,48.452,900,0.0,2.90712,16.666666666666668,0.0
392154427,392154453,1316.968,700,510.406116183679,158.67446614683504,8.299810498692947,186.47901192579914
392154441,392154427,11.755,700,510.406116183679,1.062223047307932,11.066413998257278,1.3889943793831079
4352899984,392154427,19.378,900,534.799033206509,1.173166218263268,16.51769348480457,2.0951940990908984
3649181802,392154453,146.711,900,2764.6705466496705,20.002676740255733,7.334568363280179,123.2059296620267
392154445,392154441,163.021,900,109.68111344371113,9.781290828571866,16.666614136838025,3.610367754012986
2106189860,392154445,223.27300000000002,700,1246.9122761970186,15.323639253701359,14.570494404328226,57.74201126998164
393863553,393863548,119.90299999999999,700,2042.7306236610875,44.933999031102665,2.668424858357363,153.32290353092887
4352787709,393863553,26.837,900,343.0725863348049,2.41901906900604,11.094166368447503,2.128677628077054
392154438,4366751214,219.87,700,1116.344496988503,19.365029551355683,11.353971829317844,56.07595765230998
4352900896,392154438,282.097,900,1823.4326002975245,21.000934156812882,13.432592945323115,109.36915993285365
4366751214,4353165250,196.109,700,1116.344496988503,17.27228171322514,11.353971829317844,50.015918402860144
4366751214,4366751206,25.488999999999997,700,0.0,4.588019999999999,5.555555555555556,0.0
392154441,4352900896,19.276,900,816.5531941261818,1.213249461691344,15.887911438368226,3.20234901280857
392154714,392154441,225.53699999999998,700,1217.2781968661498,22.950667346416143,9.82703450822395,68.04058920520148
4352899984,4352900896,18.25,900,1006.8794061713425,4.620546201125772,3.9497494896931196,8.927122835374393
392154714,2106189860,29.669,700,1246.9122761970186,3.69196569115947,8.036098512790455,10.503623464681572
4353222249,392154714,411.457,700,2464.190473063168,78.8602945527704,5.217543281234743,400.5189865864119
2106189860,393863546,32.933,700,0.0,5.9279399999999995,5.555555555555556,0.0
392154873,392154876,100.134,700,672.109334756713,9.566121404117784,10.4675652513564,16.064390597197864
392154873,392154879,73.178,700,1370.6212889043766,5.312849506510248,13.773776183633528,21.1480570606835
393863546,392154873,414.201,700,2042.7306236610875,50.60435097430177,8.185086697591325,237.06960983580777
392154876,1739393776,249.565,700,1539.3255045241274,48.36438001887514,5.160099228039363,153.0498716035308
392154879,392154876,49.31,700,867.216169767414,4.155314019501804,11.86673251854789,9.562284845150376
392154879,392154880,32.09,700,525.5046849768702,1.9696386077936339,16.292328893749115,3.416422015990988
392154879,4353222249,37.55,700,1551.3491531722664,3.635543810242854,10.328578600595012,14.012339762877764
1905013492,392154879,45.992,700,1553.5068515050457,4.4592513337546915,10.313838928938484,17.2007679822856
1273954830,392154879,47.858,700,19.941867507130425,4.307220205226988,11.111110581697762,0.22047676824998838
1739393776,392156323,1598.663,700,1539.3255045241274,309.8124530848275,5.160099228039364,980.4065749897428
1739393776,419483468,94.23,700,0.0,11.307599999999999,8.333333333333334,0.0
392154880,392155281,303.492,700,915.3157771802842,22.06036826135565,13.757340603041678,58.59458159505545
1905013492,392154880,52.181,700,389.8110922034134,5.219005979082041,9.99826407732493,4.98815127178945
1273954830,4353222249,79.151,700,912.8413198909012,5.742548701320263,13.783252718745333,15.230997970677414
392155281,4368307154,44.904,700,0.0,5.3884799999999995,8.333333333333334,0.0
392155281,1707800053,97.325,700,915.3157771802842,7.074405061867981,13.757340603041687,18.790339296385973
1707800053,1707800056,715.257,700,915.3157771802842,51.99093492254313,13.757340603041673,138.0932105226317
1707800004,1707800053,80.245,700,0.0,9.6294,8.333333333333334,0.0
392155831,1707800048,6.059,700,9.688615955748013,0.43624800115812,13.88888885201766,0.012344961056613554
392155831,1724989798,541.704,700,1555.7102620009373,89.86133276404166,6.028221297612055,297.6554222932367
4354354741,1707800048,511.59800000000007,700,1392.3618519787804,65.4545113167966,7.816084632026216,206.38097832564247
1724989798,3738262366,17.988,700,1555.7102620009373,3.580757728411638,5.023517748010046,11.380270751736877
411672095,1724989798,6.904,700,0.0,0.49708800000000003,13.888888888888888,0.0
392155859,3247368889,30.771000000000004,700,1310.8003258126985,3.488411185090272,8.820921149294996,10.724715424015796
392155859,7115293995,16.819,900,3323.5038289046097,1.8575629528239601,9.054336475881431,14.603124651039028
7115293998,392155859,27.536,700,1310.8003258126985,3.1216694417680797,8.82092114929501,9.597210487657165
3247368889,4354333739,32.424,900,3759.873056486769,10.41267807065973,3.1138963271478217,69.49803237165415
471054866,3247368889,263.903,900,2449.0727306740737,28.240229484824432,9.344931143063645,165.36904737852217
7115293998,7115293995,23.585,700,0.0,1.4150999999999998,16.666666666666668,0.0
392156323,392156320,12.946000000000002,700,0.0,0.932112,13.888888888888888,0.0
392156320,430555963,136.504,700,0.0,12.285359999999999,11.11111111111111,0.0
392156320,1905013492,1851.3489999999997,700,1943.3179437084584,246.4342987214043,7.512545979214374,1073.3811958583553
411672279,392156320,142.919,700,1943.3179437084584,54.505411705026845,2.6221066042662162,175.62045120515103
392156323,4687806805,106.358,700,1539.3255045241274,20.61161913748932,5.160099228039363,65.2258058782615
4687806805,4687806811,57.24700000000001,700,0.0,10.30446,5.555555555555555,0.0
4687806805,392156325,40.45,700,1539.3255045241274,7.838996541035394,5.160099228039367,24.806632766464915
392156325,411672393,13.943999999999999,700,1539.7376405356804,2.70409315074714,5.156627091839376,8.558099481297718
392156325,4687806811,25.147,700,945.9468053186008,2.247360890708334,11.18956910924709,5.475256564837719
411672279,392156325,13.939000000000002,700,946.3589413301544,1.2461359458120418,11.185777961742914,3.0367936479436732
411672393,411672394,13.448999999999998,700,1046.65326007489,1.318440750134598,10.200685922842576,3.410810298617299
411672393,4352901896,42.578,700,1606.5921779221785,9.219006285135059,4.618502112169482,29.645405316344377
3739384266,411672393,1433.596,700,1113.5077974613891,151.0275577783888,9.492280886271072,404.3397160540135
4687806811,411672306,1415.976,700,945.9468053186008,126.54428299922968,11.189569109247074,308.3004688293897
393863548,393863546,66.787,700,2042.7306236610875,25.028623081075978,2.6684248583573638,85.40217307423623
393863548,419483450,86.781,700,0.0,10.41372,8.333333333333334,0.0
393863557,419485122,12.188,700,0.0,2.19384,5.555555555555556,0.0
393863557,4354297727,398.772,700,1263.0418024386263,42.271455319405916,9.433599978681887,128.08483922491482
393863560,393863557,60.35699999999999,700,1263.0418024386263,6.398087701025604,9.43359997868189,19.386558336839556
419485122,4354272937,28.577,700,1246.9122761970186,2.963399046037506,9.64331821534855,8.93562787413922
393863562,393863560,35.474,700,1263.0418024386263,3.7603884074122678,9.43359997868189,11.394184111885059
4354272937,393863560,42.016,700,0.0,7.56288,5.555555555555555,0.0
393863562,393866241,32.354,700,0.0,3.88248,8.333333333333332,0.0
4354250405,393863562,673.58,700,1263.0418024386263,71.40222200667408,9.433599978681888,216.3526677026427
393863584,393864253,13.349000000000002,900,1516.8928001664651,0.89329294399437,14.943586076376901,4.173057521584992
393863584,4354250405,30.904,700,1263.0418024386263,3.2759498038751937,9.4335999786819,9.926308445444425
393863589,393863584,16.447,700,2779.9346026050907,18.743034182204216,0.8774993333585118,44.46539240086386
4354250400,393863584,37.004,900,0.0,2.22024,16.666666666666664,0.0
393864253,393864254,15.944000000000003,700,0.0,0.9566399999999999,16.666666666666668,0.0
393864253,3649181802,89.986,900,2763.8050763634824,12.260153995380787,7.339712048796753,75.50553660658024
4354272937,393864253,775.187,700,1246.9122761970186,80.38591931625706,9.643318215348543,242.39012369634196
4354250400,4354250405,36.787,900,0.0,3.31083,11.11111111111111,0.0
393863589,4117258326,367.741,900,353.01049671892565,22.10223809177207,16.638179286327468,26.218491538699737
393863872,393863589,367.594,700,2382.1851776683443,64.32550057206595,5.714592140455596,322.40516959935195
393864254,393863589,12.476,900,750.7599216556753,0.750198729199494,16.630260108961558,1.8918343687839732
4117258325,4117258326,13.684,900,0.0,1.23156,11.11111111111111,0.0
4117258326,393864377,596.461,900,353.01049671892565,35.848934533969455,16.638179286327468,42.52533082159559
393864276,393863872,25.915,700,2383.7455824090803,25.02093661067309,1.0357326107826648,57.52860384253513
5712464585,393863872,79.821,700,0.0,8.21016,9.722222222222221,0.0
421229649,393864276,388.096,700,1180.477986879683,55.364238551179895,7.009867924783896,144.02054624923744
393864254,393864276,383.777,700,2224.1980888430585,192.81116760824338,1.9904293136161275,623.4427544043592
5712464578,5712464585,37.343,700,0.0,3.8409942599999995,9.722222287309538,0.0
5712464585,5712464578,62.48799999999999,700,0.0,7.49856,8.333333333333332,0.0
3649181798,393864254,171.103,900,2974.9580104987344,27.77929650661057,6.159371241070955,176.80603467866368
3649181798,3649181802,106.85700000000001,900,0.8654702861893387,9.617130000000595,11.111111111110423,0.021364738964776742
421229649,3649181797,50.858999999999995,2000,3229.579854332335,3.861684168360258,13.170160422931652,35.16987012597543
3649181794,421229649,37.77,2000,3546.490413865392,3.14108814160794,12.024495428729146,29.772103128125156
393864368,4353134322,36.338,900,0.0,2.18028,16.666666666666664,0.0
393864372,393864368,23.412,900,0.0,1.40472,16.666666666666668,0.0
4353134322,419872533,507.904,900,0.0,30.47424,16.666666666666664,0.0
4353134322,393864377,16.701,900,0.0,1.00206,16.666666666666668,0.0
393864372,4054805268,332.965,900,353.01049671892565,20.01210554772758,16.638179286327468,23.73909908110099
393864377,393864372,25.705,900,353.01049671892565,1.544940678763044,16.63817928632748,1.8326657212610942
4054805268,393864453,34.513,900,353.01049671892565,2.074325526012408,16.638179286327478,2.4606415887136412
4054805268,4054805276,39.995,900,0.0,4.7994,8.333333333333332,0.0
4054805276,393864453,30.024,700,1.5604047407363888,2.702160000004824,11.111111111091276,0.01082301509559459
393864453,3787830258,32.532,900,354.5709014596619,2.932982251667058,11.091782086819432,2.667182729485126
5712464578,4054805276,1621.535,700,1.5604047407363888,166.78645716029789,9.722222221205577,0.6312713729711197
393867121,6302716440,182.728,2000,11416.193861047848,22.59799425251512,8.08602736854235,589.6343100315435
393867304,393867121,13.599,2000,10299.849364059352,1.389634671071238,9.786025264839456,34.80343887719439
4031865334,393867121,60.337,700,1116.344496988503,5.3141755948521725,11.353971829317851,15.388434333321635
393867304,4353191873,60.132,700,0.0,3.60792,16.666666666666664,0.0
4031865334,4353191873,13.992,700,0.0,1.6790399999999999,8.333333333333334,0.0
4353191873,6129287592,217.978,700,0.0,13.07868,16.666666666666668,0.0
1273484122,1273906733,22.739,2000,0.0,1.3643399999999999,16.666666666666668,0.0
1273484122,2520610551,164.196,2000,3.7913027627503326,14.777640000119213,11.111111111021476,0.14381145890856137
393867584,5712158363,403.58399999999995,700,36.45957113029802,32.28673718874882,12.499993345274902,3.2157300277916994
5712092605,393867584,84.28,700,36.45957113029802,6.74240356950738,12.499993382353667,0.6715373414388173
1273840842,393867584,262.114,700,0.0,31.453680000000002,8.333333333333332,0.0
5712158363,5712092598,56.709,700,36.45957113029802,4.536722415251238,12.499993345274913,0.45185347820042254
5712158363,5712158358,17.822,700,0.0,2.13864,8.333333333333332,0.0
393867586,5712092605,110.636,700,36.45957113029802,8.850884732016379,12.49999331702914,0.8815401693075128
471061771,393867586,17.876,700,36.45957113029802,1.4300807813435519,12.499993170459652,0.14243476032708213
1707756142,393867586,209.323,2000,0.0,25.11876,8.333333333333334,0.0
5712092609,5712092605,15.684,700,0.0,1.88208,8.333333333333334,0.0
408629740,1658531437,345.489,700,6.713119080322264,31.094010019026037,11.11111110431236,0.5357979248537588
408629812,408629740,25.089,700,6.713119080322264,2.2580100013816438,11.111111104312382,0.03890900762876942
1658531532,1658531437,287.584,2000,1357.0723501299094,26.096789054525743,11.019899781506904,90.55176146077717
408629812,4270653070,159.242,700,0.0,12.73936002,12.49999998037578,0.0
408630283,408629812,214.214,700,6.713119080322264,19.279260011796737,11.111111104312362,0.3322114934907418
408630017,2974860565,8.612,700,793.9386083860869,0.63472600229355,13.568059239547424,1.4488084046481255
408630017,408630052,419.417,700,2223.499544631615,44.096937031584446,9.51125017367062,235.91471305811768
411934904,408630017,13.22,700,1564.109883943165,1.059112184683806,12.482152685219821,4.5215957646205425
2974860565,411934904,8.955,700,30.729322676714645,0.644760173214462,13.888885157646612,0.05786895561020341
2974860565,411934844,21.566,700,793.9386083860869,1.589468296036074,13.568059239547452,3.6280773402974344
408630164,2974860565,23.183,700,30.729322676714645,1.669176448423326,13.888885157646602,0.14981306509339412
408630052,408630056,25.249999999999996,700,2048.75543834799,3.7241779218885416,6.780019786808588,16.68254453116981
4442989683,408630052,17.727,700,624.0961559371694,1.668351887159028,10.625456258023974,2.6184844142298282
408630056,4442989683,12.929,700,0.0,1.16361,11.11111111111111,0.0
408630056,2840658993,126.80499999999999,700,2713.2546548650607,38.57690060987847,3.2870707079958823,189.43344675041362
4442989683,408630121,20.053,700,0.0,1.80477,11.111111111111112,0.0
4357800105,4442989683,29.3,700,624.0961559371694,2.7575286452168757,10.625456258023966,4.3279513362065725
2840658993,2840658996,22.748,700,2713.2546548650607,6.9204474198455515,3.287070707995883,33.98313983422113
2840658993,2840658983,26.859,700,0.0,3.22308,8.333333333333334,0.0
408630072,408630283,115.069,700,1846.7998233614617,46.65183343584437,2.4665482902883755,139.06754338242533
2840658996,408630072,185.819,700,2713.2546548650607,56.530271633035035,3.287070707995882,277.59420875923746
408630283,1427773408,236.868,2000,1840.08670428114,14.609701561394262,16.213062190532163,88.37053475346345
2840658987,2840658983,26.193,700,2387.298073362248,3.039345172289388,8.617974766015179,16.894846555771657
2840658987,2840658996,24.929,700,0.0,2.99148,8.333333333333332,0.0
408630121,408630164,402.57,700,1763.2019174250777,45.657173547979404,8.817234373410223,188.78824171926144
4357800105,408630121,41.02,700,1763.2019174250777,3.490954869009456,11.7503667446836,16.24833312919654
408630164,411934844,29.786,700,1732.4725947483632,2.508393350925834,11.874533150475045,11.535729919242067
411934844,4356300265,354.974,700,2526.4112031344494,45.16459429008403,7.859563571413175,258.77575645838107
1427773408,1658531621,30.944,2000,10697.384941849245,10.182574817169012,3.0389170279235067,191.62177348589492
2833168171,1427773408,568.815,2000,8857.2982375681,101.53879637853994,5.601947435731256,1883.8268172025132
4352904685,1414370615,181.162,900,0.0,10.86972,16.666666666666668,0.0
4352904685,1414370615,182.785,900,3019.135663869369,111.43297104103054,1.6403134394819021,439.03238939644086
410467344,410467345,127.128,2000,1496.770140721094,7.646134700676155,16.62644002187902,38.434110928140704
410467575,410467344,119.68000000000002,2000,1395.675642166843,7.24729208647059,16.51375418184419,33.771144735515634
410467345,410467381,144.21,2000,86.91017645216992,8.652601204726007,16.66666434611978,2.530707008037042
410467345,410467361,306.396,2000,1409.8599642689258,18.56101454820412,16.507502820186385,87.34190031989725
410467598,410467381,571.29,2000,5871.532745546744,30.36835387825198,18.81201734839912,670.1760435981557
410467575,3952964342,202.554,2000,1971.7271670975963,12.601508776075194,16.07378954372212,81.09067005577673
410467598,410467575,182.135,2000,3367.402809264439,14.35723097822604,12.685942036888811,133.22802123388792
3952964342,1414370611,39.127,2000,0.0,4.69524,8.333333333333334,0.0
3952964342,410467576,108.933,2000,694.7962593419777,6.53969706139773,16.65719359433413,15.283633711922988
410467576,1414370601,89.945,900,1150.4024137773542,33.10627092897704,2.7168568816753544,64.09857236133348
1414370615,410467576,40.514,900,3019.135663869369,6.829476648920046,5.932226154753239,43.745236995001754
1414370601,4363889782,495.48100000000005,700,890.9172451402935,53.05762983670455,9.33854379709274,112.99665155304119
410467829,4374457718,69.578,2000,386.4957753392802,4.174907332396164,16.665759131967633,5.429949345255036
410490511,4374457718,591.893,2000,7683.853932671891,40.79675066923533,14.50833682316627,944.360050205862
3225907885,5581455143,748.734,2000,10283.71424094512,57.23480303192669,13.08179569662084,1652.7744331775277
3225907885,4351325606,91.063,2000,0.0,8.19567,11.111111111111112,0.0
442760161,410490358,106.053,900,2107.131273062009,30.29046916036605,3.5012003095272752,118.00256500227106
410490460,4201360330,285.038,2000,1653.1013271623874,22.08918421887786,12.903962281975122,101.66982543575554
410490511,410490460,266.817,2000,3431.893332557379,21.428517306782464,12.451491448526316,200.44173732611944
4201360330,4375845286,47.701,2000,1653.1013271623874,2.9142197817976623,16.368360512114574,15.963887872742538
4201360330,4201360306,369.455,700,1138.6762900628044,50.09239236958331,7.375471254679731,127.25399321826707
1738600459,410490511,14.234999999999998,2000,11115.747265229274,0.733802450761836,19.398954017148863,31.582134431527727
4337307663,411306535,106.883,2000,2525.6892646607425,7.049832257095968,15.161069952042835,55.447261546039556
411307539,411307544,141.708,2000,347.0942957847658,12.760947796230667,11.104817781784027,11.366144775634773
411307539,2990124465,367.022,2000,7436.786857412754,54.49105793801376,6.7354537402724945,884.6872311595444
1641262430,411307539,80.041,2000,7783.881153197518,13.300967053468067,6.017682750302751,220.35478737151598
411307544,2990124459,51.032000000000004,700,2753.218281657502,13.532373604073106,3.7711048699276146,70.51534722983271
2990124465,1825885297,481.911,2000,7436.786857412754,42.40424469105668,11.364687745555765,818.3854788299013
2990124469,2990124465,307.381,2000,0.0,18.44286,16.666666666666664,0.0
2990124459,2990124458,13.071,900,2662.609804931616,5.130226856117082,2.547840547131878,22.368314570124124
4022602745,2990124459,396.717,900,1465.2605218405697,35.90029890007543,11.050520807757577,134.6749856035964
411307550,471608390,32.547,700,2122.223133534768,6.46534783868247,5.034067897363514,28.044444710791986
411307550,1641262430,168.283,2000,10.609070773010318,15.145470007491541,11.111111105615121,0.4124393027876665
2990124458,411307550,56.485,700,2132.8322043077774,7.562790307010148,7.468804198847425,36.09990892322574
4022580207,471608390,263.196,900,2175.1751861208622,54.768340358882625,4.805623071200357,240.80026390222483
4022580206,1641262430,418.99899999999997,2000,7773.272082424507,52.03943944470411,8.051566359495832,923.4491047562307
411307701,471581900,344.104,900,1502.5250791475326,32.24800668183735,10.67055100164704,122.08088240821009
4022717907,411307701,23.759,900,2579.3847258290834,8.382830540568882,2.8342455313891683,37.02377654623235
6128998296,411307701,282.819,900,2134.1703504321854,26.87544047003677,10.523325201509268,143.6369021244853
4368402158,471581900,203.96200000000002,2000,548.7048895767692,12.281034663984084,16.607884073330414,22.608732360985258
411672095,4354354741,36.756,700,1147.598857478743,3.357788624293638,10.94649011973831,9.821899658015909
411672096,411672095,30.531000000000002,700,1147.598857478743,3.346935830503074,9.122075099781917,9.108037873859903
3738262366,411672095,11.605,700,0.0,0.6963,16.666666666666668,0.0
411672096,4354354741,54.41799999999999,700,244.7629945000373,6.643139838911904,8.191608383922452,3.7298738161145586
4354354756,411672096,171.712,700,1392.3618519787804,26.362867049276453,6.513403860021846,79.52314854132963
411672111,4363252865,185.901,700,809.1787650185574,11.438650215013086,16.25200495736877,30.48749626432319
411672111,3738262361,49.427,700,1825.608136642034,5.37887593731405,9.189094631671583,23.343269742738883
7566579307,411672111,1.109,700,2634.7869016605905,0.19038538126018198,5.825027072243708,1.0599286196410136
4363252865,471061960,70.88,700,809.1787650185574,4.28713262423721,16.5331950775867,11.59402105978362
4363252865,4363252866,19.467,700,0.0,3.50406,5.555555555555555,0.0
3738262361,7566579309,1.235,700,2194.5708001844373,0.159696953867706,7.733397350979421,0.7914128804756766
4363252866,3738262361,184.019,700,368.9626635424024,11.05331734691079,16.64830513994336,13.711553054024582
411672114,3738262362,2.814,700,2596.8528540710968,0.47013530453968805,5.985510921702003,2.595345292234943
3738262364,411672114,58.486,700,1189.607087432529,5.4622410157095596,10.707326870380236,16.396904135610658
4365081430,411672114,128.452,700,1407.2457666385676,16.813505666766204,7.639810670412412,53.26068275695488
3738262362,5926760249,374.416,700,817.8122607860532,30.591036338064846,12.23940228314884,67.52230153372743
3738262362,7566579307,44.71,700,1779.0405932850442,4.7829051843438295,9.347875041795085,20.347444871174044
411672133,411672134,14.939,700,1942.8489191187616,5.69286723681003,2.6241609682032556,18.344553438671173
411672163,411672133,12.883,700,1125.0366583327082,1.3752793181463359,9.367551616615811,3.7026314101996047
5926760249,411672133,341.409,700,817.8122607860532,34.867817898882464,9.791521826519071,69.35243047737848
411672134,411672164,13.325999999999999,700,1106.92110932587,1.393455380871552,9.563277147536011,3.7185969133137755
411672134,4354437363,130.17,700,835.9278097928916,10.751012493699042,12.107696840301328,24.109891010173182
411672164,411672163,14.357,700,879.0974007706085,1.2197062918781278,11.770866556646853,2.833042932533947
411672164,471062949,82.034,700,440.4295557330044,5.973406593245526,13.733202104936328,7.625284715929194
411672165,411672164,88.017,700,1118.9088231514002,9.329846708039454,9.433917057196282,25.044202546872434
4354437363,4354437374,26.857,700,835.9278097928916,2.218175789684832,12.107696840301353,4.974413020359689
4354437363,4354437368,17.105,700,0.0,3.0789,5.555555555555555,0.0
411672141,411672142,22.654,700,843.2957824091849,3.132689418792282,7.231486103953962,5.865258136085078
411672173,411672141,63.354,700,7.367972616293701,7.60248000675027,8.333333325934136,0.12912727914866118
4354437374,411672141,673.483,700,835.9278097928916,55.62436926552905,12.10769684030132,124.74150516405085
411672142,411672223,79.434,700,14.848012947757352,9.532080139583838,8.333333211303447,0.3262651830295385
411672142,4354454093,416.126,700,828.4477694614276,34.21305965512859,12.162782405157444,76.23046649200566
411672223,1574756082,19.465,700,1054.275970190174,3.2052147430383178,6.072916032311942,7.206725595466294
1574755568,411672223,432.107,700,1039.4279572424175,42.05316931794771,10.27525408924608,108.36504181646228
4354454093,5712313497,6.081,700,1227.5194168408525,8.716354850554566,0.69765401985821,7.63455624725489
1574755568,4354454093,21.436,700,399.0716473794248,2.886821402932536,7.425468017600447,2.574558863861
411672152,7566579307,26.349999999999998,700,855.7463083755483,2.203726035330534,11.957021688518463,5.024626661100085
411672152,471062420,452.72800000000007,900,0.0,40.74552,11.11111111111111,0.0
5926760253,411672152,377.33,700,855.7463083755483,31.557189560200065,11.957021688518443,71.95227241111559
471062420,4354426621,267.587,900,1359.423705049012,22.10071481235802,12.107617435539858,80.60030606707032
471061960,471062420,271.018,900,1359.423705049012,22.38409013522946,12.10761743553986,81.63376303663955
411672162,5926760253,229.637,700,855.7463083755483,19.20520059108913,11.957021688518445,43.78900161575106
411672163,411672162,95.848,700,850.503315622808,7.98896785791639,11.997544827398793,18.137008096516066
471062445,411672162,138.238,700,5.242992752740031,16.58856006042544,8.333333302978359,0.2004945892707243
5926760249,5926760253,44.577,700,0.0,4.0119299999999996,11.111111111111112,0.0
471062445,411672163,85.996,700,1096.4425731849085,8.887764984719281,9.67577339723235,23.594948793474522
471062949,471062460,388.253,700,440.4295557330044,28.271119658280174,13.733202104936325,36.089178472507214
411672165,471062949,127.167,700,0.0,15.26004,8.333333333333334,0.0
4354437368,411672165,40.75,700,1118.9088231514002,4.3195206988718935,9.433917057196291,11.594933408149004
411672173,4354437369,657.777,700,1118.9088231514002,69.72469611636468,9.43391705719628,187.16271196103133
411672219,411672173,18.454,700,1126.2767957676942,3.2880402519219962,5.612461705483341,7.7601954261243895
4354437369,4354437368,27.79,700,1118.9088231514002,2.945754115868712,9.433917057196284,7.907317776992916
4354437369,4354437374,18.667,700,0.0,3.3600600000000003,5.555555555555555,0.0
411672180,6030155451,1493.904,700,1046.8090958599191,146.47449459104362,10.199072570081062,378.9618806901387
411672180,411672182,149.232,700,461.620789140209,10.913886929657982,13.673588608882225,14.55959665347815
4365081423,411672180,22.61,700,1508.4298850001271,3.472652506200456,6.510873160971222,11.34741612352376
6030155451,411672279,557.012,700,1046.8090958599191,54.61398535725614,10.199072570081062,141.29844694637373
6030155450,6030155451,13.369999999999997,700,0.0,1.6044,8.333333333333332,0.0
411672182,411672192,19.803,700,1014.1836874679389,1.880284809151164,10.531915113934186,4.777216761366394
411672182,5712313498,1771.013,700,461.620789140209,155.42486034861992,11.39465717406852,186.43929559776885
411672407,411672182,1233.644,700,1014.1836874679389,117.13387229715102,10.531915113934172,297.60060568394107
411672192,4365081424,155.041,700,1413.2553348473634,20.482785824111172,7.569331697912622,65.0058186513674
5712313497,411672192,1768.445,700,399.0716473794248,142.89563937047114,12.375780029334068,154.88337198663098
5712313498,411672229,11.228,700,1290.0685586016366,19.337266684796507,0.5806404898386059,15.31824515495394
5712313497,5712313498,13.803000000000003,700,828.4477694614276,5.417412220000031,2.5478954599470964,7.349372868050137
4365081424,4365081430,66.907,700,1413.2553348473634,8.839221568061387,7.569331697912625,28.052865425964995
4365081423,4365081424,21.029,700,0.0,2.5234799999999997,8.333333333333334,0.0
1574756082,411672219,59.80400000000001,700,897.0246121891233,8.576399395047275,6.973089433607278,16.93188245957201
471055694,411672219,660.13,700,229.25218357857085,47.568913963178574,13.877340157712734,31.83340620971617
1574756082,471055695,674.902,700,157.2513580010512,48.601896100413704,13.88633066096068,22.31963950504855
411672229,1574755891,181.537,700,1290.0685586016366,23.978106409059617,7.570948135062496,69.46947074383982
411672229,4354454090,18.951,700,0.0,2.27412,8.333333333333334,0.0
1574755891,4354454090,175.105,700,1438.4996046218414,48.12031403473202,3.638899776788939,129.57207868023545
440232467,1574755891,227.419,700,1438.4996046218414,37.49798245897509,6.064832961314899,115.00464179931753
4354454090,1574755568,9.908,700,1438.4996046218414,25.73041621483108,0.3850695580388242,15.956679377221125
411672394,411672279,13.508000000000001,700,1842.8677891786945,4.35224664935433,3.103684392979877,14.220685088756445
411672306,4365101466,71.664,700,945.9468053186008,6.404536162234944,11.189569109247085,15.603403446237353
411672306,3739384275,44.658,700,0.0,5.358960000000001,8.333333333333332,0.0
4365101466,3739384280,10.836,700,945.9468053186008,0.9684019012890419,11.189569109247076,2.3593223898111733
4365101467,4365101466,14.11,700,0.0,2.5398,5.555555555555555,0.0
411672320,4365093217,141.735,700,0.0,10.204920000000001,13.88888888888889,0.0
4365101456,411672320,15.177,700,0.0,1.82124,8.333333333333334,0.0
4365101461,411672320,253.238,700,0.0,18.233136,13.888888888888891,0.0
4365093217,4365093213,87.7,700,0.0,6.3144,13.88888888888889,0.0
4365093218,4365093217,16.114,700,0.0,1.93368,8.333333333333334,0.0
4365101456,4365101462,254.755,700,0.0,18.34236,13.88888888888889,0.0
4365093218,4365101456,146.324,700,0.0,10.535328,13.888888888888891,0.0
411672394,7170384816,529.864,700,1046.65326007489,51.94395788752476,10.200685922842549,134.37917972091293
4352901891,411672394,44.304,700,1842.8677891786945,14.274647287014671,3.1036843929798787,46.64148890822221
4352901896,2106209467,348.987,700,1606.5921779221785,75.56281052258046,4.618502112169479,242.98607414944513
4352901891,4352901896,31.441,700,0.0,2.8296900000000003,11.111111111111109,0.0
7170384816,6030155450,32.994,700,1000.7429094021448,3.0934146334461063,10.66588346847129,7.798292425767447
7170384816,4365158456,827.009,700,45.91035067274544,59.54472770017723,13.888870298713927,7.984506111416341
4365158457,411672407,930.532,700,13.440778065794046,66.99830465877267,13.888888752323936,2.630163545482514
6030155450,411672407,115.29100000000001,700,1000.7429094021448,10.809324922853712,10.66588346847128,27.249588775509345
411673090,411673091,15.137,700,1652.502528594924,3.53844769353747,4.277864564070236,11.473025396727188
411673166,411673090,13.600999999999999,700,45.91035067274544,0.9792733107500761,13.888870298713943,0.1313132839199737
2106209467,411673090,128.942,700,1606.5921779221785,27.91857551829314,4.61850211216948,89.77729936352286
411673091,411673165,13.146,700,0.0,0.946512,13.88888888888889,0.0
411673091,4366634500,18.093,700,1652.502528594924,4.2294466617674225,4.277864564070233,13.713513146791634
411673165,411673166,14.547,700,1842.8677891786945,4.687010068711681,3.1036843929798805,15.314502960182098
411673165,4365158457,39.171,700,13.440778065794046,2.8203120277312137,13.888888752323947,0.11071745650885241
4366634495,411673165,24.968,700,1856.3085672444888,8.228881597077319,3.0341911844822236,26.856336989180985
4366634500,411673092,53.64300000000001,700,1652.502528594924,12.539667676846841,4.277864564070232,40.658485919048495
4366634495,4366634500,25.657,700,0.0,3.07884,8.333333333333334,0.0
411673092,1245539504,8.056,700,1652.502528594924,1.88318257376877,4.277864564070233,6.106011270135048
411673092,3739384251,1296.651,700,0.0,93.35887199999999,13.888888888888891,0.0
1245539504,6129383105,93.572,700,1652.502528594924,21.873530262250668,4.277864564070233,70.92250329804826
1245539504,411673164,15.809999999999999,700,0.0,1.13832,13.88888888888889,0.0
430022975,1245539504,1288.393,700,0.0,92.764296,13.88888888888889,0.0
3739384251,3739384265,62.682,700,0.0,3.76092,16.666666666666668,0.0
430022975,3739384251,26.504,700,0.0,1.59024,16.666666666666668,0.0
411673164,4366634495,48.486,700,1856.3085672444888,15.979876366384607,3.034191184482223,52.15301006317804
6129383104,411673164,100.83,700,1856.3085672444888,33.2312612717601,3.034191184482223,108.45580177103166
411673166,2106209468,117.17699999999999,700,1842.8677891786945,37.7541609143761,3.1036843929798774,123.35928461987072
4365158456,411673166,37.477,700,45.91035067274544,2.6983476117183,13.888870298713941,0.36182839066751415
4365158456,4365158457,14.551,700,0.0,1.74612,8.333333333333334,0.0
2106209468,4352901891,358.937,700,1842.8677891786945,115.64867897388919,3.103684392979878,377.8745960692161
2106209467,2106209468,24.439,700,0.0,2.93268,8.333333333333334,0.0
411852350,4103901027,172.813,700,587.6643606888789,10.741359699780212,16.088559067948918,20.616813208940098
411852450,2981953732,218.78,700,0.0,19.6902,11.11111111111111,0.0
2981953732,411852453,204.20599999999996,700,1021.7443281350536,114.93337978071895,1.7767336207253628,160.47427367359697
4003442656,2981953732,174.122,2000,1021.7443281350536,10.47510644413803,16.6224563853898,35.93609341260291
411852453,2833168171,187.855,2000,369.0724189178934,11.271810363383347,16.665912035767555,13.999511802781218
4003442656,2833168171,563.44,2000,8488.22581865021,118.40452212841367,4.7586020353929595,2026.6308735440127
4356300265,4356300264,22.123,700,2526.4112031344494,2.8147873350710997,7.85956357141318,16.127648954934052
4356300265,4356300268,26.547,700,0.0,4.77846,5.555555555555555,0.0
411934860,495672266,20.718,700,1806.8879408901184,1.79110119741501,11.567185611790702,8.473770817975579
411934860,4356562309,161.684,700,2142.768092449206,77.80034390015425,2.0781913278879407,247.83103793312796
411934874,411934860,17.601,700,1423.2448302048767,2.5762613590565517,6.831993166425332,8.031228853088356
4356300264,411934860,203.601,700,2526.4112031344494,25.904873489482043,7.859563571413177,148.4249629287859
495672266,4356617053,98.768,700,1569.6524719743993,9.680341925208246,10.202945387993129,37.56017987097716
495672266,791160242,17.783,700,1985.2109966287671,6.610830916630002,2.6899795538962636,21.996382235216185
4356562313,495672266,161.318,700,1747.9755277130482,40.25774484118643,4.007129575598101,135.59113965321816
4356562309,4356562318,25.508000000000003,700,1742.2059938688997,6.303959388673188,4.046345864129804,21.220930867161734
4356562309,4356562313,28.33,700,755.1074759719555,8.727511449393187,3.24605704206435,11.874834941357225
411934874,4356300261,203.819,700,3020.268540186009,37.66891525997239,5.410800884319104,236.44734351529468
791160242,411934874,20.632,700,3055.1715804854816,3.9225873344185196,5.259793661944934,24.746044712491344
4358027279,411934874,46.616,700,1388.3417899054016,6.4665735669469795,7.208763577402322,19.91716288508193
4356300261,4356300268,21.543,700,3020.268540186009,3.9814808307644762,5.410800884319107,24.99170892483031
4356300261,4356300264,25.849,700,0.0,4.65282,5.555555555555555,0.0
411934904,411941345,644.286,700,1486.8879789195569,59.882360986105724,10.759195018203961,225.16700170981804
4356300268,411934904,368.339,700,3020.268540186009,68.07476524731732,5.410800884319105,427.30451068389164
442761704,4067049941,45.8,700,864.0821226902935,4.258753089254202,10.754321520908025,9.304147256781539
4199787081,414231304,32.829,2000,0.0,3.9394799999999996,8.333333333333334,0.0
4201358377,414231304,29.634999999999998,2000,0.0,3.5562,8.333333333333334,0.0
4365200062,4365200065,29.526000000000003,900,0.0,3.54312,8.333333333333334,0.0
4365200062,6302785497,182.226,900,3130.423182953702,19.82045656694784,9.19383463163387,147.52158191801502
791159831,791160205,157.164,900,2505.86264921168,23.370125258023226,6.724996047937048,127.80321150209099
791159831,2833857426,1233.219,700,878.1697999573562,112.23265193233911,10.988058989673183,251.66107821263262
4035032465,791159831,13.927,700,1067.9297285847915,2.326153046389116,5.987138301849426,5.281194644995416
2833857426,1903604948,1144.1,700,2214.092515550093,200.18695241663357,5.7151576872945915,932.5764349084353
1273510890,1273725720,161.123,700,1033.9684815259873,17.328489431405934,9.298156116711635,42.76536971995172
2833857426,1273510890,11.893,700,0.0,1.07037,11.11111111111111,0.0
417252135,417252136,129.225,700,789.3743377175582,12.99073945261157,9.947470694135236,25.092607124805845
4351533376,417252135,286.976,900,1513.2144334012944,29.642725921412627,9.681160928344344,108.629862867903
417252136,6302766843,312.553,700,789.3743377175582,31.420348911836754,9.947470694135234,60.69080777465222
4170789705,417252136,16.653,700,0.0,1.9983600000000001,8.333333333333332,0.0
6302766843,1273501112,465.031,700,789.3743377175582,46.74866750541622,9.947470694135236,90.29862784953056
6302766844,6302766843,16.273,700,0.0,1.9527599999999998,8.333333333333334,0.0
6302766844,4170789705,312.93,700,523.2883178121101,28.79995027346436,10.865643760792421,38.28255842205217
419482881,4353259374,77.23,700,1844.7505811678252,20.802013053500254,3.712621456460671,72.28240473711
3725508802,419482881,131.499,700,1160.0652220430704,12.194982507035466,10.783041297856416,35.811671236696036
4353259374,4353259373,20.641,700,1167.265512418887,1.9311432977622,10.68848698277269,5.683698344161064
4353259374,4353259378,21.867,700,677.4850687489375,2.79058955565042,7.835978585859547,4.284182412669046
419872502,419872533,125.007,900,0.0,11.25063,11.111111111111112,0.0
419872533,4117258325,86.759,900,0.0,5.20554,16.666666666666668,0.0
4117258325,4354250400,315.78,900,0.0,18.9468,16.666666666666664,0.0
7182179219,421084344,134.764,700,0.0,9.703008,13.88888888888889,0.0
1834912721,421092187,744.176,700,0.0,66.97583999999999,11.111111111111112,0.0
4333051261,1834912721,119.99700000000001,700,933.6064173354852,10.61735603850081,11.301966286603287,25.654150314970355
4333051254,4333051253,24.109,700,633.434734474286,1.8200443578596521,13.246380449953353,3.2630858538800287
4333051254,4333051261,30.574999999999996,700,0.0,5.5035,5.555555555555555,0.0
421229268,5581359955,77.059,2000,0.0,4.62354,16.666666666666664,0.0
5581359955,3649181794,203.919,2000,8160.205788633078,108.47281935849689,1.879908729264781,1248.0498683388114
3649181792,5581359955,133.141,2000,6076.530869361481,25.925888556138997,5.135445973691556,323.50604425991304
3649181794,3649181797,75.296,2000,4613.715374767679,7.135001264061966,10.553046483573276,82.53861250778253
1743642573,2832443285,31.997,1200,2722.4441984279547,5.598887447591483,5.714885376694685,32.07074188586722
1743642573,6027804512,10.53,700,694.3124492839097,0.9608068934452141,10.959538354519964,1.701309738005196
6027804514,1743642573,189.079,1200,3008.486430163042,17.748912617376323,10.652990640952854,134.43930253154403
847760094,847760096,154.094,1200,2762.325888356636,12.955118755041648,11.894449052428206,95.08003201494482
4080321135,847760094,22.551,1200,0.0,2.0295900000000002,11.111111111111109,0.0
427590465,6129278941,9.728,1200,1654.6091158377887,0.736295187195732,13.212092336295512,3.4424934466970543
427590465,427590462,232.62699999999998,700,803.5387534456039,23.56611695559282,9.871248642207554,46.198367696894785
6129278941,3998415249,32.777,1200,0.7118332688967272,1.966620000000012,16.666666666666565,0.004711110966313672
6129278941,4366943118,16.71,1200,1653.8972825688916,1.89644946024384,8.811202381239033,7.353926944345982
429551493,5718525558,8.993,700,0.0,0.647496,13.888888888888891,0.0
429551493,5718525563,16.239,700,0.0,1.94868,8.333333333333334,0.0
3739384265,429551493,1642.3000000000002,700,0.0,98.53800000000001,16.666666666666664,0.0
5718525558,4365093214,1143.805,700,0.0,82.35396,13.88888888888889,0.0
5718525562,5718525558,15.539,700,0.0,1.8646800000000001,8.333333333333332,0.0
5718525563,5718483513,759.366,700,0.0,54.674352,13.88888888888889,0.0
5718525562,5718525563,15.474,700,0.0,1.114128,13.88888888888889,0.0
430020636,3739384280,46.548,700,0.0,5.58576,8.333333333333334,0.0
3739384280,5718485036,92.283,700,945.9468053186008,8.247234464438598,11.189569109247078,20.09277852518866
3739384256,430022975,60.708,700,0.0,3.64248,16.666666666666668,0.0
6277567878,440209667,11.509,700,0.0,1.38108,8.333333333333334,0.0
440209667,5718485021,199.562,700,713.1817714330796,12.906983219076006,15.461552603946627,29.10915276695154
5718485024,440209667,418.845,700,713.1817714330796,32.50734340041024,12.884627169955518,64.49041712155484
6277567878,5718485022,430.616,700,598.4693618174288,32.20264897078656,13.37206763302746,54.88101071111081
5718485020,6277567878,198.723,700,598.4693618174288,12.384210471010553,16.046481159632958,24.154559123322066
5718485020,5718485021,12.234,700,0.0,1.46808,8.333333333333332,0.0
5718485021,3789484199,339.992,700,713.1817714330796,21.989512224872925,15.46155260394662,49.59300401650313
440214147,440214190,199.659,900,2039.683597475278,34.84013832317735,5.730717775801055,149.60954233926614
1574755824,440214147,124.78500000000001,900,2039.683597475278,10.309353682536312,12.10405655316506,56.40260282472996
440214190,5718485016,135.902,900,2039.683597475278,23.714655880258082,5.730717775801054,101.8348084633847
440214190,1574755669,19.065,900,0.0,3.4317,5.555555555555555,0.0
1574755824,4368291223,22.191,900,0.0,1.9971899999999998,11.111111111111112,0.0
4354712572,1574755824,59.325,900,2039.683597475278,4.901249406711276,12.104056553165064,26.81479675102866
5718485016,5718485018,67.858,900,2039.683597475278,11.841099606499926,5.730717775801055,50.84771697773666
5718485017,5718485016,12.3,900,0.0,1.107,11.111111111111112,0.0
1574755669,4284724853,639.368,900,2152.146120640404,129.0992859505542,4.952529328821244,565.689973337104
5718485017,1574755669,137.732,900,2152.146120640404,27.810436012658947,4.952529328821245,121.86035492496653
440216158,4354610817,80.91,900,1594.7456498613565,8.316506971325209,9.728844126382935,32.17818192554082
440216158,4368442315,1157.954,900,659.5227556401674,70.92653880301638,16.32610331114528,154.6698981367626
4284724868,440216158,522.986,900,2254.268405501524,120.722060524678,4.332149382863551,535.7710170788986
4354610817,4354610818,62.99999999999999,900,997.8551212268992,6.289796698121941,10.016221989943023,15.399608831410587
4354624120,4354610817,937.433,900,997.8551212268992,62.39431733450313,15.024332984914533,192.53239741419122
4368442315,440219747,870.1760000000002,900,659.5227556401674,53.299674969345574,16.326103311145282,116.23089801585863
4368442314,4368442315,27.148,900,0.0,2.44332,11.11111111111111,0.0
440219641,4354624121,36.969,900,1594.7456498613565,3.7999375382884857,9.728844126382945,14.70269691762845
4354624126,440219641,35.596,900,1594.7456498613565,5.488216205993551,6.48589608425529,18.94326538514151
4354635923,440219641,967.0040000000001,900,0.0,58.02024,16.666666666666668,0.0
4354624121,4354624120,25.428,900,997.8551212268992,2.538681753013404,10.01622198994304,6.215575450239801
4354624121,4354610818,1019.8539999999999,900,1098.6034592029862,71.01888227285873,14.360321753328373,233.3002058497344
440219747,1574302481,543.48,900,0.0,32.608799999999995,16.66666666666667,0.0
4354635924,440219747,15.344,900,0.0,1.38096,11.11111111111111,0.0
1574302481,8198057045,1099.82,900,0.0,65.9892,16.666666666666668,0.0
4354635953,1574302481,399.814,900,0.0,23.98884,16.666666666666668,0.0
4354635923,4354635924,16.9,900,0.0,1.5210000000000001,11.111111111111109,0.0
4368442314,4354635924,902.2010000000001,900,0.0,54.13206,16.666666666666668,0.0
4354635953,4354635924,128.564,900,0.0,7.713840000000001,16.666666666666664,0.0
440232460,7664120870,124.629,900,2965.290386262123,106.83177419013887,1.166591128386445,332.2635331197217
3063623168,440232460,315.875,900,2965.290386262123,180.51168760780723,1.7498866925796677,725.1775825922241
4354458983,440232460,147.488,900,2763.5273615237784,65.75543590832885,2.242978058964074,280.5893169298489
7664120870,4354458983,24.595,900,1438.4996046218414,2.1723799336727523,11.321684397267589,8.09459664223245
7664120870,471056797,575.072,900,1526.7907816402824,55.176573714046896,10.4223941664141,210.0977506636976
440232522,3063623168,34.262,900,0.0,3.08358,11.11111111111111,0.0
3063623164,3063623168,606.066,900,3013.831201533194,57.03789396317261,10.625672827108867,432.3118391654307
4354458983,440232467,40.611,900,1438.4996046218414,2.508556901774706,16.188988964639112,11.847343224185327
5712313500,440232467,216.528,900,1473.4588029221425,13.413661644433063,16.14234843100157,64.73296331936045
3245299637,3245299636,33.914,900,603.0569554596968,3.764409327287082,9.009115920037578,5.360958780429545
3245299637,6129081520,207.041,700,1158.4599917371845,28.744760526892453,7.202738732378748,73.85982655934512
442359338,4331477987,25.785,900,732.2879261944188,3.192300701616468,8.077246603662177,5.34128647747685
4341815229,442359338,72.248,700,732.2879261944188,7.0656591680704555,10.22523140183254,12.80136884189932
4341815227,4331477987,112.71,900,931.8897562851594,7.324900006514058,15.38724076776019,21.50379656764266
4331376812,442360572,320.948,700,1.6797855566291977,38.51376000009239,8.333333333313343,0.14913668069843194
442360572,5728906444,440.75699999999995,700,1228.9754948191155,66.9320774519137,6.585138498303074,178.65213779800902
4331376812,4331376813,12.874000000000002,900,13.117673322217293,1.158660003782502,11.11111107483835,0.039013307283666886
4331376804,4331376812,36.189,700,1.7220097113581956,4.3426800000115025,8.333333333311261,0.01723884383010519
4331376811,4331376812,13.299,900,689.3611738653267,1.226711972555454,10.841175677364486,2.145903612230053
5728906444,4015833535,8.594,700,1228.9754948191155,1.305059871134766,6.585138498303076,3.483408028088243
5728906444,5728906442,21.143,700,0.0,2.5371599999999996,8.333333333333334,0.0
442360666,4331360823,328.159,900,2252.4693982679983,30.727844457835573,10.67953205927921,174.45207412734658
4331360817,442360666,24.3,900,0.0,2.1870000000000003,11.11111111111111,0.0
4331340383,442360666,20.437,900,0.0134328602898664,1.83933,11.111111111111112,6.342027114484861e-05
4332869483,442360666,41.801,900,2252.4559654077075,3.914089266308154,10.679623574203132,22.221523456555
4331360823,4331376811,62.352,900,2250.747388556639,5.832051760347642,10.691263137260508,33.10130740964021
4331360823,4331376804,35.481,900,1.7220097113581956,3.1932900000030897,11.11111111110036,0.01411477305027639
4331376813,442361362,262.79,900,1574.5038880135282,17.877807082960494,14.699230100232352,85.62048806157807
442363280,4015833556,96.637,900,0.0,8.69733,11.111111111111112,0.0
4015833534,442363280,429.146,700,989.3604786432954,49.772242923537796,8.622195319975274,114.67651727033298
442760152,442760160,10.05,700,1505.4314405663142,1.84333847390283,5.452064361637025,5.777231999940344
7036248557,442760152,275.982,900,1730.209151557087,32.920402954921144,8.383311722457046,131.53374519897721
1414370536,442760003,258.732,900,1752.186328375329,31.65705554607595,8.172964779476187,127.15854633141291
442760160,442760161,16.114,900,2161.3297934344605,4.939463235144018,3.262297790850987,19.27042612866974
442760160,4363803050,68.286,700,777.460978679764,5.0234944482783055,13.593326458916176,11.242410425012071
3224340729,442760160,244.76000000000002,900,1433.3593315479106,32.280185331876,7.582360432060614,103.95013454316805
4335723707,442760161,95.834,700,992.5244499332651,7.298545908673573,13.130560689645197,20.389099194724338
4363803050,1273928852,69.475,700,777.460978679764,5.1109638402327775,13.593326458916167,11.43816396153991
4335723707,4363803050,70.634,700,0.0,6.357060000000001,11.11111111111111,0.0
442761182,4335723707,42.292,700,992.5244499332651,3.220883022409818,13.130560689645208,8.997806448058947
1273928852,442761182,17.5,700,0.0,2.1,8.333333333333332,0.0
1273627971,442761182,172.831,700,992.5244499332651,13.162499613310123,13.130560689645195,36.77054493106204
1273928852,442761250,167.602,700,777.460978679764,12.329726686587893,13.59332645891617,27.5935107057504
442761193,2761518095,129.531,700,0.0,15.54372,8.333333333333334,0.0
442761193,4198130497,81.619,700,992.5244499332651,6.215956951812804,13.130560689645199,17.364796284974076
4351840699,442761193,36.74,700,992.5244499332651,2.79805263982164,13.130560689645199,7.816594365404474
4198130287,4198130497,16.086,700,0.0,1.93032,8.333333333333332,0.0
4198130497,3233765935,171.21,700,992.5244499332651,13.039047154705038,13.130560689645195,36.425670149725065
4198130283,442761194,15.574,700,0.0,1.8688799999999999,8.333333333333334,0.0
442761194,4351840699,71.493,700,992.5244499332651,5.444778916134144,13.1305606896452,15.210445861890635
4351837823,442761194,158.143,700,992.5244499332651,12.043887823062432,13.130560689645193,33.64560921960149
4198130283,2833725845,157.346,700,777.460978679764,11.575238811158929,13.593326458916168,25.904992395717272
4198130288,4198130283,83.23,700,777.460978679764,6.1228574368128665,13.593326458916174,13.702747556948054
4198130288,4351840699,18.091,700,0.0,2.1709199999999997,8.333333333333336,0.0
1273627971,442761250,20.157,700,0.0,2.4188400000000003,8.333333333333332,0.0
442761250,4198130287,509.542,700,777.460978679764,37.48471733832156,13.593326458916165,83.88952776237451
3233765935,1273627971,331.715,700,992.5244499332651,25.262820670071733,13.130560689645195,70.57380511486505
4198130287,4198130288,126.068,700,777.460978679764,9.274256774529912,13.593326458916172,20.755472534054135
4067049941,4067049942,14.895000000000001,700,0.0,1.7874,8.333333333333332,0.0
4067049941,4067049915,344.277,700,864.0821226902935,32.012898194523345,10.754321520908023,69.93894989351486
6173856786,6173803653,51.253,700,1076.5121112904574,8.638932701534323,5.932793062607975,19.730994136441698
6173856787,6173856786,43.863,700,715.2466373941821,5.678587612068126,7.72427987318227,9.168928695355666
593898351,462973799,461.819,900,3831.606565962946,75.1245504714701,6.147377882485754,615.5579673130461
471044785,471048161,350.58,2000,9135.507984641989,20.12526786130224,17.41989236695382,643.3315153284974
471044785,471047252,287.68,2000,51.25624738872117,25.891200436112506,11.111110923955072,3.4064257942718914
2982002893,471044785,586.288,2000,9186.764232030717,55.04538645645982,10.650992530749987,1273.0748503603565
471048161,471050831,1906.8460000000002,2000,10152.048096647766,224.82956401504686,8.481295635445804,5289.014248799326
471048154,471048161,326.532,2000,2055.8450365692606,29.46794983099109,11.080920181850935,155.3025626906944
471047252,5581098043,314.056,900,2966.706178401948,50.633152303418704,6.202576488187468,321.8713005607821
471048082,471047252,89.787,900,2915.449931013231,13.863753091613694,6.476384814896405,87.45292133579476
5581098043,4368340773,51.031,900,1842.2252266495052,6.950094653225179,7.34248992944566,28.53314238912178
5581098043,471049645,21.777,900,1124.4809517524454,2.3054277392424,9.445969452573806,6.222132921567368
471048082,471048154,98.038,2000,2304.288757630419,9.430496875061369,10.395846719302583,54.13635051287765
471048237,471048082,88.021,900,2916.3944464862284,13.601843816294963,6.471255014305571,85.81319935250897
4361878105,471048082,17.96,2000,2303.344242157418,1.7274307755851102,10.396943399318936,9.912800900933396
471048154,1577564119,481.21700000000004,700,679.6824774885429,46.09425222276571,10.439848284648589,78.18965331338654
471048237,471048154,143.001,700,431.2387564273866,8.669459600817618,16.494799743517298,12.470076601021145
1577564119,1577564089,36.079,700,540.8108823810431,3.330795998856948,10.83194528046193,4.569257939336914
1577564119,1577564097,472.597,700,138.87159510749936,28.358997386319665,16.664799307326007,13.252166797663348
471050831,5937055833,362.68,2000,47.71834905685537,16.320600206508,22.222221941039752,3.45952952343837
1577952951,471048237,256.885,900,3347.6332029136147,57.57038790405903,4.462102989962452,382.37546215761057
471049645,4368340773,47.869,2000,2653.651770356116,4.829562815569626,9.91166319354603,31.316291443560665
4368340773,4341378933,285.491,900,4495.876997005618,65.35505670772386,4.36830773901325,579.7440141770835
5937055833,471050874,5.608,2000,47.71834905685537,0.252360003193164,22.222221941039788,0.05349355235315539
5937055833,5937055839,36.316,900,2481.769772356288,16.938887028949235,2.1439425115672894,63.486100301193815
4051659316,5937055833,132.42,900,2481.769772356288,49.411772670414315,2.6799281394591112,205.21012209111612
471050874,4051659315,136.314,900,2308.2926606687147,50.66927391333423,2.6902694566564,196.03954180189365
471051767,471050874,36.93,900,2260.574311611858,12.893287255287186,2.8642811773898864,50.116260496468975
4051659315,4051659316,8.997,700,1484.182383167278,0.996744690963186,9.02638366832525,3.495688137817824
4051659315,1486993199,924.197,900,1366.467621361195,71.59490867133204,12.908697240507356,272.4534348250555
6129383856,471051765,5.436,700,1296.8199625859886,0.604082406771312,8.998772252041286,1.8492647901355797
471051765,471051767,204.97700000000003,900,1963.360171707868,48.6713625101222,4.21144980187006,186.70499357144254
3738233957,471051765,851.118,700,1106.7229375774118,74.14893906173565,11.478491948365814,214.02836759871965
1273598604,471051765,332.654,900,856.6372341304561,31.716399603850732,10.488390995036271,67.94220274616217
6129383856,1746796469,332.74,900,1184.9498097702988,36.4560392930609,9.127157158384298,102.45617042089079
5937055839,6129383856,203.70199999999997,900,2481.769772356288,95.01280883277393,2.1439425115672885,356.1032493543832
5937055839,471051767,5.434,700,297.2141399039924,0.392167822679574,13.856312746086573,0.33988833602320095
1578886585,3738233957,35.28,700,1106.7229375774118,3.0735744868491,11.47849194836582,8.871767262451062
3738233957,1575375131,225.611,700,603.628205361017,21.117175053712796,10.683768043128161,32.13416162790702
471053184,471056756,135.782,900,355.50376632330045,12.241900768334952,11.091578225435004,11.161678622340652
471053184,471054436,91.334,900,1498.0095287047902,8.522593819249735,10.71669047440775,32.2287361616444
471055695,471053184,346.873,900,1853.5132950280909,47.895631705451066,7.24226798245824,197.16937754238705
471056756,471056793,702.419,900,1473.4588029221425,64.04774287453108,10.967115599624364,240.7541572418585
471054325,471056756,57.385999999999996,900,1117.9550365988428,4.036154668825356,14.217988335095464,13.396647246169135
471054436,471054325,8.042,900,3505.660157151853,1.181655835702878,6.805704128915354,9.065331611390228
471054125,471054436,57.962,900,2007.650628447061,4.640465974738242,12.490555973372805,25.439138811674592
471054125,1574756035,113.796,900,1984.8700990828645,18.512063833430066,6.147126599385486,78.5758577264818
471054137,471054125,7.147,900,3992.5207275299263,1.4155766558137322,5.048825841149244,11.559630384026756
1574756035,471054842,322.781,900,1984.8700990828645,52.5092487980104,6.1471265993854844,222.87948550750062
1574756004,1574756035,191.794,900,0.0,17.26146,11.111111111111112,0.0
8375293737,471054137,81.102,900,2849.559397216105,8.49242904163923,9.549917885960397,58.31199429322683
1574756004,471054137,103.42399999999999,700,1142.96133031382,12.528058100523173,8.255389555998388,32.919341057777515
471054232,8375293737,5.405,900,4015.446641642879,1.08633191918451,4.975459069689711,8.891123233277783
471054994,471054232,157.366,900,3155.2412707262106,29.82287382564836,5.276687985202204,194.44628184796304
8375293736,471054232,41.931,900,860.2053709166686,3.0304227565563178,13.836683317297002,7.594146252281985
8375293737,1158423265,470.27400000000006,700,1165.887244426773,58.565034825069745,8.029944853694364,155.7574150891229
471054325,8375293732,98.047,900,2387.705120553007,8.640507610378872,11.347365736039297,53.50017543536013
8375293732,8375293736,4.591,900,3914.495902193293,0.865386500812572,5.305143997149469,7.00872660567193
471056797,8375293732,796.184,900,1526.7907816402824,76.39166081107183,10.422394166414104,290.8791725460903
471054674,471056823,48.305,900,0.0,4.347449999999999,11.111111111111112,0.0
8375293736,471054674,39.715,900,3054.2905312766216,6.899154437869872,5.756502533412209,44.40767116231965
471054842,471054843,19.064,900,1626.0226675823862,2.025432525045426,9.41231058762248,7.894570059698865
471054842,471055814,479.813,700,693.5615633893535,36.95488093775041,12.983751748740124,71.63444779327197
471055695,471054842,43.734,700,334.7141318888753,3.160755538868958,13.836565170000378,3.082023957868556
471054843,471055694,44.656,700,633.4626336950961,3.37121254688739,13.246272484726743,6.044348894970367
471054843,471054849,532.122,900,1855.3708115513164,73.64129556668306,7.225864182660355,303.29106572353584
471055951,471054843,484.511,700,862.8107776640253,40.70947773211399,11.901675653721044,93.35244718705985
471055814,471055815,18.584,700,502.1532595551685,1.3636804991990459,13.627825587383015,1.974504199794495
471055814,503718752,456.702,700,775.0880767780765,40.50900151007568,11.274086819602452,81.16233401965492
471055951,471055814,19.748,700,583.6797729438921,1.6350841068453421,12.077666168562367,2.5567993665364215
471055694,471055695,18.116,900,2030.9760689159143,3.126015393039144,5.795236978147903,13.399766304804482
471062460,471055694,538.913,900,1626.7656187993891,57.301764297633646,9.40482385849078,223.38530522127832
471054849,471054850,14.653000000000002,900,1855.3708115513164,2.027854334041074,7.2258641826603744,8.351701275359718
471054849,471063004,654.666,700,173.0876419826269,47.14869849099687,13.885134074803988,23.83140330181369
471062460,471054849,43.671,700,173.0876419826269,3.145162283974308,13.885134074803988,1.589728523542548
471054850,471062450,45.058,700,1101.685565937648,4.683999175255789,9.619557628880118,12.467457953627687
471054850,4354426628,383.552,900,1414.0181875811309,33.15671080471438,11.567854310369796,122.76219499296829
471062575,471054850,653.26,700,660.3329419674632,49.72901119288202,13.136396327411887,92.45174766587643
471063004,471063005,12.693,700,784.4488944920918,1.01815883089008,12.466620742172132,2.1784538952985106
471063004,471055951,513.235,700,989.6740921420034,52.92602486807375,9.697214201884934,126.92892111327622
471062575,471063004,15.058,700,1601.035344651468,3.58934719483995,4.195191822526224,11.216042703677257
471062450,471062460,14.718,900,1359.423705049012,1.2155983684120861,12.107617435539876,4.433232199976607
471062450,471062445,381.289,700,1101.685565937648,39.63685386688501,9.619557628880115,105.50189923389293
4354426621,471062450,375.163,900,1359.423705049012,30.985699870130734,12.10761743553986,113.00344420708149
4354426628,471054854,532.747,900,1414.0181875811309,46.05408969599734,11.567854310369794,170.5145354369652
4354426621,4354426628,78.346,900,0.0,9.40152,8.333333333333334,0.0
471054854,471054855,19.794,900,2133.3609083057763,1.723403778064794,11.485410588008945,9.592039419801498
471054854,1724989849,91.041,700,1321.3024158317658,11.431220863237135,7.964241185540236,34.377153318508526
471061960,471054854,19.964,700,2040.645136556408,8.133758694014801,2.4544617994003732,26.732194724745824
471054855,471061958,19.911,700,1054.5374001704868,1.539099320925798,12.936786943693244,4.526062190932499
471054855,1574755842,159.084,900,2807.494732848032,22.45975284523045,7.083069929408553,139.29547417956405
1574755567,471054855,107.78299999999999,700,450.3976092611699,7.779381362117292,13.85495773801029,10.21661171570418
1724989849,5427110873,18.63,700,0.0,2.2356000000000003,8.333333333333332,0.0
1724989849,1596309649,160.723,700,1321.3024158317658,20.180579126972365,7.964241213731354,60.689131255013905
471061958,471061960,16.866,900,2590.8900765868634,6.039499992160555,2.7926152863469746,26.63403049020709
471061958,4363252866,71.251,700,368.9626635424024,4.27977499217331,16.648305139943368,5.309027147480997
1273791425,471061958,350.191,900,1905.3153399587788,51.5409763368736,6.794419215327617,214.8201378247615
1574755842,1574755519,31.096,900,0.0,2.79864,11.111111111111112,0.0
1574755842,471054865,716.146,900,2807.494732848032,101.10672450466677,7.083069929408552,627.0642971750652
471054865,471054866,12.958999999999998,900,1851.712844860534,0.976629565057494,13.269104749288545,5.124189442179983
471054865,7134042261,136.376,700,1221.2290596238497,16.39918086997622,8.316025116210438,46.13938047291056
7134042265,471054866,147.285,700,1007.8805518619292,13.901386721102766,10.594986166122297,35.19093009249672
7134042261,1024462903,1063.724,700,1221.2290596238497,127.91255258795233,8.316025116210437,359.88419043062083
7134042265,7134042261,16.083,700,0.0,1.92996,8.333333333333332,0.0
471054994,1726146329,29.687,900,0.0,2.67183,11.111111111111112,0.0
1726146240,471054994,1174.956,900,3155.2412707262106,222.66922040776595,5.276687985202203,1451.8118623778657
471055008,4355855248,27.608,900,0.0,2.48472,11.111111111111112,0.0
471055008,4284464017,110.566,900,107.25265103466528,6.6339791177242144,16.66661863685963,2.3944493569204313
4355905819,471055008,267.085,900,107.25265103466528,19.23017541729688,13.888848864049686,6.0239998870485625
4284464017,4355852530,194.226,900,1444.1521135170944,17.242206170418516,11.264567775162243,64.33962295279457
4284464016,4284464017,30.058,900,1336.8994624824288,17.949741741453344,1.6745644830412072,31.69722073781307
471055815,471055950,18.992,700,1671.0450076136071,5.088695739723648,3.7321940574563413,16.04306620451392
1833867494,471055815,452.0439999999999,700,1168.891748058438,56.50310001521417,8.000339802210524,150.5077958997934
503718752,1574756004,364.307,700,1142.96133031382,44.12959520543504,8.25538957028846,115.95709282111956
503718752,1158423265,36.978,700,316.7318608975843,2.67048866701659,13.846903923135159,2.465331813965951
1833867494,503718752,12.3,700,684.6051144333281,1.049122305949746,11.724085867057317,1.8937333236360885
471055950,471055951,16.633,700,456.8164584659139,1.213288459416396,13.70902349800693,1.6045257913612052
471055950,471063005,513.997,700,1214.228549147693,68.049145594639,7.553320405546625,185.45159046734977
471063005,471062574,15.451,700,405.2510132905619,1.246124221010838,12.399245387804413,1.3730713313796041
471063005,471063009,256.829,700,1593.4264303492218,54.4069251425149,4.720520399328863,174.46844753865352
471056793,471056797,31.473999999999997,900,0.0,2.83266,11.11111111111111,0.0
471056793,5712313500,322.634,900,1473.4588029221425,19.986806837868624,16.14234843100157,96.4542917663237
5712313503,5712313500,22.466,900,0.0,2.02194,11.111111111111112,0.0
471061771,471061778,14.18,2000,9610.91206475648,1.957997373790776,7.242093472549887,41.794776368131835
471061772,471061771,23.018,700,537.2072394062832,1.8876460992448199,12.194023026460671,2.7312166531171913
1707756142,471061771,210.167,2000,9110.164396480495,25.858308674796636,8.127639075050714,539.1888570488543
471061778,471061777,22.904,700,1108.6026496623444,2.666153042490048,8.590654637968141,6.875547962314167
471061778,2173156679,593.244,2000,9856.220715566307,65.12211467942569,9.109716459920582,1521.3479883923799
5712092609,471061778,137.775,700,1353.9113004721623,22.180231665895633,6.211612307541545,64.36804214821746
471061772,2887449500,411.75899999999996,2000,10018.096805464307,46.995759089026045,8.76162036706307,1101.8925704333822
471061777,471061772,14.644000000000002,2000,10555.304044870583,1.9066346099620681,7.680548713154503,45.36451768585955
2887449500,1042073829,22.643,2000,14.032423222184583,1.3585800001285502,16.66666666508965,0.06415677016326846
2887449500,2887449498,75.616,2000,10004.06438224212,8.601138946061562,8.791393846116666,201.60084217737096
4630739900,471061777,451.20700000000005,2000,9446.701395208242,44.967447978250725,10.034080658040322,1043.0153733534407
2173156679,1024466676,714.307,2000,1875.9091889365784,52.984364389918795,13.481467754209946,284.5511005740675
2173156679,2173156675,201.34399999999997,2000,8748.586806282694,10.659584857124916,18.88854047307675,351.8721408412618
471062011,471062012,16.852,700,1314.1099230070172,2.094082217471196,8.04743952238437,6.281166255540508
471062011,471062575,966.495,700,749.6296418515283,84.67575239470928,11.414070411736768,165.08445938115722
471062266,471062011,15.451,700,742.4371490267798,1.349231258333112,11.451706224986747,2.6095326071370395
1596309649,471062011,187.594,700,1321.3024158317658,23.554535174302973,7.964241221990121,70.83564194338969
471062012,4356654921,44.568,700,1406.0034317115096,6.9870119257669865,6.3786924186633085,21.18244995154671
471062012,471062277,15.039999999999997,700,486.8354657088428,1.2235629333432,12.291970923723131,1.6116101367032483
471062574,471062012,968.1129999999999,700,578.728974413335,80.06656630477161,12.091351542601432,124.21654690648047
471062574,471062575,13.668999999999999,700,1511.7386447674028,2.53280708287281,5.396778970033549,7.952956495299598
4356654921,4356640303,462.573,700,1421.2192116765302,74.243684663993,6.230469326697366,226.3230876686139
4356654916,4356654921,21.928,700,15.215779965021063,2.631360679909704,8.333331180107345,0.09229735975945166
471062277,471062266,16.467,700,2137.537653287055,7.85711897986602,2.095806369000765,25.075079311172335
4356654916,471062277,49.071,700,1650.7021875782125,11.436374865277992,4.290782750483686,37.07078248284577
471062015,471062016,61.7,700,1839.9804269843664,19.783079192349017,3.1188269227503316,64.65406055768074
471062015,1273639769,206.661,700,1111.29316598254,24.12979387318703,8.56455720616997,62.319921592138215
471062301,471062015,17.167,700,1530.0543812903768,3.6410619110058597,4.714833315003299,11.208211663658915
4356640303,471062015,55.67099999999999,700,1421.2192116765302,8.935281931563564,6.230469326697368,27.23814968361619
471062016,471062304,16.377,700,1635.3689332680349,4.13348857734936,3.9620286093791286,12.982669795772345
471062016,4356638944,76.236,700,939.2815792233678,7.529115073838976,10.125492737505535,17.42723871710575
4356638936,471062016,56.78499999999999,700,734.6700855070369,5.559209108880144,10.214582486075768,10.100469216838215
1273639769,5711782275,772.472,700,1111.29316598254,90.19403825027933,8.56455720339817,232.94377982772343
1574756046,1273639769,65.873,700,0.0,4.742856,13.888888888888891,0.0
471062304,4356638952,69.544,700,1357.606905124861,11.25755219392287,6.177541867186876,32.718887064649046
471062304,471062301,61.638,700,1357.368444407182,9.974210312463816,6.179737349530006,28.98619674255257
5809906371,471062304,60.32,700,1079.6064162640089,6.80069172176961,8.869685977223522,17.250619531157067
4356638944,4356638924,54.977000000000004,700,1168.4506477361217,6.868101341851788,8.004686777842013,18.29044460693078
4356638936,4356638944,107.846,700,229.16906851275328,13.113589296583127,8.223987922826005,6.901443511779345
471062018,1273699183,255.562,700,1617.2896255512742,56.32795309759901,4.537036869725937,181.5193345214904
471062018,471062019,14.381999999999998,700,570.2478335722984,1.18721539993521,12.114061189557404,1.8167557468687752
1577492208,471062018,12.611999999999998,700,1019.086811387452,1.203140958250248,10.482562257993349,3.0653690859615175
6302571554,471062018,269.457,700,1168.4506477361217,33.66240382079337,8.004686814242172,89.6463669569699
1273699183,1577492075,14.766,700,2128.464759888732,7.63723725526101,1.933421668919379,23.270107376659332
1577491942,1273699183,15.476,700,511.1751343374572,1.137193562103804,13.608940918878801,1.674600530894292
471062019,1577492005,12.884,700,829.9313071292073,1.0602426245024101,12.15193551197461,2.3653922257704836
471062019,5711796780,74.114,700,1597.6143198865109,17.566417462907108,4.219073135230768,54.85948456465314
1577491942,471062019,257.04,700,1857.29779344342,84.8557445234875,3.0291408253315493,276.91500208201444
1577492005,1577492208,14.309000000000001,700,2281.107708521063,10.482777901378691,1.3650007788601612,27.85417602431863
5711796781,1577492005,74.289,700,1451.176401391856,13.884014822084202,5.350685731178735,41.76734574793035
5711796780,4356631544,177.823,700,1597.6143198865109,42.147408554093346,4.219073155394032,131.625308171443
5711796781,5711796780,12.863999999999999,700,0.0,1.5436800000000002,8.333333333333332,0.0
471062020,1577492022,33.996,700,1597.6143198865109,79.31511222799685,0.42861945277560876,60.031666921686295
4356625958,471062020,20.453,700,0.0,2.45436,8.333333333333334,0.0
4356631544,471062020,85.908,700,1597.6143198865109,20.361818095271737,4.219073149462468,63.58945122936517
1577492022,471062031,16.569,700,1597.6143198865109,3.53444926687272,4.687859054958299,11.344306768431922
1577492204,1577492022,29.368000000000002,900,0.0,2.64312,11.11111111111111,0.0
471062031,492818282,14.253,700,2418.949134386132,11.611922312869178,1.2274453459100212,30.50107349410791
4276985978,471062031,16.853,900,821.3348144996216,1.014350922688686,16.614565652810423,2.796154507972563
492818282,4051143190,8.702,900,1482.546666406888,0.577053215455374,15.080065004287222,2.6530757221451537
492818282,1746775141,257.335,700,936.402467979244,19.016733353453215,13.532029671819055,51.10590970116029
471062094,4276985978,83.813,900,1688.2161544596402,5.3102623043276225,15.783212805080497,28.82264155622521
471062094,1577492127,82.183,900,484.2620192665141,8.114036828919895,10.128497285972985,9.684076978007429
1024462939,471062094,249.40600000000003,900,2172.478173726154,22.22393232017525,11.22240638636148,124.52506289826874
4276985978,1577492204,38.741,700,966.9143821253416,3.523915793597412,10.993736022406768,8.702353098359456
1577492203,4276985978,14.210000000000003,700,100.03304216532264,1.023150865590894,13.88846990008007,0.2989294354973969
1577492127,1577492204,12.033,900,0.0,1.08297,11.11111111111111,0.0
1577492127,4356610910,25.262000000000004,900,484.2620192665141,2.4941508386427182,10.128497285972978,2.9767610408286806
471062266,1596309660,183.042,700,1395.1005042602749,25.654650264280747,7.134846825600714,79.20354357651077
1596309660,5711796795,32.419,700,450.3976092611699,2.14827952673418,15.090680517392185,3.002254369144468
1596309649,1596309660,27.077,700,0.0,3.24924,8.333333333333334,0.0
471062301,5740278559,37.143,700,1159.5963928288538,4.5901479623468395,8.091896013959781,12.167822151190965
1024466670,471062301,43.227,700,1332.2823297120476,6.740656480552079,6.412876865141714,19.387403876752526
5740278559,5757754005,18.722,700,1665.917967543233,4.9733680943683805,3.764450900225937,15.672558583989534
1024466670,5740278559,59.697,700,307.05470711165754,7.470606433278936,7.990917542392645,5.225690719899808
4356638952,1024462914,394.94,700,1540.0213859944638,85.13814211895922,4.638813934278367,262.72206222377497
5809906371,4356638952,97.89,700,182.4144808696026,11.809497600222654,8.289090976923049,4.95833252799545
471062568,5711782267,11.679,700,963.8391540197896,1.324410572429478,8.818262435474391,2.9936923013617505
471062568,471062571,69.544,700,1605.2834276857873,15.024986679538584,4.628556516107054,48.30260306483547
471063010,471062568,17.315,700,1744.1326920071597,5.90302415466072,2.933242274864991,17.868987479514377
5711782270,471062568,14.393000000000002,700,824.9898896984172,1.18092402037161,12.187913660584911,2.6232672824631256
5711782267,1574756046,806.528,700,963.8391540197896,91.46110199164367,8.818262435474354,206.73830502891485
5711782270,5711782267,21.487,700,0.0,2.57844,8.333333333333332,0.0
471062571,471063009,18.63,700,1031.3599877781508,1.99846358860263,9.3221613374635,4.924027669079343
471062571,5711782271,17.325,700,1374.928874252584,2.5904766057218582,6.687958486763574,7.763026409593623
5711782275,471062571,19.587,700,801.0054343449481,1.7613052252672259,11.120730080743531,3.6228404673758683
471063009,471063010,68.255,700,1676.4205291174028,16.608625892074457,4.109611502091266,54.033654517150644
471063009,1574755888,879.9419999999999,700,948.36588900997,87.55158954305743,10.050554245702745,204.00251689997984
5711782271,471062574,237.621,700,1685.2166058901769,58.68199774004458,4.049299770819621,191.1181671579409
5711782275,5711782271,24.725,700,310.2877316375924,2.975286098261664,8.31012520592416,2.1264563933099643
471063010,4273704196,32.284,700,1098.926370331542,3.345783270613626,9.649160566840608,8.893297504414974
1574755633,471063010,33.497,700,1166.6385332213,4.697279324398027,7.1311492646422,12.125550787680362
1574755888,1833867494,445.148,700,1442.7419669037329,73.88815328398432,6.024619376926401,226.9435906865402
1574755888,1574755994,34.086,700,641.7593696180871,2.579613365012478,13.213608078757614,4.678259868512557
1574756112,1574755888,60.467000000000006,700,1136.1354475118496,6.539097141915205,9.24699521779701,17.698803243808353
4273704196,6300395395,2.128,700,1256.6302029768283,0.26832471606443997,7.930689469131671,0.766557152172803
1574755633,4273704196,38.766,700,157.7038326452855,6.979180368987498,5.554520437995782,2.3010432387050606
471577372,471578545,75.291,900,1781.3452782200789,9.532599071245032,7.898265671018765,38.56155397413447
471577372,471577391,191.223,900,272.3339743845247,17.22050725202366,11.104376729525697,12.034341455240082
526021972,471577372,232.74599999999998,900,2053.679252604604,49.62330116099558,4.690256281920654,204.7659005856495
471578545,471578633,111.81500000000001,900,1781.3452782200789,14.156905409029811,7.8982656710187635,57.267935843830486
471577391,2887440421,471.6979999999999,900,2020.3495283651189,38.571456359828346,12.229198597003641,210.22682278068433
2887440421,2887440428,11.799,900,3077.354982707206,1.145445071353326,10.300799484046546,8.74773643454678
2795024433,2887440421,13.407,700,1057.005454342087,1.3283378605506,10.093064722587037,3.4555251210391513
471578135,1658531369,239.338,900,2105.8580456088357,54.5966282688352,4.383750564622664,227.0602706054685
471578682,471578135,69.117,900,1383.0189853398483,6.983788228320954,9.896777757337174,23.587643963062273
1658531369,4267524449,412.752,900,1375.1869228996402,41.436450559095476,9.96108485236555,139.51011421974923
471578633,471578630,114.46,900,6.922285052049716,10.301400002607895,11.11111110829823,0.1830398589359064
471578633,4938677949,726.461,900,1774.4229931680295,52.99839147283696,13.707227329197906,272.22147082925727
471578630,471578721,113.393,900,2529.519554650896,12.869837777350645,8.810755967690435,76.32619908770072
2795024433,471578630,543.887,900,2522.597269598846,41.73922466706603,13.030596623160305,294.93762079085985
4938677949,4341204489,13.602,900,1774.4229931680295,1.488484834313598,9.13815155279862,6.266807247064763
4938677950,4938677949,17.914,900,0.0,1.61226,11.111111111111112,0.0
471579766,1825885299,34.004,2000,11055.521022456416,12.549466573764715,2.7095972406577866,233.2437099639051
471579768,471579766,201.55,2000,2633.574001464978,34.807086434285225,5.790487531339935,193.43503123834634
1825885299,1641249722,434.96200000000005,2000,2833.4848183241284,91.78257474816579,4.73904770261081,523.8791923481775
1825885299,1641262397,724.82,2000,8222.036204132286,104.47145741386541,6.937971556466506,1888.2323388461348
471579768,1641248438,30.099,2000,0.0,2.70891,11.11111111111111,0.0
2990150872,471579768,18.363,2000,2633.574001464978,3.1712355653325663,5.790487531339942,17.62365407407469
4022717907,6128998297,283.114,900,2325.964511468383,30.34367629269195,9.330247174703281,168.66178383455252
4022717906,4022717907,51.175,900,2439.6769316176965,15.063687343679922,3.3972425762986136,67.26802262043495
4368402158,5729205056,586.439,2000,7309.733331228655,62.70889783185659,9.351766978466724,1096.2922287024428
471603980,6718993872,164.188,2000,2379.1025545275597,22.17450655084147,7.404358677544932,117.81207052000792
471604488,471603980,230.096,2000,1600.8032394007748,17.345662118454516,13.265333916264556,78.66314778347488
471604488,6718993872,391.758,2000,6933.939288487707,37.27377486588245,10.510285084073551,646.892610049999
5729205056,471604488,19.602,2000,8534.742527888478,3.138243750820296,6.2461687352603805,57.481729367983284
471605522,4214132650,110.92099999999999,900,773.7972556565542,10.377493800141673,10.688611541110795,20.24737762282548
4022485906,471605522,39.401,900,2844.905874266807,29.156562971326693,1.3513595562943392,95.99514001197772
4214132650,4353201379,55.732,700,1102.440191246087,5.798498128541268,9.611454339474028,15.439714244346137
791160081,4214132650,18.165,700,328.642935589532,1.31247662652081,13.840246472162208,1.256799248501613
5729205052,2840895663,266.58,2000,1505.9086851052316,19.206629498322535,13.87958256930413,84.43924947065129
471608639,4022485906,500.006,900,948.3606268791988,49.01389911989079,10.201310423742392,114.89410799110155
4022477612,471608639,73.005,900,948.3606268791988,4.770955688861898,15.301965635613604,14.191558937134467
4022477636,471608639,51.28,700,0.0,6.1536,8.333333333333334,0.0
4022485895,4022485906,144.208,2000,1896.5452473876069,15.628076335367671,9.22749524032238,70.55859362123725
5497546678,471609479,3.897,700,21.28400003851653,0.280584017348022,13.888888030163033,0.017442578863630934
471611654,1840977010,58.64399999999999,900,1793.5725507798772,3.7695551503530362,15.557273381318675,21.485666441672073
2887440428,471611654,201.497,900,2408.493408395486,14.893173966763944,13.529486760153798,102.93223944413485
471611927,1840977010,30.326,700,607.388912059562,2.841257807381286,10.673441854243665,4.348632607310146
471611927,4376540406,153.896,900,3021.652738274956,14.538120643827979,10.585687364297328,110.2934209257916
4272035805,471611927,129.948,900,3629.041650334518,17.11578565672146,7.592289516021646,139.59460552289983
4376540406,4376540401,30.817,900,0.0,2.77353,11.11111111111111,0.0
4376540406,2795024444,131.551,900,3021.652738274956,12.427251577794193,10.585687364297325,94.27931730654977
4272035805,4272035804,20.144,900,32.817314728735084,1.812960231844404,11.11110969020353,0.1527183543692591
4272035804,1840977019,279.29,900,2606.934193345005,22.09078781828655,12.64282660706226,158.3762677736859
3344172741,471613486,92.829,700,0.0,11.139479999999999,8.333333333333334,0.0
471613486,471613489,737.881,700,0.0,53.127432000000006,13.888888888888888,0.0
471614148,3344172741,19.627,700,0.0,2.35524,8.333333333333334,0.0
471614147,3344172741,10.225,700,0.0,0.92025,11.11111111111111,0.0
471613489,471613490,15.749999999999998,700,0.0,1.134,13.88888888888889,0.0
471613489,4357647622,81.829,700,1.6293157366373274,5.891688000012504,13.88888888885941,0.028037515457158487
471614154,471613489,74.911,700,1.6293157366373274,6.74199000001431,11.111111111087528,0.02819637633360368
471613490,471613497,793.809,700,2.7896972065780417,57.15424800104292,13.888888888635451,0.46569343551124487
471613490,471614155,78.24,700,1454.089428760333,16.526001587555562,4.734357526560836,48.395285315299404
1757230541,471613490,89.025,700,1456.879125966911,15.109668271791906,5.891922866777951,46.63159255691042
4357647622,4357630800,511.6360000000001,700,1.6293157366373274,36.83779200007821,13.888888888859402,0.175304626213674
1757230541,4357647622,13.058,700,0.0,1.17522,11.111111111111112,0.0
471613498,471613497,16.816,700,0.0,1.210752,13.888888888888888,0.0
471613497,2887440425,149.011,700,15.192804692125318,10.728792172217293,13.8888886659461,0.4760837042015064
4938677827,471613497,64.408,700,12.403107485547258,4.637376033064992,13.88888878985961,0.16799538521204177
471614155,471614154,20.758,700,938.815894731411,1.844371206962736,11.254784243885345,4.472161216899667
471614155,1578171173,309.649,700,538.7773140948524,28.57590521950862,10.836017183756764,39.06032612636673
4938677827,471614155,738.426,700,23.503780065931032,53.16667688837426,13.888887611884364,3.64982243923452
471613498,471614172,64.775,700,976.3250712013432,5.9405086474527,10.903948440134943,14.756665170292804
2795024447,471613498,162.812,700,976.3250712013432,14.931471924493549,10.903948440134936,37.09088644856377
2887440425,4938677833,17.817,700,410.49427508521256,1.293798117600534,13.771082024020288,1.5422026138958302
2795024447,2887440425,24.96,700,395.3014703930873,2.26292627306559,11.029966065216366,2.2881894825992997
4938677827,471614172,15.004999999999999,700,0.0,1.08036,13.88888888888889,0.0
471614172,4523898343,40.004,700,952.821291135412,3.5955346659203222,11.126022613318476,8.79939265597898
471614148,471614147,15.495,700,0.0,1.39455,11.11111111111111,0.0
1042073880,471614147,341.163,700,0.0,30.704670000000004,11.11111111111111,0.0
471614148,1042073909,351.322,700,938.815894731411,39.019184240567746,9.003827395108251,86.48922665726472
471614154,471614148,693.457,700,938.815894731411,61.6144196968283,11.254784243885313,149.4003035450235
1042073880,1042073909,14.866,700,0.0,1.7839200000000002,8.333333333333332,0.0
1042073829,1042073909,472.30500000000006,700,0.0,56.67659999999999,8.333333333333334,0.0
1578171178,471614154,318.567,700,1.6293157366373274,28.671030000060874,11.11111111108752,0.11990809119444584
1578171173,3003540273,18.829,700,538.7773140948524,1.7376310576753922,10.83601718375677,2.3751631060761045
1578171173,1840954996,501.07699999999994,700,12.403107485547258,36.0775442572368,13.888888789859605,1.306959129858004
1578171178,1578171173,16.532,700,12.403107485547258,1.190304008486994,13.888888789859635,0.043120415295079456
1042073881,4938677827,39.156,700,12.403107485547258,2.819232020101428,13.888888789859614,0.10213059407779645
1042073881,4523898343,14.473999999999998,700,0.0,1.7368800000000002,8.333333333333332,0.0
4523898343,1042083473,116.129,700,952.821291135412,10.437602370229511,11.12602261331847,25.544062337420858
1840241677,471614190,148.96,700,0.0,13.4064,11.111111111111112,0.0
1305070575,471614190,387.74,700,0.0,34.8966,11.11111111111111,0.0
1042083473,1840241677,46.897,700,0.0,4.2207300000000005,11.111111111111109,0.0
472195903,4077492520,12.764,700,182.04273581953896,1.1491400990939642,11.107435908000891,0.5368807660655258
472195903,791159983,127.325,700,872.6368689085086,13.461252156800537,9.458629740894962,28.207365221635442
472195904,472195903,41.72,700,291.5413890997292,3.762972629273106,11.086979393751013,2.8130809042792184
4332957154,472195903,129.828,700,763.1382156283186,12.878502056228305,10.080986083099047,24.176219737963862
4077492520,4035033388,41.974,700,55.9429569458616,3.77767114753011,11.11107832333239,0.5424614728289232
4077492520,791160024,144.41,700,182.04273581953896,13.001200384688177,11.107435908000856,6.074189237505691
791159983,4077492520,129.223,700,55.9429569458616,11.630104319275818,11.111078323332396,1.6700457164761988
791159983,3023386405,143.136,700,872.6368689085086,20.177129798712503,7.093972305671219,38.9104368179412
1831682598,791159983,128.695,700,55.9429569458616,15.443409001889352,8.333328475873131,1.9916050924295696
472195904,3679038912,880.183,700,91.13891359769951,79.21679526696228,11.111065488496028,18.531911134807878
4035033388,472195904,13.104,700,382.6803026974288,1.1869801749779338,11.039780003270572,1.1623970681649947
472198453,2981967064,822.649,2000,7278.585641763006,87.10437716017915,9.444404825801156,1521.5876404056103
1658531532,472198453,367.233,2000,8215.744036551678,52.81957507753424,6.952592849543678,954.4116464901392
2981967064,4332957154,296.501,2000,435.1413319005798,17.791616531425834,16.665208553493827,26.051788791857525
4035032467,4035032465,160.77,700,1503.5846731128536,49.00029859615883,3.281000414405697,133.25564142879395
4035032467,4035032469,157.298,700,1541.6710085952825,12.610735923809214,12.47334025154072,53.04400106537558
3023386405,4035032467,11.411,700,894.5702775363056,1.633522500790674,6.985517490256016,3.2174993630452957
472198537,2833127113,6.219,700,3457.7545390408186,19.732064865067738,0.3151722864549103,24.578786071552855
472199198,472198537,29.243,700,1864.1075007036864,8.137672018400929,3.593533867410192,28.28248165293117
2833127129,472198537,57.54599999999999,700,1593.6470383371334,10.16255213875332,5.662553974070867,34.00555824670688
2833127113,4345154202,541.127,700,1863.235731040261,66.90665112035508,8.087790839009312,284.94103221085146
2833127129,472199198,43.669,700,330.3411282293113,2.6295404621032317,16.607084252687805,2.9142509168195723
472199488,4332957154,851.1250000000001,700,327.9968837277388,61.49468735751753,13.840626508949194,58.77132777713636
5667518743,472199488,13.233999999999998,700,0.1294877367798209,1.58808,8.333333333333334,0.0004740408050098779
472205355,4035032465,157.301,900,3575.359879489935,57.36899168160454,2.7419167635543227,346.52431974865186
472205355,4035032469,160.845,700,650.5733349454096,20.34311270608893,7.906607131555497,30.06301343586619
791160205,472205355,16.112,700,1220.0474027011646,3.2240993529657542,4.997364608252237,8.025977963617487
1273597598,472205355,436.442,900,3005.885811734179,96.99334897994794,4.499710594488581,579.7052179360174
4035032469,3023386402,11.642,700,692.0263426114664,1.4935724796499559,7.794733873731056,2.338897977349742
4035032469,1273703037,437.22599999999994,700,1500.2180009292258,66.26938974587425,6.5977067493249475,216.0165109686861
472558520,4724817987,146.245,900,2473.5541807064737,44.991846067371256,3.250477870612627,200.62812994816844
4203543298,472558520,1863.31,700,1721.3098784680703,407.49546798072015,4.572590731458537,1400.40852834739
4497467907,472558520,11.105,900,752.2443022384033,0.667770217864164,16.62997196179083,1.6872723057241956
4724817987,3788360425,89.621,900,2097.337798411991,25.273559941673422,3.5460378437714453,98.40700565669007
4724817987,4497467906,169.699,900,376.2163822944819,12.245315262188225,13.858279380034107,13.435218384999176
472559949,4203559435,1251.073,700,1245.313805394341,129.45490205455764,9.664160878764918,390.16109656154174
3455030576,472559949,29.853,700,1245.313805394341,3.089042119072752,9.664160878764926,9.30999167566697
4105902206,472559949,26.53,700,0.0,2.3876999999999997,11.111111111111112,0.0
4203559435,4203559429,74.778,700,1245.313805394341,7.737660924530946,9.664160878764925,23.32035499021957
4203559436,4203559435,25.95,700,0.0,2.3355,11.11111111111111,0.0
472560105,3774386901,19.007,900,796.4432185957868,2.300826893425806,8.26094307846846,4.213649658956987
472560105,8388117063,225.17199999999997,900,1283.3683289714363,26.326677033653027,8.552997391663435,78.48999473432654
7567389992,472560105,0.754,900,2079.8115475672234,0.127350559971378,5.92066497524205,0.5616904286726572
3774386901,8388117062,30.624,900,2350.49472844131,6.117812622727223,5.005710682644005,29.352147245938465
8388117064,3774386901,224.67,900,1554.0515098455232,33.22335712018984,6.762411131037327,112.82077631515034
8388117063,6986230273,88.956,900,2032.5409909086616,18.456890508490577,4.819663418335731,75.88206929658925
4136224798,8388117063,505.7269999999999,900,749.1726619372239,47.09625054563787,10.738158433863717,89.14851405823511
473905005,5437754417,45.698,700,876.3517031309755,3.096134714601984,14.759693686608399,8.278430899933849
473905005,473905010,75.465,700,0.0,9.055800000000001,8.333333333333332,0.0
4042151337,473905005,643.24,700,876.3517031309755,43.58084993491345,14.759693786620902,116.52627867705151
5437754417,473905010,54.24000000000001,700,685.9376151716813,4.16575423356519,13.02045126977633,8.000281820904348
5437754417,5728765640,23.75,700,925.7819458032516,1.622504515404624,14.637863731354342,4.554768714152721
4337614191,5437754417,21.697,700,735.3678578439576,1.699817728092774,12.764309750048568,3.4573464399225866
473905010,4337614202,672.934,700,685.9376151716813,64.60355962873246,10.416361015821058,110.48959903196092
4337614201,4337614202,36.241,900,0.0,3.26169,11.11111111111111,0.0
4351533376,4351533382,50.642,900,44.59354918293842,9.115563974364978,5.555553133346081,0.8498687347811029
474876910,474876983,58.62799999999999,700,225.61667505923637,7.040852185772532,8.326832953327688,3.6611086157729447
474876983,614874123,75.952,700,1058.969904691647,7.540498896281814,10.072543082985078,19.636223173296635
614874123,548813241,34.848,700,1058.969904691647,3.459702253233996,10.072543082985085,9.009415224655578
548812649,614874123,15.619,700,0.0,1.124568,13.88888888888889,0.0
474879459,5728879648,27.99,900,1208.9827171856805,1.75753861692285,15.92568136511601,6.881851945193821
4015833549,474879459,11.655,700,1183.9421500608132,1.3359133659168239,8.72436813445705,3.696785729280458
5728879648,4332629092,347.552,900,1366.5085543471723,22.436742494972293,15.490305692899971,97.09968798239413
5728879650,5728879648,18.325,900,157.5258371614924,1.6493619669672839,11.110356833130181,0.666889176286954
474879462,3812808961,7.017,900,0.0,0.63153,11.11111111111111,0.0
474879462,474879468,28.771,700,0.0691163068897784,2.58939,11.111111111111112,0.0004593861875360549
4332629093,474879462,316.51,700,0.0691163068897784,28.4859,11.11111111111111,0.005053711105524198
3812808961,474879468,24.643,900,6.835693713950881,2.2178700005338983,11.111111108436381,0.03891514239215798
3812808960,3812808961,15.561999999999998,900,10.361128620559915,1.400580001779636,11.111111096992865,0.03724902658039719
474879468,1842988775,105.801,700,6.904810020840663,9.522090006520987,11.11111110350192,0.16876561185847538
1842988775,4341331576,371.993,700,938.3615279336092,41.29982761937864,9.007132025545163,91.51120012324952
4341381875,1842988775,108.34599999999999,700,931.4567179127686,11.962605781277196,9.057056796904025,26.359541685865796
475477943,2147064069,18.724,700,1369.5168342278794,1.630362244748448,11.484564280307513,5.824986250392959
4332734096,475477943,11.022,700,0.0,1.32264,8.333333333333334,0.0
1273845622,475477943,241.671,700,1369.5168342278794,21.043114401335377,11.48456428030747,75.18320081813285
4332734096,1313395638,248.302,700,839.4375736415794,20.552230728227578,12.081510921292267,46.22803415302129
475478095,3743407991,14.079,700,0.0,1.6894799999999999,8.333333333333334,0.0
475478095,3672800653,13.595,700,0.0,0.9788399999999999,13.888888888888891,0.0
3996657166,475478095,765.405,700,0.0,68.88645,11.11111111111111,0.0
3743407991,1468897673,225.74100000000004,700,1129.5120280332071,18.093873780159008,12.476101178927104,55.7676609178246
4160048265,3743407991,1056.244,700,1129.5120280332071,113.34316782038945,9.318991345590314,305.80787436876653
475478327,3672800653,165.231,700,0.0,11.896631999999999,13.88888888888889,0.0
475478327,1468897673,138.277,700,0.0,12.44493,11.11111111111111,0.0
2086871757,475735708,195.749,900,16.975540306553174,23.48988344105364,8.33333211257602,0.9192193540302362
3384390176,475735708,76.866,900,0.0,9.22392,8.333333333333334,0.0
475746092,4022477630,23.236,700,0.0,2.09124,11.11111111111111,0.0
4022477630,475746092,21.408,700,0.0,1.92672,11.111111111111112,0.0
4022477640,475746092,59.112,700,1577.2297203406845,20.318901105002787,2.909212446801359,55.44350555190624
4022477630,4022477636,55.233000000000004,700,0.0,6.62796,8.333333333333334,0.0
4051143190,1577492203,8.027,900,1670.7556016573285,0.563351113882422,14.248662694000332,2.7987384552902603
4356601165,4051143190,223.765,700,188.20893525044036,20.146463243723147,11.106912279986238,9.731074952415092
1746775141,4356601163,84.063,700,936.402467979244,6.212150138501706,13.532029671819064,16.694643508300985
1746775141,1746775128,157.881,700,0.0,18.945719999999998,8.333333333333334,0.0
492820352,6030015803,12.368,700,1367.883573763551,1.524826941235146,8.111084389669575,4.7712946622827594
6030015789,492820352,390.746,700,1146.8752686131172,35.66513847893592,10.95596475058627,104.30054906532725
6030015802,492820352,7.058,700,221.00830515043447,0.508541277264408,13.87891271671602,0.3281066105407193
6030015803,1366011892,9.031,700,1046.3310518517028,0.88504325493006,10.204021046082849,2.289210867998046
6030015803,1804902040,164.323,700,321.5525219118492,9.891136410015083,16.61315678890222,10.673801664134468
492820378,817392949,20.72,700,2.15381497027703,1.3562181600087901,15.277778023460256,0.00915063735526494
492820378,822493981,388.279,700,1380.8205041024328,58.57568166218768,6.628672325816833,175.9295825073359
817385665,492820378,997.777,700,10.550200435690666,65.30904024377561,15.277777720751224,2.15847688996702
821789929,492820378,13.009,700,1372.424118637019,1.937808926322858,6.7132521804848855,5.801599822392337
817392949,821789927,11.838,700,1617.6923304666889,2.610942414256284,4.533995056866087,8.414533209686342
822685954,817392949,1558.869,700,1615.5385154964124,342.5871256762157,4.550284827321009,1103.6263130292543
822493981,822493982,152.858,700,1293.042925122983,20.275067792590963,7.539210303200973,58.813300416688406
822493981,822493974,604.991,700,87.77757897944959,43.55950589513186,13.888839819636539,11.167604425559727
493839482,1578885786,18.171,900,1525.2471926871845,2.088983813399616,8.698487696957537,7.440272543824239
493839482,1273722353,36.012,700,10.740947518423166,2.592864010397388,13.888888833194427,0.08134237837257768
1578885822,493839482,30.389,700,10.740947518423166,2.7350100109673883,11.111111066555562,0.07540522780392034
1804901984,493839482,814.835,900,1525.2471926871845,93.67547881742763,8.69848769695753,333.64121282521756
1578885786,1578886297,52.67799999999999,900,1596.9389025874575,6.512454712574765,8.088808648186854,23.77202287065316
1578885786,1273456284,33.223,700,389.2707401752732,3.010755332868234,11.034772449725994,2.998536830106913
1273471334,1578885786,44.248,700,460.9624500755471,3.229193360210136,13.702493181492425,4.307854553838909
1273722353,821455026,23.904,700,285.825823463749,1.724548852138164,13.861016445178038,1.4377149365676822
1804901987,1273722353,838.295,700,275.08487594532573,75.57671084366751,11.091975168567947,53.321030663611154
493839484,1847299735,11.617,700,285.6300144056681,1.047626650204086,11.088874073351338,0.7673553924983771
493839484,817385668,367.79,700,1610.3374026338956,100.16426749892858,3.6718683137570403,302.78276071056024
817385665,493839484,11.342,700,1893.516198415364,4.974285670860528,2.2801263840638826,14.659038048334331
821789929,493839484,1006.13,700,2.451218624200364,65.8557818407163,15.277777772550039,0.5056958038427612
1847299735,1847299733,25.028,700,203.28538731805529,2.253678957250314,11.105397208188142,1.1756871506700874
1847299735,499585876,435.063,900,2168.3566165153875,107.67360082349465,4.040572588569622,450.9366368978833
817385517,1847299735,11.328,900,2086.011989427774,2.5183592791528078,4.498166760308645,10.444531772851601
817385668,499585876,62.433,700,1357.3604999914758,6.754102659569514,9.243714990257386,21.837648710695028
817385668,1578885765,127.535,700,252.9769026424208,15.323084619164018,8.323063088778918,8.932769846578099
493839494,817345793,18.331,900,1485.9083994451437,1.691015583048516,10.840231269160382,6.375924745974712
493839494,817345816,9.725,700,412.2320915507714,0.784768963892718,12.392182218522926,0.879323987628122
817362826,493839494,689.271,900,1479.8949262523329,63.226876182405114,10.90155075843857,238.04483291231563
817349146,493839494,27.054000000000002,700,418.2455647435828,2.184273586329552,12.38581108580884,2.482420368134668
817345793,1302759101,26.438,700,0.8943284669083503,2.1150400200004023,12.49999988179655,0.005167252013957948
817345793,4351746542,483.21599999999995,900,2416.8531597115643,138.05907734634232,3.5000668502787304,616.8265462193899
817345816,817345793,22.3,700,403.9497168066485,2.0231001795486963,11.022686975874116,2.0897921792708187
1307610103,817345793,108.81099999999999,700,527.8893719266799,8.90854131014823,12.214233083933411,12.67787077816398
817345816,1307610220,101.192,700,412.2320915507714,8.165793228686484,12.39218250647247,9.149671164756276
817340901,817345816,694.665,700,403.9497168066485,63.02138503256485,11.022686975874107,65.09890063736158
494379560,4332540340,12.906000000000002,700,303.2353605540045,1.5494992940475,8.329142226510989,1.082984928094807
494379560,2461138398,368.854,700,149.72643033096213,33.19785288732773,11.110778798010724,12.75857646294356
2168739225,494379560,147.617,700,452.9617908849664,17.758418536490172,8.312508216690306,18.529558736380114
4332540340,494746323,76.239,700,1788.443978584255,10.91111834305662,6.987276427857216,42.96842002950784
4332540340,1674944692,366.402,700,303.2353605540045,43.99036419786087,8.329142226510985,30.745997491383367
2461138397,4332540340,366.254,700,1788.443978584255,53.03230338562165,6.906243489685956,208.2697152908577
2461138398,1452747128,22.638,700,2055.80144297324,10.401344413300121,2.176449418505262,32.535031415198176
2461138398,1273630658,367.108,900,2846.938021936454,31.997358037807228,11.473072231970994,237.52875108841698
2461138397,2461138398,27.428,900,4753.013034578731,7.433268790487478,3.689897509841193,66.42211243648379
494379565,494413697,126.671,700,193.0095143291445,9.124125279879996,13.883084253493069,5.142091012689636
3743408005,494379565,18.075,700,0.0,1.3014000000000001,13.888888888888888,0.0
494379565,2168739225,331.924,700,2.417771706067134,39.830880000081,8.333333333316386,0.22199842990896457
499719145,494379565,484.86499999999995,700,195.4272860352116,34.92562151504889,13.882788021140282,19.92933377548371
494413697,499745932,16.669,700,278.8747341453757,1.202355020404392,13.863625732101706,0.9781235953114342
494413697,494600141,324.757,700,193.0095143291445,23.39228042344332,13.883084253493063,13.183207292971945
494746320,494413697,276.618,700,278.8747341453757,24.904581252242796,11.107113072824262,17.824358777065914
3743408005,494600133,469.881,700,753.6420011795097,37.11960661319995,12.658566263816695,76.99077395271097
499745932,3743408005,125.433,700,753.6420011795097,9.908942086003709,12.658566263816699,20.552403159971117
494746320,2168739225,56.91499999999999,700,450.5440191788992,4.148752404739637,13.71858198502733,5.4137703410133025
494413680,494746323,367.329,700,41.24218546679534,33.05961569211268,11.111109198030904,3.49976898650219
494413680,1674944692,110.114,900,2658.7347575045555,13.79677630162887,7.981139767193279,83.53705232957623
1355562672,494413680,19.425,700,41.24218546679534,1.39860121908594,13.888876782686681,0.1684728205456908
494746323,2168739224,124.499,700,1829.68616405105,18.67840704406811,6.665397092282471,74.43042841349471
1674944692,4332528865,47.195,900,2961.9701180585616,7.578502177775094,6.227483860650624,48.14218347626955
1843117184,499745932,338.317,700,474.7672670341341,24.731690621228783,13.679493455639504,33.9425980456168
494600141,494600082,14.072,700,193.0095143291445,1.01360762083248,13.883084253493092,0.5712397054619328
494600141,494746320,310.356,700,450.5440191788992,22.623037886767566,13.718581985027317,29.521147464737343
1843117184,494600141,13.1,700,450.5440191788992,0.95490918917841,13.71858198502734,1.2460755770407494
494493560,589642608,40.451,700,1265.355494998205,4.692702317305326,8.619979974188526,13.827195044938597
2054187182,494493560,147.854,700,1362.9681060584985,19.739843005484648,7.490130491864565,60.25727864659586
589642633,589642608,12.039,900,3356.516938137637,2.966302899552756,4.05858754404858,19.254280792970366
494600082,1843117186,12.279,700,1743.820944234819,1.370620809368316,8.958714121419968,5.633888186967657
2168739224,494600082,311.811,700,1550.8114299056756,30.17842521405087,10.332248876088567,116.29253330729497
1843117186,1843117184,13.885,700,0.0,0.9997199999999999,13.88888888888889,0.0
1843117186,1836204830,182.227,700,1743.820944234819,20.340753988823266,8.958714121419941,83.60994727962853
494600123,499719145,12.797,700,643.3728073228913,0.968946599840454,13.207126174040082,1.761100960602857
494600123,4206183232,509.63499999999993,700,66.10689525057072,36.693931131435455,13.888808974282915,7.084901528406224
1832795702,494600123,14.914,700,5.981835505822137,1.073808000414222,13.88888888353124,0.018760984949065498
687485067,494600123,743.991,700,703.4978670676397,57.52033942996222,12.934398638344208,112.83054182148163
499719145,494600133,14.851,700,644.048330959392,1.124700885416214,13.204399669787888,2.046068157352996
7067972846,499719145,530.497,700,196.1028096717125,38.21280263828476,13.882703266274012,21.880352931425108
4206183232,701688556,15.696000000000002,700,62.83376820017204,1.130117307231396,13.888823664202306,0.2074004829853883
4206183232,7067972842,15.683,900,3.273127050398705,1.411470000017856,11.11111111097055,0.011858628322353647
494600133,1832795702,12.885,700,783.8752805038703,1.0332507223579561,12.47035179476619,2.2095119509084244
494600133,499719142,610.858,700,6.454181607778016,43.98177602299384,13.888888881627723,0.829102982504318
1832795702,687485097,742.463,700,780.6021534534716,59.43732530451083,12.491527776463602,126.69554961000681
499719142,1273737524,651.708,700,942.7992500402524,48.410457631235836,13.462132602925427,130.54185635934525
2168739224,494746320,16.138,700,278.8747341453757,1.452942802885908,11.107113072824268,1.0398799136147694
1355562712,2461138397,137.091,900,1431.641517802184,8.272493635697609,16.571907581581268,39.661032351501994
3672981193,1355562712,620.246,900,1349.6347024960512,39.90388734865157,15.543498170509928,171.02664538728834
4356617053,4356617069,186.01,700,1569.6524719743993,18.23101005900682,10.202945387993129,70.73717254374354
4356617046,4356617053,21.523,700,0.0,2.58276,8.333333333333334,0.0
791160242,4356286909,96.358,700,988.8911971497756,8.124239866388509,11.860555767026398,21.312820275072585
4356617046,791160242,102.371,700,2058.851781006492,9.86452511105493,10.377691662549001,50.558960127402564
4356633406,4356633423,209.02599999999998,700,1707.6340779570155,17.4595898283982,11.97198800512582,79.49218599859567
4356633402,4356633406,23.128,700,2.4833929053834174,2.7753600005088543,8.33333333180544,0.01588837462226078
4356617073,4356617046,184.231,700,2058.851781006492,17.752599131929564,10.377691662548997,90.9879534558762
4356617069,4356617073,20.92,700,0.0,2.5104,8.333333333333334,0.0
4356617069,1834697104,382.428,700,1569.6524719743993,37.48211770789668,10.202945387993129,145.43237149378396
1841300529,495672279,165.954,700,1670.92388795111,17.491829578185786,9.487515257235453,70.2603613926832
4356655354,1841300529,168.259,700,1670.92388795111,17.734780439133505,9.487515257235453,71.23623502640177
4356655351,4356655354,27.290999999999997,700,0.0,3.27492,8.333333333333334,0.0
495672332,495672331,18.029,700,903.2036712685564,1.349498992792674,13.359772846284613,3.4688667324411857
495672331,791159781,369.915,700,1162.974970424272,41.31266215415091,8.954034446381778,113.23184777819901
4356655351,495672331,79.705,700,1477.0162384948242,7.364189813302848,10.823322323389736,27.58068760999993
495672332,791160133,22.78,700,553.891196614889,1.6866712682236922,13.505892007036216,2.6777694519973947
4356661501,495672332,153.069,700,1363.3622449194413,13.287040874890362,11.520172282247385,47.33296449637439
791159857,495672332,375.405,700,685.6613424532588,28.82904734123187,13.021762237113133,55.347016985379845
791159857,791159781,16.06,700,1363.7872866479745,2.1467848482348364,7.480954606701789,6.555120843688774
4356661498,791160133,141.39,700,1849.2668749758257,12.421915204371713,11.382302782926729,59.660285241460365
4356668494,4356661501,304.738,700,1379.97314585431,26.676471219182993,11.423474922757533,95.78074417917857
4356661498,4356661501,22.779,700,46.86625029011365,2.7335435697975417,8.333139537880903,0.2953234822964878
499564501,499564506,18.619,700,995.4174046467298,1.9301168097868142,9.64656641794468,4.646671783811372
499564501,817086803,154.329,700,615.0381642124784,12.87857519051661,11.983390842307088,21.129536605997885
817301953,499564501,942.286,700,700.5033077635164,80.85162407913198,11.654509241246107,148.86939165198692
3737968192,499564501,19.793,700,823.8537810428968,1.803214007951928,10.97651189083246,3.7914265840879384
499564506,4357685789,14.469999999999999,700,8.949012966427265,1.1575999822368301,12.50000019181032,0.028299427783420823
499564506,4354648492,1268.235,700,1453.6270547923775,237.9409407703843,5.330041126566197,716.3750854739529
1304306381,499564506,154.138,700,467.15866311207407,12.507982190436138,12.323170728357537,15.831751050667055
817086803,816743729,16.513,700,6.013473192811269,1.321039980520464,12.500000184320085,0.021701279776096753
817086803,817064352,717.43,700,609.0246910196672,53.79600475127923,13.336120466881697,93.1356499638334
1304306381,817086803,17.556,700,0.0,1.264032,13.88888888888889,0.0
4357685789,3737968192,15.368,700,1452.2858945897492,2.8771847746487818,5.341332310461699,8.658608010740057
4354648491,4357685789,1268.512,700,1443.3368816233224,234.1683094703076,5.417095092283811,702.6130330631189
4354648491,4354648492,11.34,700,0.0,1.3608,8.333333333333334,0.0
4354648492,1975410127,324.673,700,1453.6270547923775,60.91378885084999,5.3300411306703595,183.39475569426392
499585678,499585783,20.916,700,171.23071081342204,1.5063420424560778,13.885292589919777,0.7532211552595202
499585678,4351788448,824.8719999999998,900,1569.113270993489,82.57123312373402,9.98982295400529,317.5675261906808
3701913379,499585678,16.302,900,1574.066288078993,1.640154233298792,9.939309163146374,6.315348979504104
4285188017,499585678,13.397999999999998,700,166.27769372791877,0.96487816853616,13.88569089538675,0.468524475661706
499585783,1342138548,24.708,900,1626.6696095035547,2.626892234519406,9.405791252232456,10.240450305900453
499585783,4285188016,10.054,700,4.953017085503378,0.723888000131256,13.888888886370545,0.010472147172219667
4285188010,499585783,156.866,900,1460.391915775636,14.132090333163324,11.09998565689094,52.95033010301924
4351788447,4351788448,18.718,900,0.0,1.68462,11.11111111111111,0.0
4351788448,4353244984,61.40599999999999,900,1569.113270993489,6.146855683301178,9.989822954005293,23.640700027719404
499585687,3738206017,21.522,700,496.0821813447953,1.577859074005326,13.640001413667031,2.258345278554575
499585687,1343447399,509.408,900,1581.0153709719216,51.619594988579685,9.868500520252075,199.08376182000939
1343139699,499585687,21.11,700,1125.347780442977,2.254335576408372,9.364178173345712,6.0702029469317615
4353244984,499585687,22.444,900,951.7497718737396,1.46846568810696,15.283979858550993,4.379634416977807
3738206017,3738206009,488.535,700,1113.4456804645447,51.46292029037078,9.492951376321521,137.77532467089623
4353244984,3738206017,40.197,700,617.3634991197495,3.020851164307914,13.306514559517948,5.293930182966945
1343447399,1343447350,10.32,900,1614.0425995833978,1.0825265170838578,9.533253769894085,4.207521092404578
1343447399,3738206009,14.091,700,26.457088613188866,1.2681901872089638,11.111109470900029,0.08612442830536199
1344415753,1343447399,17.3,700,268.38146439289125,1.247546985814578,13.867213176507395,0.9768734589402707
499585771,1343139782,26.892,700,32.97012568043297,1.9362246893061,13.88888394437192,0.18645360454015697
499585771,1343139699,108.153,900,1572.3209311194626,10.86189167115869,9.957105380380103,41.80614182436703
1344415753,499585771,419.89599999999996,900,1605.291056799896,43.639851978074915,9.6218474849768,169.26945265225203
1343139782,1344313590,126.616,700,1039.3208337112935,12.321098874799452,10.27635613402712,31.74785960424639
3738206007,1343139782,442.419,700,1006.35070803086,41.697401940929616,10.610229400545155,105.46188660195838
1343139699,4351788447,84.614,900,1577.4498859556893,8.542707836050056,9.904821939822245,32.91950432142535
6129302975,1343139699,63.93,700,1130.476735279204,6.867905896810014,9.308514263378889,18.538657142976206
1342138548,3701913379,23.096,700,0.0,1.662912,13.88888888888889,0.0
1342138548,824237875,1324.207,900,1743.7275796836084,95.44994793063259,13.873312963589628,485.7515769656846
1342139063,1342138548,7.561999999999999,700,117.0579701800538,0.5444947997534759,13.88810325355495,0.186154001270972
4285188016,1342139063,24.064,700,117.0579701800538,2.165882514755976,11.110482602843868,0.6507649034579633
4285188016,1342139095,339.364,700,4.953017085503378,24.43420800443049,13.88888888637051,0.3534781930528309
4285188010,4285188016,159.031,700,117.0579701800538,14.313599659414818,11.11048260284385,4.300689551272584
817694884,499585798,18.961,700,619.2029139413889,1.782070511768592,10.639870799041732,2.7766940950036836
824299308,499585798,11.533,700,869.3628685840437,1.216603646853708,9.479669101622214,2.5417893338185014
499585798,817652555,192.272,900,1637.5199546943545,20.681872248832505,9.29664382830978,80.83066433163873
824253461,499585798,1038.177,900,1936.57556123946,97.64544370275647,10.63210899179613,475.6822147655009
817694884,4277160802,19.068,700,43.36632319411552,1.3728974629253399,13.88887408923484,0.17389412919600655
817694884,824253479,1035.76,900,1908.6375707797897,96.12816552945165,10.774781712469743,464.28527988512207
817691025,817694884,189.772,900,1658.0437949070158,20.874078303768552,9.091275659617462,81.97818993495953
824203643,817694884,16.991,700,227.55511437428453,1.530425327096334,11.102142456200012,0.8935764764166414
824203793,824299308,113.176,700,985.1965697935152,13.076936107838405,8.654626669940027,30.03743361402078
824299308,817652555,197.599,700,784.4336972281513,19.812649723185455,9.973375735238621,38.06890054017811
824299301,824299308,1040.451,700,643.2875596942357,98.47183283816364,10.56597577207646,158.91351332787414
817652555,4351746555,58.076,900,2421.953651922506,16.70383069474933,3.476807270218296,74.62400528740996
499585876,1578886297,46.467,700,1944.300419299833,7.738750203080035,6.004457926747145,32.00844736310072
499585876,1578885765,69.175,900,1581.4166972070325,8.415097314181518,8.220344627913338,30.5571567269199
1578886297,4352963907,13.072,900,1596.9389025874575,1.616059987144104,8.088808648186875,5.89900685229465
1578886297,1273471334,47.05,700,1944.300419299833,7.835844729698832,6.004457926747146,32.41004257718142
1578885765,1273456284,32.443,900,1834.3935998494528,5.25211305828405,6.177132830152679,20.625319675737124
499588497,6495432173,25.058,700,100.5442167614148,1.503526291382508,16.666153524298473,0.5087227741254933
499588497,1366011900,64.123,900,2288.0311369858728,5.48876328198456,11.682595277968554,33.05107406116584
4352904288,499588497,5.188,900,2067.022831835438,1.125348939331482,4.61012564074744,4.653737392862883
1804902040,499588497,41.082,700,321.5525219118492,2.4728593440738,16.613156788902245,2.668531611314132
6495432173,1366011922,11.466,900,1673.7725236860308,1.539927263840682,7.445806220355515,5.7640376113472565
6495432173,6131431465,7.234999999999999,700,374.9875398224427,0.436686016247454,16.56796812998974,0.5482653668336558
1278939089,6495432173,326.948,900,1948.2158467470588,60.930276636576494,5.365936576164055,246.2371698458501
1366011900,6030015816,265.4,900,2288.0311369858728,22.717554934090767,11.682595277968552,136.79576838004166
1804902040,1366011900,83.049,900,0.0,9.96588,8.333333333333334,0.0
499590061,499590066,18.347,900,1013.6455455545208,1.474742190502314,12.440818549953335,4.072384773714479
499590061,1577564001,33.594,700,893.3235709261417,2.88285938033484,11.653013750569446,6.768771584035975
4272328375,499590061,13.897,700,893.3235709261417,1.192567030080168,11.653013750569476,2.8000719980754885
1577564064,499590061,36.412,900,1013.6455455545208,2.92681706222109,12.440818549953315,8.08217552627088
499590066,7110703293,5.025,700,1371.027804392033,0.746948070729738,6.727375298112463,2.2350928701999297
499590066,1745492144,53.58,900,2512.97110255649,20.819930367780604,2.5734956387230032,86.05070497080675
1577564056,499590066,468.94699999999995,700,1382.4687874323724,70.9221311329486,6.612139151894989,213.1441559941642
4272328375,499590066,13.719000000000001,700,1487.88457396163,2.44626665133228,5.608137605329488,7.625851557007326
1577564001,1577564013,420.519,700,1563.1656723147778,84.74171124474708,4.962361437161406,269.83001561759926
1577564064,1577564001,29.793,900,669.8421013886373,3.654516313115376,8.152378440090278,5.607741331097006
7110703293,4272328375,11.601,900,1835.3642587722045,1.8802646623270682,6.169876099060586,7.385865636428821
7110703293,1577952874,16.072,700,1371.027804392033,2.38904465527728,6.727375298112471,7.148738827831501
4272328378,7110703293,19.341,900,1835.3642587722045,3.1347469040658478,6.1698760990605725,12.313596006738216
1745492144,1745492187,12.758000000000001,900,612.6122721591555,0.932840419472436,13.676508579265072,1.651733105704434
1745492144,1577492201,356.486,700,1900.358830397336,126.5206240270937,2.817611774691061,410.7199905569427
1273737524,1836204830,14.779,700,1379.985261887358,1.855616020058634,7.964471011374978,5.828288565905154
1273737524,1843117184,182.564,700,925.3112862130336,16.047782839539828,11.376275578093194,38.555449598394944
1273912057,1273737524,12.112,700,1833.1710010511256,3.83917905711666,3.1548411313476166,12.552961691128756
499860958,7067972846,369.433,900,2846.938021936454,53.87845869238592,6.856784862930908,336.25797721291644
499860958,499855585,156.229,900,0.0,14.06061,11.111111111111112,0.0
1836204790,499860958,115.24799999999999,900,2846.938021936454,16.807877497083616,6.856784862930909,104.89874850875321
7067972846,701688556,21.927,900,2650.835212264741,2.730411987043398,8.030656217468286,16.511073073129225
503697726,503697729,14.197,700,281.17225337640764,0.85213684492629,16.66046960007702,0.8060593351347507
503697726,503697727,572.195,700,905.6264316136586,41.28940131444056,13.858156858280251,109.04910391527596
885969348,503697726,421.642,700,1186.7986849900658,28.285363167623593,14.906720394618302,103.18820508554727
3736716062,503697726,11.49,700,0.0,0.6894,16.666666666666668,0.0
503697729,3513168809,12.341,700,995.2958722224242,1.15125544939317,10.71960181079271,2.892900659704085
503697729,885831123,509.692,700,281.17225337640764,30.592895172513323,16.66046960007698,28.93864863305635
503697728,503697729,572.175,700,995.2958722224242,44.480430189107956,12.86352217295124,123.02660662228985
503697727,885930723,10.998,700,905.6264316136586,0.79361203026279,13.858156858280253,2.0960023153998284
503697727,885930718,446.24299999999994,700,124.929460204495,32.131853965691256,13.887869665923272,11.723931664536615
503697728,503697727,14.186000000000002,700,124.929460204495,1.021466959386018,13.887869665923313,0.3727020806894818
885930723,6302942823,12.72,700,1131.7361054085495,1.368502385303664,9.294832173184334,3.6962475136198623
885930857,885930723,468.17799999999994,700,226.10967379489128,33.7353617003085,13.877959992221415,22.2671289326581
885930718,885930857,17.898,700,0.0,1.288656,13.888888888888888,0.0
885930718,885930833,167.737,700,124.929460204495,12.077950328953404,13.887869665923272,4.406875011180854
6302942823,503697728,11.106,700,0.0,0.799632,13.88888888888889,0.0
6292387763,503697728,259.995,700,1120.2253324269193,27.601279983158268,9.4196718470536,74.13771952590496
3513168809,3736716062,8.414,700,995.2958722224242,0.534322998365634,15.747029466701619,1.7066175990025005
885831076,3513168809,512.484,700,0.0,30.749040000000004,16.666666666666664,0.0
885831076,885831123,20.232,700,797.4117825120231,1.634154007285824,12.380718041137044,3.540054953530897
1158423265,1158425632,12.278,700,1482.619105324357,2.170939137773964,5.655616864777521,6.756364239174484
1158423265,1833867492,421.321,700,0.0,75.83778,5.555555555555556,0.0
515494237,1841059660,121.85699999999999,900,0.0,10.96713,11.111111111111112,0.0
4351533382,515494237,151.32,900,2605.8929755974127,18.197315406838555,8.315512294914331,109.24676991669394
6632010516,525904781,30.05,700,0.0,2.7045,11.111111111111112,0.0
6632176644,525904781,22.502,700,2096.783816342241,3.102800417851524,7.25215836330881,14.454406713846584
1047203591,526021972,492.367,700,530.7946675909045,36.298240283792545,13.564486767140771,55.382678990519125
1047203591,1047203562,9.502,700,1012.2387624190844,0.900542125038408,10.551422011041117,2.2854422760409596
528038100,6324302123,24.4,700,2542.011118882509,2.615078632742346,9.330503371675876,15.885898104286111
6324301822,528038100,120.29300000000002,700,1039.7285638354845,11.579329895021532,10.388597707343955,29.98422481223067
6324302123,4115530609,30.181,700,611.9939091671534,1.8156432976594261,16.622758467429584,3.7309085870948344
6324302123,791159855,257.773,700,1930.017209715356,42.35684529778735,6.085745956473903,174.42771634210285
1706421352,529750162,99.029,900,0.0,5.94174,16.666666666666664,0.0
3725402813,1706421352,1615.7139999999997,900,844.2543063475406,102.3729060691259,15.782632944980689,277.8657987471662
548744434,650001523,539.653,700,1462.6019151879084,84.02320293595682,6.422666372422484,265.39697530579963
6302693060,548744434,150.626,700,997.1835258004696,12.796226060825802,11.771126837241837,33.71498384048324
3962740783,650001523,13.465,700,0.0,1.6158,8.333333333333334,0.0
650001523,650001621,203.26700000000002,700,1462.6019151879084,31.6483821393188,6.42266638165584,99.96506443849107
593898516,548745148,11.487,700,2979.5346616227944,2.054466540355476,5.591232455901887,12.816474403172144
548745148,608420779,1124.376,700,999.5249325330924,105.29911493874062,10.677924507286914,265.26165460363876
605041323,548745148,96.49,700,1405.020440061579,7.457079616439598,12.939381763778108,29.221131029017393
1273653410,593898516,1124.72,700,1058.969904691647,111.66196964696239,10.07254308298507,290.77908320347314
1273653410,608420779,12.359,700,0.0,1.48308,8.333333333333334,0.0
608420779,4224821634,162.758,700,999.5249325330924,15.242475247781472,10.677924507286917,38.39770359735445
605041323,589643132,73.532,700,1750.5034245757931,20.27164951358322,3.6273318533220076,66.35735139130853
592287414,605041323,73.457,700,1405.020440061579,11.498600412030918,6.38834269979,34.847669621892095
548746499,592287414,712.23,900,3781.339824131755,112.29657653313241,6.3424017186299615,914.4361962730138
592287414,589643132,13.38,900,2387.8640012507103,0.9561474954524339,13.99365690297478,6.703233900004752
548765365,4337488137,715.433,700,644.8291127622696,54.19438268243222,13.201239032323482,98.69549201481816
1842938686,548765365,20.708,700,1464.7541167291731,3.558752887266174,5.81889236369762,11.011795274386587
548768442,4346611954,67.551,900,1674.6924573883389,9.081615648957618,7.438213927028883,34.00298524014751
4346611954,4328613974,138.756,900,1674.6924573883389,18.654478260673613,7.438213927028883,69.84527571733813
4346611953,4346611954,13.779000000000002,900,0.0,1.24011,11.11111111111111,0.0
548796717,548796751,29.615000000000002,700,24.802702602754668,2.665350303895578,11.111109844254168,0.16968881642313274
548796717,4347791470,651.914,700,0.0,67.05401142,9.722222223465002,0.0
628086443,548796717,7.613000000000001,700,24.802702602754668,0.6851700781211221,11.111109844254173,0.04362117033359141
4347791470,548796751,633.968,700,0.0,45.645696,13.888888888888888,0.0
628088060,4347791470,70.207,700,0.0,5.0549040000000005,13.888888888888886,0.0
548812649,5475073814,73.883,700,999.5249325330924,6.91922854011378,10.677924507286916,17.430403020947285
548813241,548812649,18.891,700,0.0,1.360152,13.888888888888888,0.0
4224821634,548812649,112.948,700,999.5249325330924,10.577711045149375,10.677924507286916,26.646578514813335
548813241,610684745,105.344,700,1058.969904691647,10.458530594716555,10.072543082985073,27.23507338803142
610684745,1273653410,169.145,700,1058.969904691647,16.79268071692106,10.072543082985073,43.72984211932882
4224821634,610684745,15.323,700,0.0,1.103256,13.88888888888889,0.0
549087856,549087750,17.675,700,321.4253832976869,1.27669248141255,13.844367580550125,1.195927716793636
6290588501,549087750,15.788000000000002,900,1761.1396852901305,1.145745390532356,13.77967577304789,5.861836670693451
6290588500,549087856,15.94,700,0.0,1.9127999999999998,8.333333333333334,0.0
6290588500,549088366,17.671,700,0.0,1.272312,13.888888888888888,0.0
6290588501,6290588500,16.033,700,0.0,1.1543759999999998,13.888888888888891,0.0
549088263,6290588501,50.826,900,1761.1396852901305,3.688475754952986,13.77967577304784,18.870896289882545
549088263,1844389420,20.725,700,12.715199283113163,1.49220001175151,13.888888779509843,0.055417220745999946
4365460950,549088263,65.717,900,1773.8548845732444,4.79324238223647,13.710343596131107,24.615948126245037
1844389420,549088366,34.821,700,12.715199283113163,2.507112019744242,13.888888779509816,0.09310895264639157
1296187403,1844389420,673.688,700,0.0,53.89504002,12.499999995361353,0.0
549088366,549093012,315.259,700,12.715199283113163,22.698648178758535,13.888888779509802,0.8429808248570909
549093012,5588932258,428.7749999999999,700,14.191866839441442,25.726500314422005,16.666666462971385,1.228697104569285
549093012,769223673,22.145,700,221.63659964119543,1.595599172875518,13.878798871580802,1.0323881528331513
1295958155,769223697,1265.55,700,385.6481562207232,101.91869648461835,12.417250648324352,106.95864340389352
1295958155,4337762677,11.687,700,0.0,1.40244,8.333333333333334,0.0
1295958700,1295958693,19.522,700,607.4354771234985,1.463238277277256,13.341641141541125,2.527333215937231
4375682327,1295958700,11.657,700,48.21307784188542,0.8393053663212899,13.888866278900506,0.1181895025064738
5588932258,1296187403,71.443,700,14.191866839441442,4.286580052389366,16.666666462971392,0.204726971585898
5588932258,5588932254,27.224,700,0.0,3.26688,8.333333333333334,0.0
769223673,1295958693,1300.119,700,218.42167237962772,93.67275877638266,13.879371302639521,59.730901271306635
5588932254,769223673,429.104,700,592.5454272939011,26.702496790422668,16.069808129474463,51.62804925484714
549100027,549102236,10.449,700,1762.5305689614895,0.987005648624964,10.586565552645933,4.3678611882113785
549100027,549100035,829.549,700,0.0,99.54588,8.333333333333334,0.0
549102763,549100027,16.48,700,0.0,1.4831999999999999,11.111111111111112,0.0
1379780128,549100027,117.73099999999998,700,1762.5305689614895,11.120792613481308,10.586565552645883,49.21357694988185
549102236,1379749051,13.898000000000001,700,1610.727085674478,1.1679215447174458,11.899771917780942,4.999343025339195
549102236,3737747721,842.056,900,1518.636707180621,87.43797363632274,9.630323816770158,320.94940621908705
1379749048,549102236,16.42,900,1366.8332238936073,1.488354831266508,11.032315449957244,5.2042561548232396
3737747721,549100035,23.105,700,0.0,1.66356,13.88888888888889,0.0
3737747721,6027834413,97.801,900,1518.636707180621,10.155525599054531,9.630323812004882,37.276823497999125
1379749051,549102317,16.286,900,1711.0447536130346,2.073378775644036,7.854811764889038,8.044352219706044
1379749051,1322766526,8.554,700,1662.503140549604,0.7465747770425339,11.45766005367291,3.234192747574056
6027834414,1379749051,942.226,900,1762.8208084881603,127.33644095932824,7.399500040219836,501.20147053758546
549102317,1379749048,13.911000000000001,700,2071.157831824957,1.7487131743297801,7.954992393381833,8.240798641818937
549102317,4366816396,521.643,900,1491.230322548412,72.54498587639286,7.1906141230602945,239.85178065355214
1322766507,549102317,8.343,700,1851.343400760336,0.850549745718258,9.808950084341795,3.8323401931304906
1379749048,549102763,10.532,700,2088.450317882836,1.61682123591516,6.514016371165878,7.315503616413573
4274224243,1379749048,644.774,900,1384.125709951486,81.5123803296198,7.910135827130341,256.3128162700677
1379749013,4366816396,9.132,700,813.3295277969835,0.744187945889994,12.271093680614243,1.6359968663766213
4366816396,3918871942,107.413,900,2300.207198010992,39.50473825963482,2.718990296658984,152.98395838279725
549102763,4368710609,114.71699999999998,700,2088.450317882836,14.67566161226733,7.816819645399052,69.40818266224603
4274224216,549102763,843.869,700,0.0,101.26428,8.333333333333334,0.0
1379780128,4368710609,16.304,700,0.0,1.95648,8.333333333333332,0.0
4368710609,4368709386,511.21700000000004,700,2088.450317882836,65.3996155969775,7.816819645399052,309.30588244153387
549104916,1305701340,11.025,700,436.83972062870976,0.6687575902665059,16.485794195780922,0.9739746734453676
549104916,1384279497,15.787,900,2059.974563742576,1.318694914514742,11.971684903182748,7.2426219064910455
5064784607,549104916,57.373000000000005,900,2066.3761266613183,4.809250949708682,11.929716415292352,26.44548138298413
5064784609,549104916,7.730999999999999,700,430.43815770996827,0.46865737971213,16.496059455521046,0.6729051594001155
1305701340,1305701979,15.736,700,437.5542370501568,1.431880064720358,10.989747247492545,1.5998823103608066
1305701340,1162293848,1083.594,700,0.0,65.01563999999999,16.66666666666667,0.0
3958498123,1305701340,2227.936,700,0.7145164214468759,267.352320000021,8.33333333333268,0.4403630610924509
1384279497,2980077288,32.2,700,2.055453380048756,1.9320000000103859,16.666666666577072,0.013364088826988505
1384279497,1384279479,461.642,900,2060.6890801640225,38.57623420066378,11.967005322465006,211.89945401800165
1305701979,1384279497,10.753,700,2.7699698014956327,0.645180000011442,16.66666666637109,0.006014236903016813
550856376,6292428306,344.426,700,600.5206786040195,25.770332182041138,13.365213826774962,44.0546791151265
847673399,550856376,486.052,700,600.5206786040195,36.36694528794417,13.365213826774964,62.169711035942306
6292428307,550856376,343.053,700,814.8338117688572,34.97543237411594,9.808399116571929,69.3585785891965
6292428307,6292428306,12.525,700,0.0,1.503,8.333333333333334,0.0
6292428306,1843209550,349.369,700,600.5206786040195,26.140172879247014,13.36521382677496,44.68692603860519
847673399,1440184136,385.055,700,1080.2624446106156,39.098831277309785,9.84824833430402,102.95203587796514
847669930,847673399,311.659,700,865.9493114457781,26.24095827784842,11.876814737481984,60.32535353391438
844413661,844413543,14.702,900,1526.3634689625364,1.69202997652287,8.688971356295166,6.028814582183329
844413661,1740887186,14.152,700,771.9439719326144,1.253282538158754,11.291947002462232,2.5027831939701084
844413647,844413661,186.554,900,1465.5412911168269,20.263536846962314,9.206388865326149,70.6405823333877
558581084,3826958684,10.137,700,0.0,0.91233,11.111111111111112,0.0
558581084,4375973962,255.059,900,2248.188054829588,28.581518557624715,8.923913524250366,151.27163176149216
1757657109,558581084,346.914,700,5.51797037240945,31.22226000872079,11.11111110800763,0.44222535837746213
4375973962,3826958684,255.021,900,2676.3786200431887,38.879267457406556,6.55930568340526,225.79142246299537
3804479858,1440184124,130.019,1200,5322.602461055271,38.20960311784784,3.4027833159896828,372.4603486659676
6046988697,3804479858,345.095,900,3148.6431623863427,65.0272455606631,5.306929380517359,423.6482583137307
6046988697,6046988698,14.6,900,0.0,1.314,11.11111111111111,0.0
6046988698,6046988703,558.308,900,2995.932931893241,92.27239892974723,6.050650102042702,589.0812467287675
3736716056,3736716052,14.342000000000002,900,2173.7299884631784,3.574537918872156,4.012266851130568,14.977219811972684
3736716056,3673105918,396.406,700,618.9025438114146,33.11430365956297,11.970839069283077,54.64002293265673
3736716055,3736716056,12.041,700,610.2145252030863,1.0035199143432358,11.998765373660133,1.6346755140816562
5142602428,560565919,436.397,900,2206.518309124963,113.53901289405174,3.843586348660802,476.88232466218733
560581373,3736716051,290.338,900,1621.1295244845585,36.82288489787926,7.884716279161535,135.4970019519001
3736716029,560581373,47.388,900,1095.3883486831191,3.9535246844573098,11.986266378024355,11.553918467199233
3736716037,560581373,49.883,900,525.7411758014399,3.621829057044534,13.77287531088098,5.529758213977668
3736716051,3736716055,14.806,900,1321.8544405189614,1.424872138639602,10.391107804336775,4.691300931115476
3736716051,846668748,1171.872,700,906.8149590948,112.84912737743436,10.384413484036662,254.81935327235638
3736716052,3736716051,12.14,700,607.5398751292039,1.137447109948128,10.673023733431993,1.7413002821184085
563839256,563839265,225.53100000000003,700,1943.7518401349016,143.45618782819903,1.5721245867072149,354.7807571549322
563839265,888357873,42.396,700,474.6172914111774,3.8739731909397306,10.94380314741305,4.686004971313122
563839265,582805019,522.005,700,1469.1345487237254,112.91872397547363,4.622838282456871,332.12191250139614
582805019,4397682623,1191.425,700,2689.698690561923,170.32369400759316,6.995063176277079,1009.0160865871892
563862402,563862405,105.44599999999998,2000,595.1984737088126,6.328697705309736,16.661563707100672,12.673190922292381
563862405,563862407,60.989,900,875.4282884629082,5.493398211438528,11.102235383738751,12.339466113626207
885811898,563862405,42.435,700,280.22981475409523,3.8192376018283922,11.110856255626777,2.7471742914042476
563862407,563862409,30.605999999999998,900,294.1612749473384,2.754682123971378,11.110537848873777,2.079918209958742
563862407,563862408,36.474,900,581.2670135155695,3.3239766262301997,10.973001347896366,4.930308886688926
563862409,563862408,34.053,900,2287.1111064731945,12.310541934084023,2.7661657937022204,47.738599303593205
3952333321,563862411,13.174999999999999,900,4070.5198787244817,24.71801688466415,0.5330120155462065,57.499638274767634
563862419,563862424,44.109,700,349.4190806354142,3.9876391362143098,11.061432214218652,3.5689371503336815
563862419,563862440,175.111,2000,7.245490242734638,21.01332000014132,8.33333333327729,0.3509757902182266
563862426,563862419,66.698,700,356.6645708781489,4.8256691208465545,13.821502952174917,5.010320635852336
563862424,1330652409,8.432,700,349.4190806354142,0.7622882676224579,11.061432214218671,0.6822480231157724
563862424,1324511393,83.617,900,568.6102425942552,5.536192359780515,15.103702069216943,9.774061219439824
7173048356,563862424,9.13,900,568.6102425942552,0.5541135987730981,16.47676581158697,1.049946833605301
1324511527,563862440,259.825,2000,4608.313628091498,12.49639285952868,20.791999973166632,238.91474810409738
1330652409,1330652406,7.8340000000000005,700,349.4190806354142,0.708226552247904,11.061432214218687,0.6338627861822761
1330652409,7173048356,7.465999999999999,700,65.59710022169301,0.671943748376232,11.111049128802472,0.1131400450073522
4351572789,1330652409,6.871,700,65.59710022169301,0.61839344965083,11.111049128802456,0.10412339261257929
1324511393,3952333346,35.628,900,568.6102425942552,2.3588918750467256,15.103702029281976,4.164586786624753
1324511393,4351572789,87.365,2000,66.08786804884373,7.862850366037932,11.11111059385745,1.3338336989828674
1324512089,1324511393,36.997,2000,66.08786804884373,3.329730155008356,11.111110593857465,0.5648468535599962
563862430,563862426,182.357,2000,356.6645708781489,21.88370417699865,8.333004253990527,17.992459277477472
1324512065,563862426,69.377,700,0.0,4.995144,13.88888888888889,0.0
563862430,1324511892,165.653,2000,6843.221604690855,9.947793216816642,16.65223596726612,228.92190864939244
1324512621,563862430,95.191,2000,7199.886175569,6.039294059737332,15.761941554496877,139.64506041227273
1324511892,3952257772,105.37399999999998,2000,0.0,4.74183,22.22222222222222,0.0
1324512180,1324511892,183.168,2000,0.0,10.990079999999999,16.666666666666668,0.0
4286256490,580662366,41.72,700,1300.6582008568323,4.6615526222299195,8.949807796021972,14.287032558014838
4286254587,580662366,62.736999999999995,900,0.0,3.76422,16.666666666666668,0.0
2974719142,580662366,397.835,900,1454.5248126954743,35.64982122161857,11.15952300368752,133.37715861140757
5017032163,4286256490,4449.117,700,1300.6582008568323,497.1187204687856,8.949807796021963,1523.602095719496
4286254587,4286256490,45.437,900,0.0,4.0893299999999995,11.111111111111112,0.0
1556534101,4286254587,6233.536,900,0.0,374.01216,16.666666666666668,0.0
2974719142,2887143260,87.53,900,2400.433336821993,24.476652399103475,3.576060916042834,109.37329104392681
4773637202,2974719142,106.053,900,2554.2999486606345,36.22787091212633,2.927387045659963,160.4810649888443
582805017,885811885,307.261,700,308.4108641572992,27.728867674845738,11.08090685862128,21.92299478519776
582805017,3235605230,131.923,700,1675.1076870932773,13.949204153336561,9.457385421407347,56.10676511273107
4029908800,582805017,14.467,700,288.4213097408178,1.0437956731976759,13.859992306425488,0.8780447863766843
4397682623,582805017,5.577,700,2693.8496325898614,6.77244207149907,0.8234843415597558,14.831744010516115
885811885,885811888,97.653,700,1080.293934641892,9.916109896257,9.847914254849147,26.110758999373175
885811885,885811838,203.65499999999997,700,308.4108641572992,18.378910913915885,11.08090685862128,14.530732839440894
885811853,885811885,302.69,700,1080.293934641892,38.42057213421543,7.878331403879315,94.19010421188602
3235605230,885811905,18.046,700,1906.9080096318487,6.4754582181992575,2.7868298106351403,21.00012529201541
3235605230,6131453650,388.681,700,933.254364208054,29.248414929327307,13.288959450936625,77.41786350113917
885811888,3235605230,254.475,700,1165.0546867466262,35.61571912943117,7.145019284187743,91.85657947507484
4029908800,4029908801,4.11,700,3683.513073010291,16.709272445305007,0.245971212298644,17.66602239924684
885811905,4029908800,133.809,700,2174.380416348009,22.450735307178984,5.960116591691873,103.67645297154823
589642411,610703592,17.697,900,1670.242657873017,1.354680109687536,13.06360067845235,6.348056467579153
589642411,589642417,23.31,900,0.0,2.7972,8.333333333333332,0.0
4332507063,589642411,61.11,900,1670.242657873017,4.677883417929745,13.06360046635044,21.92064943708331
610703592,650000403,58.17499999999999,900,1670.242657873017,4.453213294440564,13.06360063027438,20.867841188365354
610703537,610703592,34.261,900,0.0,4.11132,8.333333333333334,0.0
589642417,4332507067,58.864000000000004,900,2580.310896941174,6.941572959375845,8.479922395758091,41.50272156942218
610703537,589642417,16.699,900,2580.310896941174,1.9692397194994742,8.479922395758106,11.773816721387961
4332507067,589642633,135.58,900,2580.310896941174,15.988353863688799,8.47992239575809,95.59219540605913
4332507063,4332507067,30.816,900,0.0,5.54688,5.555555555555555,0.0
1843102399,2991672835,45.998,900,3647.747510647173,22.974534759102173,2.002129770300409,122.2074243154667
1843102399,1836213618,18.165,700,0.1739650578668499,1.3078800000000002,13.888888888888886,0.0006645450969223536
589642572,650001634,89.442,900,1624.4510864370973,6.7422343786099805,13.265928619117494,31.028834051038977
589642572,589642633,22.325,700,2074.700731625859,9.618211913755776,2.3211175008601366,31.320518914269844
650001621,589642572,53.59899999999999,700,1416.8103437519874,7.767394716576023,6.900511942005078,24.160880922787115
3962740783,3962693283,194.911,700,1409.4530760606442,27.926664639671987,6.979386995005263,86.64795488030174
650001634,4332507063,37.978,900,1670.242657873017,2.9071617294338097,13.063600698746294,13.623014544031705
4406230801,650001634,5.063,900,45.791571435919856,0.607560294528684,8.33332929356029,0.0641341850641237
589642633,2054187184,194.467,700,1298.4946904293968,23.63110993905564,8.229279136762012,70.48007915459493
2054187182,2054187184,10.538,700,0.0,1.2645600000000001,8.333333333333332,0.0
2054187184,2054187188,168.367,700,1297.8241223990146,20.440024654110765,8.237123137037857,60.947735188854445
593898337,593898339,256.165,700,929.3505076389788,28.23633896712971,9.0721747000631,62.1123842068623
589643132,4347476109,507.562,900,2396.311336074506,37.37345676718727,13.580814939377607,257.64123385219364
4347476109,4347476110,14.756,900,3380.460872444916,1.211692068188262,12.178011548811545,11.024093219210023
7792325686,7792299884,5.99,700,2601.050918013149,7.973379119830051,0.7512498665845045,15.695744112519185
592287531,317337922,20.58,900,0.0,1.8522,11.111111111111109,0.0
592287531,4346601316,116.01599999999999,900,2537.913474154136,8.950957993594265,12.961294208175998,63.422856320299076
4346571269,592287531,67.643,900,2537.913474154136,5.218846120885884,12.961294208176003,36.97862596602186
4346601316,4346601317,20.616,900,0.0,1.85544,11.11111111111111,0.0
592287606,592287545,88.278,900,0.0,7.94502,11.11111111111111,0.0
593898337,4041852019,543.874,700,1176.5419221277418,61.76549076557899,8.805467150972483,170.34646348089467
4041852018,593898337,539.533,700,929.3505076389788,47.576949768945475,11.340218375078873,114.62416108259599
4041852018,4041852019,17.204,700,0.0,2.06448,8.333333333333334,0.0
4041852019,1273712021,216.662,700,1176.5419221277418,20.504496078521665,10.566560581166982,60.521632107499435
593898350,1181353062,22.652,700,663.7278176818605,1.438587947755362,15.74599595064317,3.0639626462498604
593898350,593898351,30.552,900,512.814104445881,2.7706461282463857,11.027030730675504,3.6339573550719155
1273712021,593898350,10.009,700,1176.5419221277418,0.94723348464393,10.566560581166993,2.7958802917168764
1181353062,4041865391,17.802,700,660.6217980900145,1.129412277720966,15.762180340311637,2.396208024521445
1181353062,593898351,17.901,900,3318.7924615170623,1.9719542226258537,9.077796935956775,15.49376095206531
4041852033,1181353062,18.237,900,3315.6864419252142,2.005548005748366,9.093275228380735,15.751918707981467
593898417,1273872876,62.187000000000005,900,56.9764100039752,7.462448670764989,8.333323650670431,0.9801465194932325
593898417,4041852033,51.255,900,3315.6864419252142,5.636582937688914,9.093275228380715,44.2706910883145
4347476110,593898417,111.31700000000001,900,3372.662851929191,7.855313449930367,14.170917648230416,78.47281031358932
1273872876,4041852018,193.97,700,929.3505076389788,17.104608887097456,11.340218375078875,41.209061401603094
1273478211,1273872876,22.166,700,872.3740976350041,1.874439039636876,11.825404577731208,4.3310902708064205
4041852033,1273478211,25.414,700,872.3740976350041,2.149101946825386,11.825404577731222,4.965728058390074
4041865390,4041852033,17.647,700,872.3740976350041,1.492295665996206,11.825404577731222,3.4481074622810115
1354143299,593974689,207.03099999999998,900,2811.4568267449704,43.98610576060051,4.706736284562,248.6931056413463
599281222,1271067215,14.931000000000001,700,779.4235181669735,0.9954712258083419,14.998926752378743,2.3962457124806535
1272935509,599281222,13.278,700,0.0,1.36573716,9.722222100188006,0.0
4332625720,599281222,424.338,700,779.4235181669735,28.29122423260737,14.998926752378727,68.10113945098225
1271067215,1271067344,13.281000000000002,700,60.76059538941634,1.366051349542452,9.722182115956597,0.20132904042657312
1271067215,599281313,265.064,700,718.6629227775563,17.18197600781351,15.426863585390997,38.97892304271452
599281313,3743407946,12.981,700,849.5716229464117,0.901105676010216,14.405635593680174,2.2943747625872857
599281313,1272935982,172.744,700,600.6173695743905,16.156512541744444,10.6919113610485,24.471142488817097
1271066487,599281313,15.904,700,731.5260697432456,1.55485296640953,10.228619903993593,2.814492529858232
3743407946,1305702007,131.528,900,1824.144598977376,17.52559367368321,7.5049098164078245,71.63560482144864
3373516712,3743407946,15.881,900,974.572976030964,1.0476325992489661,15.158940272940034,3.1790511648227895
1272935982,1272936304,37.641,900,576.9595578822166,4.572104882839542,8.232750771155265,6.0597675011272845
1272935982,1272935239,68.095,700,23.65781169217421,6.12855057840246,11.111110062462835,0.3721622065659634
599281317,4332625725,50.447,700,779.4235181669735,3.36337398220839,14.99892675237873,8.096136056360034
599281317,1272935936,14.417,700,584.5237924121367,1.193924674485876,12.075301154328017,1.8694514902017048
3737747681,599281317,302.452,700,644.4518156088126,25.453585783927878,11.882490843037795,43.55903405101967
3737747679,599281317,23.976,700,719.4954949702969,1.5547087154671562,15.421538299407892,3.5301239284933192
4332625724,4332625725,14.184,700,0.0,1.70208,8.333333333333332,0.0
4332625725,4332625722,97.13,700,779.4235181669735,6.475796675558526,14.998926752378724,15.588195435888146
1272935936,1272935740,56.595,700,676.8458607763359,4.813886767858074,11.756612219855306,8.603387644172583
1272935936,3737747678,25.099,700,223.79739639618296,1.5070781562897122,16.654079879832796,1.1343113704901162
4332625724,1272935936,49.444,700,316.119464760382,2.975565733478376,16.616672064643307,3.1573364902065886
599281346,5842925728,487.058,1200,3054.321748386346,46.74885518908479,10.418608071363451,356.04580443114725
599281347,599281346,196.826,900,58.350053576251625,11.809575093674868,16.666645365201898,2.318994147635244
1156771011,599281346,189.745,1200,2995.9716948100927,17.70515973781248,10.716932397665197,133.90563194788763
5842925728,1273661112,20.928,700,1257.3904972847213,2.64160478037132,7.922456892684088,7.549046925768365
5842925728,838231802,15.153,1200,1796.9312511016242,1.2398669154681061,12.22147297500801,6.00824792699695
5842925729,5842925728,13.443,700,0.0,0.967896,13.88888888888889,0.0
599281347,1156771011,74.007,900,34.052939103413166,4.44042065832249,16.66666419572025,0.5088657971193778
838231900,599281347,96.555,900,92.40299267966486,5.793346565728734,16.666532703426235,1.8015118934904941
1156771011,599282313,26.28,900,34.052939103413166,1.576800233771334,16.66666419572024,0.1806990304741072
599283678,1156771011,53.981,1200,2995.9716948100927,5.036982412220905,10.716932397665197,38.09512724013239
4336045832,599281456,24.425,900,0.0,2.1982500000000003,11.11111111111111,0.0
599281456,4336045831,412.63999999999993,900,1164.9946364331909,29.786622833643616,13.853198541659724,101.1749922300607
1815030097,599281456,117.568,900,1164.9946364331909,8.486704326545688,13.853198541659724,28.826438267021565
4336045832,1815030125,110.565,900,864.397924583259,7.042238209032564,15.700264137357118,19.4876139284168
4336045830,4336045832,405.279,900,864.397924583259,24.612399211278557,16.466456460460876,70.8581312831143
4336045830,4336045831,23.624,900,0.0,2.12616,11.11111111111111,0.0
4336045831,1815030214,248.55999999999997,900,1164.9946364331909,17.942426743724447,13.853198541659728,60.94430028282254
599281489,4336189866,72.186,900,754.8686767831613,4.4862151100568415,16.09062388430264,11.061926141191726
599284503,599281489,25.54,700,0.0,2.04319998,12.500000122357088,0.0
1814004895,599281489,17.505,700,754.8686767831613,1.5373972456913279,11.386126812090426,3.0145828313252703
4336193225,599281489,114.43299999999999,700,0.0,9.15463998,12.500000027308555,0.0
4336189866,4336189865,35.255,900,754.8686767831613,2.191027535880282,16.09062388430263,5.402546284704999
4336189866,4336189874,33.387,900,0.0,3.00483,11.11111111111111,0.0
599284503,4336193224,90.994,700,0.0,7.27951998,12.500000034342923,0.0
4336189874,599284503,61.499,900,0.0,3.68994,16.666666666666668,0.0
1814004895,1813130297,879.993,700,0.0,79.19937,11.11111111111111,0.0
2934519350,1814004895,82.367,700,754.8686767831613,7.233978824347746,11.386126777531263,14.184641213741005
599281493,599281523,14.397000000000002,900,982.1235072228908,0.9524302407131879,15.116067701944662,2.906180595511687
599281493,1756661513,101.62800000000001,900,52.40209709327909,6.097685069388041,16.666652810621343,1.0753205530294079
599284494,599281493,98.896,900,279.65692753300874,5.937761552705766,16.65543473279662,5.584962879260581
1813130377,599281493,100.402,900,754.8686767831613,6.23978291469159,16.090623884302634,15.385802072810973
599281523,599281737,98.587,900,92.13180693116928,5.9152669900053,16.666534269133923,1.8340263157680228
599281523,1814005307,77.894,900,1416.6108466617898,6.748810307958635,11.541886117045303,25.00448127609546
1814005211,599281523,88.215,900,526.6191463700687,5.337782444757018,16.52652593337675,9.391397651029953
1756661513,1156770989,205.529,900,52.40209709327909,12.33175025215743,16.666652810621336,2.1746916001848047
1813130377,1756661513,151.044,900,0.0,13.59396,11.111111111111112,0.0
599281737,599284494,14.777,900,0.0,0.88662,16.666666666666668,0.0
599281737,1814005338,91.476,900,94.46818514664773,5.488608194440368,16.66652031978885,1.7448942458161396
599281736,599281737,93.07,900,2.336378215478426,5.584200000018342,16.66666666661192,0.04390648931386198
1814005307,4336162805,598.46,900,1523.254298862727,57.22195846727938,10.458572478644033,217.70270600338438
1814005211,1814005307,134.888,900,106.64345220093708,12.140093120637786,11.11095266400342,3.323174946765039
599281736,1814005338,134.33,900,0.0,12.0897,11.111111111111112,0.0
4337336537,599281736,17.854,900,2.336378215478426,1.071240000003516,16.666666666611963,0.008422762009344482
1814005338,838231859,528.68,900,94.46818514664773,31.721078536848314,16.666520319788837,10.084510580677748
599284494,599284497,74.419,900,0.0,4.46514,16.666666666666668,0.0
1814005323,599284494,76.603,900,279.65692753300874,4.5992795282106425,16.65543473279662,4.326008245429525
599282313,599285488,70.075,1200,2405.8137308376445,5.1750962480906635,13.540810960927338,35.746988663057664
5842925729,599282313,702.901,1200,2371.760791734232,51.37019223122279,13.683051775164994,352.26419996758625
599285488,4285036110,16.596,1200,0.0,1.49364,11.11111111111111,0.0
599285488,4343576772,578.738,1200,2405.8137308376445,42.740276167356356,13.54081096092733,295.2285511934452
599283678,4336217880,177.973,900,867.5292430262193,11.345245271280504,15.687012113393713,31.487339729261627
4336217879,599283678,151.375,1200,3863.500937836311,23.02708997980077,6.573778976535258,193.143397073107
4336217880,4336217882,13.371,900,884.4849690126227,0.8563943845689059,15.613133669402481,2.414078142459596
4336217880,599283088,10.444,700,0.0,0.8355199799999999,12.50000029921487,0.0
838231900,4336217880,14.041,700,16.955725986403493,1.123280007972264,12.499999911283652,0.05202935219303737
599284497,1814005117,331.273,900,0.0,19.876379999999997,16.66666666666667,0.0
1814005323,599284497,123.781,900,0.0,11.14029,11.11111111111111,0.0
1814005117,4336189857,155.078,900,0.0,9.30468,16.666666666666668,0.0
1814005141,1814005117,108.286,900,0.0,9.74574,11.111111111111112,0.0
4336193225,4336193224,12.758000000000001,700,0.0,1.53096,8.333333333333332,0.0
4336193224,4336217874,575.277,700,0.0,46.02216,12.500000000000002,0.0
599286869,4343576772,13.288,1200,0.0,1.1959199999999999,11.111111111111112,0.0
4343576772,4335883543,638.417,1200,2405.8137308376445,83.07067888182418,7.685226708068776,450.56424786375834
599285497,1814004786,13.877,700,0.1828189030652194,0.999144,13.88888888888889,0.0005335114163329481
599285497,1814939626,2800.366,1200,2436.1141641417307,374.463877686104,7.478334138139272,2042.2771529839827
4335883543,599285497,230.67300000000003,1200,2436.296983044796,30.85061112272667,7.477096615116013,168.2608047544418
1814004786,8357821970,13.311,1200,2385.9429567660454,0.9770121765028621,13.624190486187873,6.72034810546293
1814004786,4285018902,794.679,700,45.64392762868536,57.2169628221839,13.888870726495302,7.627846630761339
1814196876,1814004786,638.9,1200,2431.404065491665,47.56585441508343,13.431904206421672,330.2968479265199
1814939626,1814196876,2163.969,1200,2430.87376042528,287.99688094603596,7.513862625496555,1569.200646414743
1831118251,1814939626,1535.984,1200,0.0,92.15904,16.666666666666664,0.0
599286867,5731219312,55.479,1200,0.0,4.99311,11.11111111111111,0.0
599286867,599286869,122.76199999999999,1200,3863.500937836311,18.674494600167144,6.57377897653526,156.63530775549953
4335883542,599286867,521.679,1200,3863.500937836311,79.3575509401981,6.573778976535257,665.6241403250298
599286869,4336217879,469.047,1200,3863.500937836311,71.35119718418241,6.573778976535258,598.4695687329455
4336217878,4336217879,27.503000000000004,1200,0.0,2.47527,11.11111111111111,0.0
599286937,1271067483,81.06,1200,2352.554614670658,10.06066319777409,8.057122915906223,54.04130121143468
6292495119,599286937,14.126999999999999,700,37.63873173082305,1.0171446150302519,13.888880490784327,0.11181808194484039
6292503284,599286937,386.746,1200,2352.776769925296,48.00987619655528,8.055550870754987,257.8976005970037
1271067483,1271066724,11.802,700,133.05814179975548,0.849824246858172,13.887577394540552,0.330245510066459
1271067483,1271067158,10.06,1200,2245.5198448340234,1.138975030062804,8.8325026751862,6.00114349951767
599287164,1271067483,11.949,700,26.02337196312116,0.860328118875522,13.888886969796765,0.06539163243803134
1271066724,6292495119,81.856,700,33.07967210763515,9.822723543648713,8.333330326997482,0.7490447804633844
6292504385,6292495119,382.372,700,675.0529290824123,48.7553726424778,7.8426638804286535,74.59874339748724
599286948,1271066968,11.567,700,282.76268338797183,0.927142288881822,12.475970666757478,0.7153619827437906
599286948,1314927798,13.968,1200,2049.2333339897305,1.3536556694835662,10.318724558165474,6.889031197192001
599287159,599286948,15.14,700,0.0,1.21120002,12.499999793593135,0.0
6302568887,599286948,211.66899999999998,1200,2331.9960173777013,25.802846612137007,8.203319702735289,138.08502774054554
1271067036,1271066968,14.061,700,0.0,1.6873200000000002,8.333333333333332,0.0
1271066859,1271066968,524.038,700,652.8147898165283,66.32550777624873,7.90100245847886,98.33457829274087
1271066968,5802941969,714.403,700,2.0520393239592907,57.15223998030532,12.500000004307505,0.32037818528223316
1314927798,4344777737,14.545,700,37.03033804259289,1.1636006391868319,12.499993133524399,0.1177078670700479
1314927798,2832348510,878.1270000000001,1200,2142.7031061617304,91.43103232341055,9.604255553999241,473.0474332226168
1271067036,1314927798,12.055,700,130.5001102145924,0.964484250354588,12.498908090586276,0.3438174335386763
599287159,1272935690,11.477,1200,2294.0035477297274,1.353888964386834,8.477061488715101,7.195815639115585
4344777737,599287159,14.224,1200,2294.0035477297274,1.677939934602978,8.477061488715078,8.918121604145714
1272935690,1272936624,57.598,1200,60.21914155006923,6.911763170795117,8.333329510388017,0.9594847166417234
1272935690,6302568886,197.8,1200,2233.784406179659,22.176224009768177,8.919462570042272,116.59991589342141
599287164,1258298861,1421.531,1200,2342.2184138735543,174.8403856447791,8.130449922983502,937.401965931993
4274555078,599287164,10.112,1200,2368.2417858366744,1.2725046231982982,7.9465330150114655,6.854837753221872
1258298861,3439376958,12.866,1200,3046.7970886831954,3.0926130495075,4.1602359538801394,18.348190658644967
1258299466,1258298861,13.291,700,704.5786748096406,1.14222772494285,11.636033436909438,2.113645770740795
599288002,4368661290,12.852,700,1082.642441027607,1.635450665552628,7.858384401743625,4.01537828542498
599288002,1378327268,15.181,700,0.0,1.36629,11.11111111111111,0.0
1843117166,599288002,146.259,700,1082.642441027607,18.611840872476076,7.858384401743599,45.6960171683764
4368661289,4368661290,15.887,700,0.0,1.90644,8.333333333333334,0.0
4368661290,4368661287,74.709,700,1082.642441027607,9.506915948706167,7.858384401743599,23.341495201199464
1378327268,4362196491,410.565,700,289.2388413913869,37.02876570431069,11.087731178471449,27.46380898977573
4368661289,1378327268,12.149,700,289.2388413913869,1.095715598118858,11.08773117847149,0.8126796376134954
599288269,848392022,30.946000000000005,900,1972.802769810259,4.957652314883682,6.242067421124925,20.98691715586455
599288269,1378327172,466.581,700,952.972878233737,41.941320390231844,11.124614000198882,102.65359117056482
599288269,4362179199,28.664,900,287.79193396850377,5.163422294196558,5.551356903776198,3.1062664866753047
848397440,599288269,169.536,900,2130.9251409848944,33.297184043482666,5.0916017336061685,145.41162651482762
848392024,599288269,45.644,700,1082.642441027607,3.55506663719976,12.839140488222373,10.683362181251969
848392022,4362179199,33.032,700,137.1257665786201,2.378557348160226,13.88740953651998,0.9525667932845201
848392022,848387348,60.569,900,1972.802769810259,9.70335562141116,6.242067421124926,41.0766039298636
599288833,848392022,57.142,700,137.1257665786201,4.114662266546736,13.887409536519968,1.6478436577217246
1378327172,1378327165,64.335,700,1.6056458070588164,5.790150000011592,11.111111111088865,0.023863794830735058
1378327172,1378327163,46.728,700,951.367232426678,4.194795388914612,11.139518300102525,10.256245942334953
4362179199,848392023,9.145,700,424.91770054712384,0.6649071005223001,13.753801084115944,0.8197167739165689
599288276,1378327161,14.768000000000002,700,1119.3423502489477,1.56619414911069,9.429226899095177,4.205035461459665
599288276,1843155186,535.345,700,826.591246320929,43.966141603313545,12.176301592033568,97.80246510197173
1378327163,599288276,14.285999999999998,700,1818.968083974836,4.421074160886048,3.2313414071156124,14.467190291833337
603757985,599288276,598.66,700,126.96551259504017,43.10689465930277,13.887801585605633,15.984670044150809
1378327152,1378327161,44.328,700,333.7881344827841,3.203552261522094,13.837139644145708,3.1152010857160297
1843155186,4368055832,7.7860000000000005,700,1313.796961145921,0.9670766533944719,8.051068105791693,2.900402007720614
1843155186,1843155183,32.382,700,832.1649151665007,2.668362791338056,12.135531234777103,5.964636242488258
1470172131,1843155186,17.668,700,1319.3706299914934,2.212219102277994,7.9865506910263475,6.648168420268794
599288295,1440184136,13.799,700,744.772777770388,1.085625831217746,12.710640814912876,2.230690423731081
599288295,4569402982,695.943,700,912.9358079881818,60.5946540711495,11.485221108496342,144.32132755456016
599288798,599288295,15.219999999999999,700,912.9358079881818,1.325181279160638,11.485221108496384,3.156250735161353
1843155183,599288295,699.951,700,744.772777770388,55.06811263038583,12.71064081491285,113.15124232053024
1440184136,1439430739,15.337999999999997,700,1825.0352223810016,4.79547454854465,3.1984321561366302,15.687454811568864
847669930,4569402982,20.447,700,0.0,2.45364,8.333333333333332,0.0
4569402982,1359117147,157.44,700,911.8447527027696,13.69673065848261,11.494713879220136,32.596811267960504
599288798,1470172130,706.273,700,958.5090227256568,63.78360659373643,11.072954912984747,156.67352980367272
1439430739,599288798,14.094000000000001,700,514.4798666409082,1.036187750825298,13.601782098634612,1.535188187195575
1470172130,4368078509,14.23,700,1287.3352501802387,1.702118342016258,8.360170764121923,5.055955764889531
1470172130,1470172131,31.396,700,922.4985548731264,2.7537354419960822,11.401240482724871,6.603048979249114
1843155183,1470172130,15.758,700,1251.3247823277077,1.793327823579534,8.787015844401822,5.256797701347207
599288833,848387348,55.428,900,720.7912892766144,5.136978843531589,10.789999664840776,9.37572631616261
848387348,4362123830,388.698,900,2693.5940590868727,50.05953648545674,7.764714323971502,304.81612659520624
599289014,1378327240,14.069,700,0.0,1.12552002,12.499999777880452,0.0
599289014,2397222775,261.056,700,939.8628106979012,23.21476898688102,11.245255128212833,56.32982016827855
599289257,599289014,13.596000000000002,700,368.057365027874,0.9843242745322801,13.81252129178709,1.0541663790586249
848397438,599289014,396.194,700,571.805445670027,32.71637756928547,12.109959275318785,50.19211399034427
1378327240,1378327238,12.835,700,704.125101333973,0.992558706263412,12.931225043925775,1.9484209789649216
1749116824,1378327240,261.801,700,704.125101333973,20.245645645381284,12.931225043925712,39.74277839610415
2397222775,2397222757,11.376,700,1145.395853287214,1.243807557823176,9.146109402896274,3.381279794724261
1749116824,2397222775,13.395,700,205.5330425893132,1.072176147159444,12.49328296986262,0.6018048770545623
599289257,848397440,404.912,700,555.4273192519196,33.32178459690765,12.151570058392878,49.75124804267623
3736744778,599289257,457.18,700,368.057365027874,33.09895350328546,13.812521291787052,35.447468753899855
1378327238,599289257,15.907000000000002,700,555.4273192519196,1.309048926495882,12.151570256873848,1.9544817068420903
848397438,848397440,12.965,900,1575.4978217329738,1.3063345889490419,9.924716155935563,5.031680961807275
1842440031,599289764,72.014,900,3137.320848164,50.473864215487886,1.4267582068325675,189.74895594239933
1842413082,4362123834,56.937,700,944.9926930040812,6.355519793105351,8.958669291183213,14.156889105569595
4362123830,1842413082,59.451,900,2693.5940590868727,7.656559857773615,7.764714323971502,46.621344957297474
848392023,4368661280,374.107,700,289.2388413913869,33.7406268224095,11.087731178471453,25.025034257031237
848392023,848392024,32.964,900,1860.4046675521904,4.59010405609977,7.1815365397205495,18.927257609200115
599289771,4362142784,49.344,700,1792.2931456896697,14.598058405026036,3.3801755432771197,47.80902193101313
4362142777,599289771,43.305,700,6.603249376066544,3.8974500022324676,11.111111104746643,0.06605994286824214
4362142777,4362142784,52.580999999999996,700,938.3894436280144,7.7837850746119255,6.7551967964148245,15.956838891511039
1378327163,1378327165,38.502,700,62.23721330680692,2.772156531136356,13.888826106156909,0.5039193931777972
599290183,1843117166,474.418,700,0.0,42.69762,11.11111111111111,0.0
1468860820,1843117166,194.408,1200,1082.642441027607,12.223525126092252,15.904413660918324,42.813951061977214
603757967,1749116837,13.388,900,1134.5534151111406,0.95002488790644,14.092262392728465,3.180089804972678
603757967,4160048265,32.437,700,975.4662212621844,2.972547316897848,10.912189627935433,7.380103312075758
603757969,603757967,23.366,700,975.4662212621844,2.14127510579385,10.912189627935435,5.316259024877825
5726327133,603757967,35.862,900,1134.5534151111406,2.544800756655276,14.092262392728431,8.518403091270555
1749116837,848397415,24.284,700,219.0473601116718,1.7496607713524939,13.879261853272496,1.118869810471218
1749116837,847513948,656.366,900,2221.826366724827,60.2830527662631,10.88806836881575,340.55263834356487
3996636598,1749116837,930.3330000000001,700,1306.3203117253604,125.75236098958085,7.398135451922707,366.7729443143644
5726327133,4160048265,41.928,900,154.0458067710234,3.773754283885152,11.110421306189103,1.492143520062201
603757969,4358105314,624.787,900,1575.4978217329738,62.952631610158505,9.924716155935565,242.47812210448768
848397415,603757969,13.724000000000002,900,2033.895156645484,2.377051564763058,5.77353903610753,10.195422777459193
2397222757,603757969,198.502,700,517.068886349673,14.599941523257971,13.596081853052818,21.73366851512422
4358105314,848397438,12.624,900,2147.303267403,2.532929110899174,4.98395314171211,11.090536277311964
4358105315,4358105314,26.584,900,571.805445670027,2.4207602022618238,10.981674258838767,3.533462953651348
603757985,3736744778,19.79,700,306.69301777048145,1.428678113694024,13.851965540950651,1.2774379159222897
3672786698,603757985,347.103,700,398.20410623191066,25.1807322594255,13.784468077574452,29.13590406903221
3672786681,603757985,20.192,700,151.17629393852624,1.454052781407078,13.88670360401933,0.6419651295193222
3736744778,3736744780,15.379999999999999,700,2.478511856472928,1.107360000012588,13.888888888731007,0.008016307466543261
1378327165,3736744778,563.094,700,63.84285911386576,40.542970925592755,13.888819372251453,7.559985066795676
3672786698,3736744765,34.925,700,115.72186980491531,2.514735864124644,13.888138511181994,0.8499360019663977
3736744762,3672786698,32.553,700,398.20410623191066,2.951963744339136,11.027574462059567,3.0065305688348105
1943098885,605675014,9.194,700,814.3115040092714,0.937078386327156,9.81134570399766,1.8573095629706524
4334079531,605675014,326.595,700,734.0565800635868,31.96479997196301,10.217332825059543,58.03442006790055
606182839,4143584350,193.84,700,1010.0433677916666,22.91601293752473,8.458714023615734,53.59219750735109
632692724,606182839,29.487000000000002,700,0.0,3.53844,8.333333333333332,0.0
4332962444,5052471338,548.038,2000,101.7421110834774,56.369858685299114,9.722181548468644,13.911214891805747
4331730492,4332962444,349.713,2000,1781.6179674218886,42.99739556270339,8.133353088561172,175.37067433091934
4143584350,1943089978,269.037,700,1021.8257221763804,32.16642113915187,8.36390840112882,75.8504533630618
4143584349,4143584350,45.383,900,11.782354384713411,4.084470008678808,11.111111087501879,0.12352866115558918
1273624890,4346571273,40.945,900,2537.913474154136,3.15902095441764,12.961294208176007,22.38354064986421
1273624890,317337920,19.757,900,0.0,1.77813,11.111111111111112,0.0
608446292,1313395644,47.562,900,1708.7927790656136,5.536377299793708,8.590816236778554,22.007154753743137
1313395638,608446292,42.885,700,763.6719976535826,3.404122196925588,12.597961388909988,7.134213482494692
1313395644,4337410468,49.183,900,1784.5583550536098,6.250764050419788,7.8683181133188,25.305503517053854
1313395638,1313395644,71.223,900,75.7655759879968,6.410093288779338,11.111070742866342,1.246623960038639
611484214,611484217,37.213,900,0.0,6.69834,5.555555555555555,0.0
611484217,4346558752,70.661,900,3857.3320500100936,11.680846002060834,6.049304989341816,96.00881808271883
4346558752,4346558760,43.223,900,3857.3320500100936,7.14511841648109,6.0493049212873595,58.72814112848136
4346558752,4346558755,24.622,900,0.0,2.21598,11.11111111111111,0.0
623136192,4337410486,106.895,900,1789.9769220358444,13.672997682942066,7.8179637325148015,55.42643259473116
623136187,623136192,21.687,900,1546.5035468870883,2.12185615807686,10.220768225710442,8.117286526486435
5728765636,4337614201,687.058,900,1616.1984488154746,72.2347556092152,9.511460158001144,280.90140679305557
5728765640,5728765636,18.816,900,55.74814700394133,1.693441803382272,11.111099278652055,0.2423262350231375
623136187,623136392,38.274,700,1997.213958728303,4.877406297334914,7.847203547695725,22.082687943781433
627796770,623136187,828.668,900,1758.531937000062,102.14395216723425,8.11274659358462,410.9172373756182
623136392,626027508,54.877,700,1796.6521382090546,5.8193338428472146,9.430117171822271,25.079160228820314
626023506,623136392,57.968,700,553.4306000257832,4.291659486788772,13.507129393290816,6.808209803874991
4337410486,4337410485,61.351,900,1789.9769220358444,7.8474398320424585,7.817963732514803,31.811282717801124
4337410486,4337412292,52.95,900,0.0,4.765499999999999,11.111111111111112,0.0
626023506,626027508,79.746,700,282.76129834228146,9.58795079793315,8.31731427086491,6.24622694993495
627798908,627796770,704.16,900,1754.1649583058836,86.35589352916246,8.154162631207152,347.0362314799239
628085754,628086443,25.981,700,0.0,3.1177200000000003,8.333333333333334,0.0
3205492797,628086443,147.144,700,24.802702602754668,13.242961509924408,11.111109844254159,0.8431096134987488
628127776,628126543,761.266,900,913.2449511912196,49.17890275998612,15.479523886803666,142.15801989589175
628127776,2849129932,296.726,900,9.649346222573683,35.60712003403491,8.333333325367954,0.7920442550029766
4041919699,628127776,120.90200000000002,900,922.8942974137929,15.668669653614833,7.716162423024048,32.635243551970845
2849129932,4041917180,46.897,900,625.7054180727658,7.14931599689046,6.559648506290321,9.706918622611061
1273545797,1273674543,23.249,900,617.6540422499322,2.099042223297642,11.076003970742095,3.3228707359291403
1273960657,1273545797,236.436,900,617.6540422499322,21.346687905183128,11.076003970742068,33.792690667131644
4249905485,629216447,153.738,700,1586.0304144362249,35.74626084132095,4.300813466405591,111.40081861931971
629271438,4041917186,26.6,700,25.90348333153583,1.915200259789098,13.888887004917802,0.14489948908974373
1273635294,629271438,41.828,900,25.90348333153583,3.346240186106256,12.49999930479342,0.23678776972302235
4041917180,629271438,24.252,900,625.7054180727658,3.697149317794044,6.559648506290326,5.019770783537613
4041917180,4041917186,17.299,900,0.0,3.11382,5.555555555555555,0.0
631746586,629291411,405.87500000000006,700,702.7052940034192,32.941177222292914,12.321205075977808,62.71193085840592
631747377,631747381,21.403,700,1750.4154395543744,6.555115315876758,3.2650836741439244,20.71772085594422
631747377,4041919692,132.833,900,922.8942974137929,17.214904601235872,7.716162423024047,35.85579483167307
631746586,631747377,17.189,900,922.8942974137929,1.113830882350932,15.43232484604813,3.2458197083577542
631746956,631746586,20.224,700,683.1118802597874,1.63888684362123,12.3400831965395,3.0356925112643185
4053604158,631746586,107.03699999999999,900,942.4877111574244,6.9809271135192725,15.332777188392644,20.669282243298674
631746956,4341553864,49.879,900,1447.0658344365609,4.439572930170589,11.235089677439632,16.57860681238884
631747381,631746956,15.601000000000003,900,1447.0658344365609,1.38859594786566,11.235089677439648,5.185405579102992
4341553864,4053604157,43.548,900,1447.0658344365609,3.87607052994384,11.235089677439634,14.474331270993979
4041919694,631747381,148.338,900,1407.4639914695078,25.502126560353286,5.816691390380467,75.81805691563328
4041919692,4041919699,10.928,900,922.8942974137929,1.4162480519321639,7.716162423024067,2.9498101068297995
4041919692,4041919694,17.169,900,0.0,2.06028,8.333333333333334,0.0
4053604160,632033718,121.376,900,1447.0658344365609,10.803296055903001,11.235089677439623,40.34252852824852
4053604160,4053604159,14.623,900,0.0,1.3160699999999999,11.111111111111112,0.0
4053604159,4053604158,173.016,900,942.4877111574244,11.284061450457784,15.332777188392651,33.41009685068304
1172961256,632050833,16.724,700,13.947305350093728,1.204128013728018,13.8888887305445,0.049052088089375966
2055741713,632692724,136.746,700,840.11804517302,18.872331909278053,7.245845434329855,35.21811871217501
638356991,4139698098,487.218,700,1479.4980693587568,95.2433098875601,5.1155089063493,289.09991159089066
2059583644,638356991,31.075,700,1021.7455551567394,2.70187639113936,11.501266342867712,7.207269581170815
2059583628,2054187187,1207.132,700,1015.046920357205,104.28273714260673,11.575568814896428,277.2585153978131
2059583644,2059583628,14.761999999999999,700,0.0,1.7714400000000001,8.333333333333332,0.0
650000927,2054187187,9.892,700,285.489315789504,0.7350311038784461,13.457933885796301,0.6000647151303956
650000927,2059583644,1204.926,700,1021.7455551567394,104.76463754769162,11.501266345254008,279.46022546974086
2054187188,650000927,5.897,700,1307.2348709462435,0.72557910713868,8.12730127146964,2.170940440903358
650001621,4406230801,80.91,900,45.791571435919856,9.70920470675805,8.33332929356026,1.0249055724942262
4406230801,4406230800,5.162,900,0.0,0.61944,8.333333333333334,0.0
650007624,650007629,14.194,700,352.0380021442078,0.933360933868314,15.2074074293778,1.025626138372086
650007629,6302693059,147.277,700,1071.1722976368983,13.463669980146156,10.938845071007988,36.74803634584878
6302693059,4139638809,97.634,700,1071.1722976368983,8.925439505728782,10.938845077302215,24.361290489911976
6302693060,6302693059,11.834,700,0.0,1.42008,8.333333333333332,0.0
662164662,662164651,8.69,700,0.0,0.7821,11.11111111111111,0.0
662164651,6300422753,1223.396,900,1571.5694309176652,147.32656225845247,8.303974390265195,533.1932900235942
1368673245,662164651,105.257,900,1571.5694309176652,12.675496702325274,8.303974390265195,45.87421090800809
662164662,1368673249,106.134,900,1571.7564046950406,8.657333341029757,12.259433224893678,36.75947696896188
1368672691,662164662,1218.903,900,1804.185657693022,190.28436489492515,6.405691821674772,740.9617297396743
1368672691,6300422753,9.287,900,0.0,0.83583,11.111111111111112,0.0
6300422753,1368903744,261.515,900,1571.5694309176652,31.49275126698077,8.303974390265193,113.97621313174176
1368673245,1368673249,8.992,700,0.0,0.647424,13.888888888888891,0.0
1368673249,1368904635,829.033,900,1572.038983079592,67.62979570753713,12.258398703215466,287.197487248264
1368673206,1368673249,601.428,700,522.8196974810561,55.34697090064895,10.86650254229086,73.5071681924549
3649181792,3649181793,50.283,2000,0.0,3.01698,16.666666666666664,0.0
675127215,675127227,454.049,900,1844.989794192171,62.04669346098658,7.31785973873845,254.8988876015121
675163806,675127215,167.766,900,64.13631722588487,20.131957557571933,8.333317786918375,2.9764904915653885
675164123,675127215,96.312,900,1780.8534769662865,14.624385193619293,6.585712747912405,56.56465345517354
675127227,1305826543,33.652,900,0.0,3.02868,11.11111111111111,0.0
675127227,4374675301,149.317,900,1844.989794192171,20.40446323527666,7.317859738738453,83.82517569688508
4374675302,4374675301,24.072,900,0.0,2.16648,11.11111111111111,0.0
4374675301,675127231,55.75600000000001,900,1844.989794192171,7.619167624222861,7.317859738738455,31.30090007270118
675127231,675127246,209.76200000000003,900,1844.989794192171,28.6643919791993,7.317859738738453,117.75843677900046
1305826258,675127231,23.705,900,0.0,2.13345,11.11111111111111,0.0
675127246,4374892301,375.976,700,2372.887556289334,65.12125191421453,5.773476230083543,325.86440258924557
675127367,675127246,28.423,700,2452.3912349911284,5.376421254690731,5.286602119430647,27.257605738833718
4374892300,4374892301,9.552,700,0.0,1.14624,8.333333333333334,0.0
4374892301,675130128,255.675,700,2372.887556289334,44.284411992166525,5.773476230083543,221.5976049854389
1305701021,1359113397,34.404,700,1876.357974536024,4.3044025123088945,7.992746937959014,18.400427064603804
1305702155,1305701021,35.366,700,0.0,3.18294,11.11111111111111,0.0
675127367,4375725240,219.27,900,1723.0246179304368,25.940961604421442,8.45265504585717,103.46834646082299
4366930360,675127367,135.489,700,2370.599494663448,23.40841688599615,5.788046268137634,117.08771542515943
4375725240,4374675302,37.259,900,1723.0246179304368,4.407964100967474,8.452655045857174,17.581644186545358
4375725241,4375725240,8.057,900,0.0,0.72513,11.11111111111111,0.0
4080464732,675127383,8.545,900,0.0,0.76905,11.11111111111111,0.0
675127383,4080459460,43.754,900,1723.0246179304368,5.1763617186110995,8.452655045857169,20.646481648409942
4375748038,675127383,164.86,900,1723.0246179304368,19.503930907579324,8.45265504585717,77.79354949391744
4080459460,675164126,60.073,900,1144.8824175355944,4.287143587054763,14.012360160129303,14.423884475545949
4080459460,4080459456,133.437,900,578.1422003948411,12.157259128967677,10.975911476794415,17.93760716049201
675127443,675130107,16.324,700,973.0988266634172,1.492840620943476,10.934857861573478,3.700908918627769
675127443,4366889527,206.285,700,210.65098514087916,12.378550380514334,16.66471385249787,8.774329874612635
675127445,675127443,18.604,700,8.309809931181983,1.33948800192432,13.88888886893599,0.03251056007848114
2832607565,675127443,968.631,700,1175.4400018731146,109.85274149552014,8.81754052573646,302.81684215376987
675130107,675127445,16.607,700,37.41263147236876,0.9964205881519919,16.66665682892012,0.12545423533837818
675130107,4366866723,14.392000000000001,700,1182.387710408445,1.646417236967034,8.74140508059329,4.55281831106641
4366889528,675130107,201.086,700,246.7015152173964,14.48138361632502,13.885827855103127,10.433034155867086
4366889528,4366889527,11.211,700,0.0,1.34532,8.333333333333334,0.0
4366889527,4366930359,442.884,700,210.65098514087916,26.57615389739298,16.66471385249787,18.83806535709306
675127445,1305701604,436.122,700,1268.8170606111837,55.920229502205096,7.799002326748363,160.58071355683097
675164181,675127445,10.705,700,1239.7142390699971,1.3192637999218262,8.114374093061851,3.7417007777119515
1305701604,1758916489,862.363,700,0.0,77.61267000000001,11.11111111111111,0.0
1305701604,1359113341,63.214999999999996,700,1268.8170606111837,8.105523931335487,7.799002326748363,23.275848976880482
4366866723,1305702158,676.181,700,1182.387710408445,54.34800077093046,12.44169041010381,175.06836555968403
675164181,4366866723,24.538,700,0.0,2.94456,8.333333333333334,0.0
675130128,675163808,20.521,700,0.0,2.46252,8.333333333333334,0.0
4363529509,6047098112,36.194,700,1801.3950914461502,3.5325606724858503,10.24582543816025,15.757233176201776
4363529510,4363529509,22.844,700,1801.3950914461502,2.2295909819933337,10.245825438160255,9.94524602633457
675163806,675164123,135.812,700,1700.0706207278124,12.199758055108086,11.132351919318186,53.286102417544754
4363529510,675163806,20.368,700,0.0,2.44416,8.333333333333332,0.0
675164123,675164126,144.657,700,1981.659791476552,16.644977428880644,8.690729718203531,77.00261761641592
675164102,675164123,22.483,900,2062.4426477150246,4.040076492459647,5.5649936435515555,17.427438404905015
675164099,4080459459,26.726,700,0.0,1.924272,13.88888888888889,0.0
4080459459,4080487070,73.138,700,1527.509214125227,6.972096996978402,10.490100759025136,26.63400551284496
4080486290,4080459459,231.333,700,1527.509214125227,22.05250505348799,10.490100759025134,84.24245121965275
675164100,675164102,146.188,700,2078.4668647833114,18.51319811393351,7.89642065624389,87.37602416642616
675164100,675164156,93.227,900,1158.7911404244885,6.70563299149095,13.902788911695515,22.71110503436575
675164126,675164100,20.896,900,1160.7854448564933,1.504728065100666,13.886894572277457,5.101074323393169
4080464752,675164100,113.718,700,2076.4725603513066,17.246598260140026,6.593648108730093,77.80155213855876
675164102,675164103,94.135,700,1796.552787265821,9.14973911979375,10.288271476107612,40.7730147198864
675164110,675164102,78.702,900,1780.5285701975367,9.95485863685938,7.905888257277092,40.26171070374614
1359114431,675164156,7.714,900,0.0,0.69426,11.111111111111112,0.0
675164156,4375757649,108.109,900,2099.162578797869,20.37306692388903,5.306466640682049,88.48719708861775
4080464756,675164156,106.721,900,940.3714383733804,10.432996802909706,10.229179785642808,24.277235924904733
675164103,4363529510,49.066,700,1801.3950914461502,4.788877216007922,10.24582543816025,21.36112071126475
675164110,675164103,152.335,900,4.842304180328116,13.710150000831083,11.111111110437577,0.17040966228255047
675164126,4080459456,90.887,700,1965.7567641556536,10.29919548082905,8.824669865639244,47.49122014321134
4080459456,4080487075,35.359,700,2543.8989645504957,7.40915392010727,4.772339781475085,38.03336199210672
675164128,4365128803,156.955,700,1664.0819477241266,16.457978923178125,9.536711690580484,65.96007073127018
675164128,675164129,22.088,700,0.0,1.32528,16.666666666666668,0.0
4080487074,675164128,33.404,700,1664.0819477241266,2.918895691704852,11.44405402869658,12.649231726548125
4365128803,4080486293,113.671,700,1664.0819477241266,11.919307586101628,9.53671169058048,47.77004364368263
4365128802,4365128803,20.173,700,0.0,2.42076,8.333333333333332,0.0
4375757650,4375757649,10.145,900,0.0,0.91305,11.11111111111111,0.0
4375757649,4375920177,156.541,900,2099.162578797869,29.50004411596179,5.306466640682049,128.12878039246786
675164171,4080450928,26.777999999999995,700,0.0,2.4100200000000003,11.111111111111109,0.0
4080450928,4363559453,21.173,700,1527.509214125227,2.018379087711222,10.490100759025157,7.710380359368122
4363559465,4080450928,81.911,700,1527.509214125227,7.808409269046156,10.490100759025138,29.828789761309324
1305701199,675164181,682.861,700,1239.7142390699971,84.15448833988054,8.114374093061823,238.67926527502735
678202866,4341533302,22.787,900,900.1814070286676,2.199302510762166,10.361012133843827,4.925129972346951
678202866,4346543000,242.70100000000002,700,142.71187891440707,29.127759715369994,8.332292025601019,9.582219903492764
3812840431,678202866,1011.464,700,1033.0438409255232,163.02239988620127,6.204447982032275,360.884357311763
4341533302,4346542999,222.71199999999996,900,2543.8379731073155,25.549356382263888,8.71693191279779,151.86907269920053
4346542999,4346543000,10.748,900,578.2951892959787,0.97924792013016,10.975770056852806,1.4452194329704586
4346543000,4346543002,59.033,700,721.0070682103859,7.660737491669028,7.705916051058762,12.461257239815728
3669613446,679655459,11.201,700,108.5132031660244,1.344176149060242,8.3329852325017,0.3362390904529667
687485067,687485097,10.666,700,1156.9152639297372,0.849826631533866,12.550795190718798,2.6921952596264203
4332896008,687485067,13.341,700,501.6163994246503,0.978874380651426,13.62891936258641,1.4158952606915125
4333981475,687485067,503.14,700,1358.796731572727,43.57542093415738,11.546417434733364,154.88986935138104
687485097,3450829628,12.722000000000001,700,474.7893169709133,0.930007801521174,13.67945513918396,1.2764306382137784
3450829628,4332896008,11.356,700,2021.684128702518,1.63050025905297,6.964733637390411,7.252821463334938
2053915175,690200576,87.464,900,2069.549253605565,11.016654726670254,7.939252175005371,51.84765019981157
3329170621,3329170620,14.196,900,2786.3011861603736,1.9698085977994082,7.206791571454813,12.175310374843795
3669613446,3329170621,582.292,900,1633.3262294271967,40.35272647509685,14.430053452753777,197.77323049245373
4325766718,4333022367,115.935,700,1551.8182558489018,14.035203561758747,8.260300571335085,50.08060114988798
697291018,2489445302,742.439,900,0.0,76.36515426,9.722222225495967,0.0
1329794554,697291018,106.98000000000002,900,3286.33892180001,22.72431222964225,4.7077332382562584,150.1905710100624
1329794535,697291018,11.405,900,0.0,1.1730857399999999,9.722222009109071,0.0
2489445302,2887117152,19.582,900,620.8314425093743,1.791246265966536,10.932053493735422,2.832796869135234
2489445302,5930011168,10.17,900,229.07438888373088,0.732283912766328,13.888056015843748,0.48992845626236536
5930011169,2489445302,12.921,900,849.9058313931051,0.89439180699741,14.44668868711743,2.2828830286334663
697291104,6302973507,25.699,900,1095.2401893307954,1.9083132332270942,13.466866734734714,5.979303578616938
4331439649,697291104,61.19200000000001,900,0.0,7.34304,8.333333333333334,0.0
6302973508,6302973507,13.731,900,0.0,1.23579,11.11111111111111,0.0
6302973507,1358245412,300.01,900,1085.386394524893,22.25360534694693,13.481411003865029,69.14874196819235
4337568357,1358245401,12.66,700,535.7791646872306,1.144987642049508,11.05688789560979,1.5710092308514843
4337568354,4337568357,40.111,700,0.0,3.60999,11.11111111111111,0.0
697291112,1358245420,34.673,700,2516.102861266818,10.563716619326016,3.2822728258884517,48.079822148196186
697291112,1358245422,28.542,900,0.0,1.71252,16.666666666666668,0.0
4337568354,697291112,27.598,900,889.8697229735866,2.517740093662272,10.961417371662183,5.7143162675312436
1358245420,5489599247,37.723,700,1627.346354819127,4.812095917052017,7.839203675538919,17.747380536038047
1273745057,1358245420,48.382,900,1510.6279704201245,3.8785772284416242,12.474161825427782,15.986401977463471
1358245422,2887117152,692.463,900,0.0,71.22476574,9.722222218712208,0.0
1358245426,1358245422,46.795,900,0.0,5.6154,8.333333333333334,0.0
701688556,7067972842,16.162,900,2650.835212264741,2.01253790005908,8.030656217468275,12.170017011351975
701688556,4332677493,19.933,700,62.83376820017204,1.4351827398727979,13.888823664202294,0.2633864568901471
7067972842,4332677494,211.56400000000002,900,2654.10833931514,26.412092967280028,8.010118708202748,159.80104228646806
4332677493,1273481823,492.7010000000001,900,2240.650497295731,45.78996185923474,10.760022065854463,259.46990940607736
1356144907,4332677493,203.55200000000002,900,2177.8167290955603,18.196452578267124,11.186356193575428,102.04996307459685
1273549187,6290603420,1110.996,700,1233.1847906559735,123.3883563211835,9.004058673964707,359.2604435450722
1273749237,1273549187,41.975,700,0.0,5.037,8.333333333333334,0.0
769214402,1305701774,12.620999999999999,700,1646.2409499414375,2.919535628841024,4.322947757623425,9.456893095870726
769214402,5064825004,242.04500000000002,1200,3268.201148879751,25.939876997208604,9.331000298345536,202.5976232025915
1305701774,1305701199,11.209,700,2293.741769722968,7.537613786884471,1.487075395067837,21.261806084683784
1758916489,1305701774,184.035,1200,3432.8445096604346,21.608923674573006,8.516620391257712,172.10594116280348
5064825004,5064825005,41.864,1200,0.0,3.7677600000000004,11.111111111111109,0.0
5064825004,3958498119,314.776,1200,3268.201148879751,33.734432529791306,9.331000298345536,263.4752605557601
769214408,3462138223,20.215,700,1763.5035763745054,2.0847655030435144,9.696534200363763,8.908842632223275
769214408,6047098107,490.97599999999994,700,2106.7331775704874,63.993502023304295,7.672278973280802,303.80976344322846
4439657970,769214408,585.447,700,2069.4229646643075,80.14493445606566,7.304853438004044,369.13917150798613
3462138223,1400834502,757.147,700,1985.550841386269,104.93957492470898,7.215075919101354,462.34874640928086
3536212356,3462138223,379.958,700,2041.4231890758267,46.360345100771475,8.195754349414392,217.1286080996993
6047098107,3536201806,137.265,700,2106.7331775704874,17.891033482754477,7.672278973280804,84.93785272403284
6047098110,6047098107,52.873000000000005,700,0.0,6.344760000000001,8.333333333333332,0.0
4439657969,4439657971,9.669,700,1389.6790408184816,1.34401739481093,7.194103318402505,4.141535288779744
4439657969,4439657970,18.694,700,0.0,2.24328,8.333333333333334,0.0
2477162037,769214428,36.831,700,1095.310778055739,2.617252477399908,14.072390920645727,8.449533892564121
769214434,5435998130,45.803,900,2099.162578797869,8.631543944675183,5.306466640682048,37.48974727589712
769214434,769214416,63.37400000000001,900,0.0,5.70366,11.11111111111111,0.0
4375757668,769214434,42.548,900,2099.162578797869,8.018141426501309,5.306466640682053,34.82553036034472
4740714654,4919930484,126.856,900,1855.9755640104704,21.082555000437832,6.017107508903238,83.27781677513892
4740714653,4740714654,35.225,900,0.0,3.1702500000000002,11.11111111111111,0.0
4430045829,4419693264,22.038,700,364.442535366705,1.595169251012604,13.815461892843288,1.6918206353724878
1870310453,4430045829,153.883,700,696.86849879484,11.866804100812333,12.967518355634274,23.094739851187214
769214470,4166262962,13.624000000000002,700,854.9686887641484,0.9490324098213,14.355674115034025,2.4256619894191194
769214470,4274224210,444.369,2000,6653.523574077424,38.887701445327906,11.426980342994481,673.3019076463407
1381254441,769214470,39.494,700,1297.8785610441998,2.769794481646902,14.258819656726704,10.6947977025515
4166262962,4166262964,43.112,700,1352.0758169434512,5.191240117336716,8.30475936877255,16.164195312562175
4274224209,4166262962,215.885,2000,6415.266029933616,17.646917339673923,12.233581415075019,305.46865137597615
4274224210,4274224272,852.2469999999998,2000,5700.407960478216,57.87183553261591,14.72645531555126,1004.8276204338235
4274224210,4274224218,270.965,2000,953.1156135992068,16.781772860921066,16.14638705014198,52.397941375803036
1295958693,4375690411,188.357,700,508.0012112173419,13.833815794903218,13.615693803686197,20.251517797839846
769223674,769223693,25.917,700,387.4944259495284,2.087443502299452,12.415665368404353,2.200994570933331
769223674,1305701493,88.437,900,1266.4511886613825,6.811215887192682,12.984025387639019,24.1092594902228
769223701,769223674,14.119,900,1246.2307501513135,1.07243174453043,13.165406630313875,3.7680503438025466
1272936818,769223674,11.322,700,407.71486445959727,0.913300730736084,12.396792884283492,1.012345064565227
769223693,769223684,14.138999999999998,900,1515.172484332575,1.341303178939038,10.54124095283503,5.093194935106672
1305701275,769223693,79.371,900,1644.1515897383474,8.599127187611659,9.230122809945863,33.66044136034078
1305701493,1305701365,21.929,900,1266.4511886613825,1.6889215282093262,12.98402538763903,5.978176005078133
1305701275,1305701493,29.129999999999995,900,0.0,2.6216999999999997,11.111111111111112,0.0
769223675,769223683,22.954,700,446.9346622979775,1.672555404785292,13.723910092501022,2.1656261295899575
769223675,1305701371,75.715,900,1479.995628344882,6.945996132174984,10.900524353774948,26.15184238813435
1305701189,769223683,74.495,900,1206.4643958207143,5.5137772951618675,13.510701650095038,19.071461507081445
1305701371,1305701300,19.989,900,1479.995628344882,1.833764996183658,10.900524353774955,6.904169286091496
1305701371,1305701189,25.092,900,0.0,3.01104,8.333333333333334,0.0
769223676,769223686,302.414,700,0.0,21.773808000000002,13.888888888888888,0.0
769223691,769223686,214.668,700,11.351062034841116,17.173440085896882,12.499999937478396,0.5325222969896296
769223677,769223698,15.299,700,0.0,1.22392002,12.499999795738287,0.0
769223677,1272936179,383.12,700,0.0,34.480799999999995,11.111111111111112,0.0
769223689,769223677,15.085,700,0.0,1.3576499999999998,11.111111111111112,0.0
769223698,769223679,14.411,700,438.3973783693869,1.3114238615753882,10.988819421577661,1.4680586264009494
769223698,6300533680,686.973,700,2.3882923094149024,54.9578400005387,12.499999999877472,0.3585594202674521
1272936179,769223698,403.166,700,440.785670678802,36.697617123948554,10.98616290638929,41.299867739148404
1272936001,1272936179,134.69,700,440.785670678802,16.3466233112403,8.239622179791969,16.555927477171902
769223679,769223689,15.537000000000003,700,0.0,1.2429599999999998,12.500000000000002,0.0
769223679,1272936060,465.389,700,438.3973783693869,42.35113729197903,10.988819421577634,47.40950219152814
6300533681,769223679,691.692,700,0.0,55.335359999999994,12.500000000000002,0.0
1826858733,769223689,467.08600000000007,700,0.0,42.03774,11.11111111111111,0.0
1826858733,1272936060,13.064,700,0.0,1.17576,11.111111111111112,0.0
769223702,769223687,26.046999999999997,900,0.4175741863762377,1.56282,16.666666666666664,0.002196176320324889
769223702,1305701559,46.042,900,1206.4643958207143,3.407817091399992,13.510701650095054,11.787210292087316
1305701420,769223702,39.098,700,0.0,2.34588,16.666666666666664,0.0
1305701012,3737747688,475.255,700,62.38299676054152,28.51543011189263,16.66659061901333,5.9864457362978145
1305701765,1305701012,91.948,900,59.56921865429112,8.275331488640724,11.111095685558215,1.265339187101697
769223684,769223701,25.446000000000005,700,0.0,2.03568,12.5,0.0
769223701,1272935239,12.788,700,0.0,1.0230400199999998,12.499999755630286,0.0
1272936304,769223701,32.942,900,1246.2307501513135,2.50216350508686,13.165406630313896,8.791494753562123
769223691,4346589043,409.6569999999999,700,566.8350267547947,38.015866722964745,10.77594792156963,54.532269229350796
1273122231,769223687,81.119,900,1511.560593030155,7.6685219134384255,10.578179330471224,29.093732652057263
769223703,1826858733,9.455,700,0.0,0.8509500000000001,11.11111111111111,0.0
4346589042,4346589043,51.163,1200,0.0,4.60467,11.11111111111111,0.0
6300533680,6300533683,14.297000000000002,700,2.3882923094149024,1.1437600200112081,12.499999781300188,0.007462191481937924
6300533681,6300533680,14.134999999999998,700,0.0,1.6962,8.333333333333334,0.0
1272935239,1272936818,13.751000000000001,700,23.65781169217421,1.237590116801706,11.111110062462842,0.07515386595915345
1272935239,1272936908,704.969,700,0.0,56.39752002,12.499999995567181,0.0
1305701559,1305701931,43.139,900,1206.4643958207143,3.192950382387912,13.510701650095056,11.04401339625461
1305701420,1305701559,71.627,900,0.0,6.446429999999999,11.11111111111111,0.0
1273122510,1826858733,345.637,700,0.0,31.107329999999997,11.111111111111112,0.0
791159724,791159855,11.066,700,53.188796873480754,0.9959424015296701,11.111084318735408,0.1359733609959544
791159724,4337460697,63.751,700,1153.6702107877877,6.342464539561422,10.051455487429235,17.978390137602208
791160089,791159724,47.517,700,1153.6702107877877,4.72737506119653,10.05145548742924,13.400247277194762
791159855,791160024,47.089,700,1656.4686608372697,6.13691811641319,7.673069626603042,22.908756029793686
791159855,4035033388,146.247,700,326.73734575156726,13.207425864429547,11.07308884419899,11.058845634696182
4337460697,4115530609,188.71,700,1154.0038883987384,18.776467801813638,10.050346102996663,53.236948357886625
791160205,1354143288,436.59400000000005,900,2930.6084088507973,91.03620831964206,4.795828034347077,539.0004890272521
2833857428,791160205,1227.873,700,1644.7931623402826,211.5231682962146,5.80491021333654,734.5679581605445
2833857428,2833857426,161.087,700,1335.9227155927365,25.253549210016516,6.378786548391652,72.74506300392893
791160024,791160089,11.48,700,1838.5113966568097,4.589708227104156,2.501248321670161,13.705733086511357
791160024,1831682598,166.121,700,0.0,14.95089,11.111111111111112,0.0
791159958,791159857,15.431,700,2049.448629101232,7.0164253416400015,2.199268038729419,21.99198941319382
791159879,791159985,27.013,900,1169.8376974662044,2.9331819021143457,9.209452704084951,8.163096362756274
1482251947,791159879,601.577,900,1552.4937418602303,88.81955955614893,6.7730239038136855,301.4229566164676
791159985,1273725720,536.386,700,1946.7473964070311,49.06464838116177,10.932229572564182,243.31448429505818
1354143307,791159985,498.063,900,3053.3717723957016,103.74442627744105,4.800865144003428,640.136816218678
5599156588,791159958,123.49799999999999,700,1392.554428050366,18.96616459668353,6.511490468747444,57.21521829449302
3023386405,2833127129,1098.934,700,1923.988166566444,119.70622436955763,9.18025780019062,547.3178786653983
3023386402,3023386405,157.462,700,1945.9215751942413,17.50962034509957,8.99288487680254,80.41405453564451
1273725720,2833857428,10.137,700,2980.71587793302,5.198243074818312,1.9500819515552006,22.282440287446025
1273650490,1841059661,13.318,900,0.0,1.19862,11.11111111111111,0.0
1841059661,1273936570,76.093,900,2867.0695973118345,11.284200330170473,6.743322324449592,70.64888502750699
791160089,1354143294,299.889,700,1685.5504100003543,39.9552065890571,7.50563006930199,150.9116004547048
1873961647,791160089,198.087,700,1000.7092241313344,25.18909865238726,7.863997149466345,57.175192856250945
1873961647,1831682598,53.407,700,55.9429569458616,6.408858911902302,8.3333087424993,0.826495448806828
1354143288,1354143312,31.928999999999995,900,2998.534217013662,7.051523509684386,4.52795767555047,42.1095895663604
1354143288,4784711934,616.926,900,2613.18438510004,89.5291042723833,6.890787135801837,513.4714985257726
1273597598,1354143288,15.792000000000002,900,2681.1101932629063,2.41658056038576,6.534853527696637,14.04717262749414
5599156589,5599156590,21.971,700,303.7357440684599,1.585968393224928,13.853365611734477,1.4045008456165058
5599156588,5599156589,13.505000000000003,700,0.0,0.9723600000000001,13.888888888888888,0.0
4356286909,4356286908,33.811,700,988.8911971497756,2.850709568136738,11.860555834209139,7.478442520788457
4356286909,4356286913,31.247,700,0.0,5.62446,5.555555555555555,0.0
799373625,799373627,46.567,700,864.1183313056144,3.9160435802844478,11.891338552626,8.989443546209733
799373625,2055741657,9.645,700,0.0,1.1574,8.333333333333334,0.0
2055741657,2055741330,537.39,700,422.9014376628356,39.0649460465833,13.756322595689369,47.937829003306724
2055741330,799373625,537.517,700,864.1183313056144,45.20239648557467,11.891338552626,103.76401156673221
816743729,1304306393,15.911000000000001,700,458.2096501456468,1.1608066165945619,13.706848128310831,1.5396377067292326
816743729,824087192,554.695,700,6.013473192811269,44.37559999748315,12.500000000708964,0.7289766522795122
817064351,816743729,709.581,700,458.2096501456468,51.76835647098153,13.70684812831081,68.66304214559975
1304306393,1304306381,17.24,700,467.15866311207407,1.39899062164983,12.323170529670072,1.7707469281250021
824087191,1304306393,562.205,700,8.949012966427265,44.976400106907924,12.499999970287773,1.0995217632676928
824087192,817349146,8.966,700,307.84393129501905,0.7192208398908659,12.466268359743989,0.6038845468775808
824087192,817362831,653.904,700,540.3479374093221,60.36291728388468,10.83287603421671,82.73950724329352
824087191,824087192,17.847,700,842.1783955115294,1.479738822210366,12.060912190802004,3.336103077437567
817064351,817064352,15.469,700,0.0,1.113768,13.888888888888888,0.0
817064376,817064351,23.466,700,0.0,1.689552,13.88888888888889,0.0
817362831,817064351,144.346,700,458.2096501456468,10.530940348121353,13.706848128310813,13.967729521434116
817064352,817064374,23.472,700,609.0246910196672,1.760032091663334,13.336120466881702,3.0470986381265015
817064352,817301953,344.259,700,0.0,24.786648,13.88888888888889,0.0
817064374,817064376,18.573,700,609.0246910196672,1.392683880302616,13.336120466881743,2.411118055807921
817301951,817064374,342.103,700,0.0,24.631415999999998,13.888888888888891,0.0
817301953,1302759115,18.09,700,0.0,1.30248,13.888888888888888,0.0
817301951,817301953,21.652,700,700.5033077635164,1.857821664349158,11.654509372720252,3.4207449230107474
817064376,817362821,118.141,700,609.0246910196672,8.858723216649539,13.3361204668817,15.336881399407948
817362821,1302759097,13.859,700,275.7925881374229,0.9995872774557419,13.86472228345626,0.8042270963971812
817362821,817385607,437.163,700,895.6080042069611,46.971286119537815,9.307026400926269,100.44274512963905
817362831,817362821,51.595,700,562.3759013247177,4.783486513694406,10.78606573934958,6.810629906801073
817164021,1870228350,95.328,900,2039.1956996379304,7.873644588732006,12.107226701142208,43.07273952688181
817164021,818634139,29.045,700,89.98201737119088,2.091281304835302,13.888614569854548,0.5496127754929006
818628456,817164021,10.681,700,427.9660793399651,0.776804413882632,13.749921871084785,0.9643531038242694
818634128,817164021,11.09,900,1701.2116376691567,1.2798865954919039,8.664830180315887,5.078338938970233
818628456,1870228350,94.137,900,630.6518513607064,8.620090312333266,10.9206512448382,13.84134650714645
1870228349,818634139,78.483,900,1526.7480660904916,6.319441331923338,12.41929402897289,26.257783421161033
817600715,817301951,609.224,700,700.5033077635164,52.27367260180711,11.654509233371506,96.24976524040856
1302759087,817301951,17.092,700,0.0,1.2306240000000002,13.888888888888886,0.0
1302759115,1302759087,21.712,700,628.4321135468529,1.818580133366232,11.938984486655867,3.0425482756255446
3737968192,1302759115,955.669,700,628.4321135468529,80.04608866206965,11.938984352309145,133.9199098687223
817301961,4356640695,581.519,700,628.4321135468529,48.707577063676325,11.938984344053274,81.48948233302706
817301961,1951268681,17.451,700,0.0,2.09412,8.333333333333332,0.0
1302759087,817301961,25.308,700,628.4321135468529,2.119778304402048,11.938984349185958,3.5464633459550017
4356640695,817301967,21.567,700,872.683950212755,2.026856167090446,10.64061690719744,4.4510606465540175
817600715,4356640695,19.85,700,244.251836665902,1.4307325634883779,13.874011472557951,1.0199319354271172
817301967,822647576,8.965,700,0.0,0.64548,13.888888888888888,0.0
817301967,1844874558,106.087,700,872.683950212755,9.970004622405078,10.640616932272644,21.894545842676536
822647576,822647544,519.035,700,95.36068190790505,37.37145106638587,13.888542863320906,10.408697961704286
822647576,817600715,29.598000000000003,700,700.5033077635164,2.5396178762382657,11.654509238154034,4.676113467332542
1844874560,822647576,99.875,700,795.8639896714211,8.955775809223914,11.152021011639743,18.327570796001577
1844874558,822685978,248.94699999999997,700,872.683950212755,21.056326146696307,11.82290767466381,48.66469770946571
1844874560,1844874558,9.389,700,0.0,0.676008,13.888888888888888,0.0
817301977,1842358968,16.76,700,249.92172159950763,1.2081383932015919,13.87258288811239,0.8811805350588099
817301977,2470149963,430.778,700,608.4579013454331,32.29681879750059,13.338093844503886,55.86796690123204
817301978,817301977,155.43,700,255.8623381101038,11.205409968991283,13.87097843185758,8.366500846230437
2470149843,817301977,13.302999999999999,700,602.5172848348367,0.99584669338623,13.35848187110519,1.7075134793145867
1842358968,2470149857,12.908,700,59.17390182337919,0.929379433099536,13.888837583753116,0.16062631468957214
1842358968,827130996,166.067,700,249.92172159950763,11.97087819473799,13.872582888112392,8.7312057228885
1842358970,1842358968,437.094,700,59.17390182337919,31.47088425249529,13.888837583753094,5.439169382779975
2470149963,3420442900,252.837,700,911.1907458148168,21.98507041537826,11.500395278386005,52.2977546326231
2470149963,3978876122,85.088,2000,1460.7418303277937,6.194405695835454,13.73626529776784,26.22986938692252
1842358970,2470149963,14.89,700,1763.474674797177,5.2448050187073,2.838999723896309,15.847594699974541
6294711417,817301978,13.288,700,0.0,1.59456,8.333333333333334,0.0
4895906767,817301978,20.095,700,255.8623381101038,1.448708185851378,13.870978431857589,1.0816755742456443
6294711417,6294711418,20.636,700,794.1294691532119,1.6638237169494718,12.402756247419623,3.593164103118014
2470149843,6294711417,149.517,700,794.1294691532119,12.055142987358709,12.402756247419616,26.034072359270038
1870265569,1870265571,13.592000000000002,900,2153.989365991497,2.751073022915094,4.94061767418941,12.058106686969927
817340898,817340901,26.702,700,794.8963082229357,2.69224954289517,9.918099928911277,5.230629448120924
817340898,817345802,604.899,700,77.12600268481916,43.5531922936783,13.888740828024229,9.810974967429173
817362823,817340898,11.66,700,112.38554547991563,0.8395603503209039,13.888221371510953,0.2755767452004628
3736715242,817340898,382.175,700,759.6367654278389,37.84641502458288,10.098050231488527,70.7693306498662
817340901,817362826,12.392,700,397.939882887694,0.8989649000414339,13.784742874197695,1.0394904332911457
817345799,817340901,604.069,700,6.993291471406998,43.4929680313415,13.888888878880406,0.8883727090075514
817345802,817345815,13.476,700,0.4403391086868941,0.970272000000006,13.888888888888804,0.0012478870887945494
817345802,817345808,655.623,700,488.91775512690367,53.35278545978118,12.288449316188505,70.56247496526476
817345799,817345802,21.155,700,412.2320915507714,1.707124647872652,12.392182390642935,1.912812220920728
817362826,817362827,30.282,700,458.2096501456468,2.209260635014554,13.706848128310815,2.9302563657328045
817362823,817362826,30.445,900,1540.1646935102856,2.9599666795370463,10.28558875695241,11.306575791201462
1302759101,817349146,17.732,900,1571.7205719114577,1.7797445031286498,9.963227850305787,6.849060970995321
1302759101,824087191,7.943,700,2.869149490174303,0.635440020012972,12.49999960631666,0.004980486112114007
824087189,1302759101,59.453,900,1573.6953929347233,5.979328023469602,9.943090555768077,23.021160482733784
4351746541,4351746542,15.010000000000002,900,0.0,2.7018,5.555555555555555,0.0
4351746542,4351746556,73.33,900,2416.8531597115643,20.95102840511755,3.5000668502787304,93.60594565218837
817345800,817345799,13.588,700,6.993291471406998,0.9783360007049939,13.888888878880483,0.01998316147657734
817345821,817345799,517.805,700,412.2320915507714,41.78481060138403,12.392182531104947,46.8193678696323
817345800,817349216,518.553,700,549.1795716958013,42.621120321105096,12.16657366332117,62.96311616320725
817345815,817345800,21.37,700,556.1728631672081,1.582995789426924,13.499720051521026,2.5227661795491536
824068897,817345800,531.818,700,0.0,38.290896000000004,13.888888888888888,0.0
817349216,817349223,14.289,700,526.9950434597715,1.169683913678742,12.21612081084371,1.661917746357015
817349216,6290628553,543.909,700,22.184528236029426,43.5127231753466,12.499999087810883,2.637001910567187
817345821,817349216,17.071,700,0.0,1.3656799800000001,12.500000183058992,0.0
817345815,824068860,528.524,700,0.4403391086868941,38.05372800000043,13.888888888888731,0.04894169454719884
817345809,817345815,649.347,700,556.1728631672081,53.44530582212898,12.1497480463689,79.8972112090891
817345808,817727511,23.423,700,488.91775512690367,1.906098942780606,12.288449185030585,2.5209378846537165
817345808,1951269473,100.61099999999999,700,702.0458412300871,8.63795616590898,11.647546950640566,15.93487153845833
817345809,817345808,13.312000000000001,700,702.0458412300871,1.142901574590162,11.647547169382111,2.1083679517932548
817727511,817728007,13.122999999999998,700,197.6547910672084,1.050322734805992,12.494254922915655,0.5669669088119137
817727511,817727641,909.639,700,1504.5506315970074,185.1178414611275,4.913837547047096,566.0098913270998
1947282191,817727511,96.893,700,1213.287667537313,12.81215220459582,7.562585774249834,34.90031712172206
1947282191,1951269473,20.415,700,632.8172783749126,2.5681635710532897,7.949260019924324,3.69703289653413
1951269473,817717266,150.081,700,660.4539951243216,12.694752001328322,11.822286877624407,22.203892984630734
817728007,817345809,23.482,700,1247.5245245208127,3.249427695720942,7.226503310389896,8.998555769407849
1951269316,817345809,156.717,700,10.694179876481776,12.537360049404912,12.49999995074231,0.36626682461215654
824068860,1954479810,15.043,700,0.0,1.083096,13.888888888888888,0.0
824068860,824065427,437.489,700,1176.7938849541165,62.124218120206166,7.042165088556741,161.27738832025352
824068897,824068860,20.897,700,1176.3535458454294,2.9657856946054677,7.046024949816842,7.697443427460472
1307610103,1307610220,17.438,700,0.0,2.0925599999999998,8.333333333333334,0.0
1307610220,817345821,265.16,700,412.2320915507714,21.397360751943012,12.392182525404301,23.975480319307632
1307610284,817345821,14.871,700,0.0,1.1896799999999998,12.500000000000002,0.0
817349146,817362827,665.498,900,1461.3189384628936,60.00574621974463,11.090571185681227,224.8824580834352
817362827,817362831,16.312,700,480.2376140610426,1.193284818852156,13.669829484373087,1.6557876554033615
817362827,1302759097,44.02,900,1439.290974547498,3.89086018715562,11.31369360053527,14.50083440680697
817349223,1307610284,17.514,700,527.8893719266799,1.4339009186976601,12.214233055870473,2.0406046174797976
6290628550,817349223,560.496,700,0.8943284669083503,44.83968000000864,12.499999999997591,0.10954777492252862
6290628553,5213227842,114.684,700,22.184528236029426,9.174720669526428,12.499999087810883,0.5560156701056377
6290628553,6290628550,16.184,700,0.0,1.94208,8.333333333333334,0.0
1307610284,1307610103,268.06,700,527.8893719266799,21.946527344274305,12.214233067261777,31.232412557828297
1302759097,817362823,24.739,700,77.12600268481916,1.781226988560576,13.888740828024275,0.40124667046768075
1302759097,817385480,422.18699999999995,900,1637.9575600001006,45.43431492244481,9.292249717436308,177.588594549315
817385607,822647544,25.759,700,754.9589926470373,2.545212391654926,10.120569931396258,4.734248416260082
817385607,817600715,497.0350000000001,700,244.251836665902,35.82489469488401,13.874011472557918,25.538633225441696
817385480,817385607,11.131,700,103.60282510597798,0.801459818082234,13.88840681574619,0.24251439674644323
1951268957,817362823,392.156,900,1575.424236305382,39.51008363631127,9.925466207811155,152.1805378419562
817385480,1951268989,25.861999999999995,900,1534.354734894123,2.499947849277696,10.345015800018487,9.536250172521731
1951268957,817385480,26.894,700,0.0,1.9363679999999999,13.88888888888889,0.0
1951268989,1951268967,33.367,700,95.36068190790505,2.4024838551005163,13.888542863320916,0.6691398940113613
1951268989,1844389424,398.092,900,2065.1038430550134,33.34644241420453,11.938065088179401,183.32428879992543
822647544,1951268989,11.782,700,626.1097900687961,0.8875800322631999,13.274295918935461,1.5750296078514634
817385517,817385665,11.517,700,438.2700441174634,0.762219545104632,15.109819833364453,1.0375443727846443
821789705,817385517,25.065,700,502.626547269098,1.672165541766684,14.989544619797757,2.594455923782825
1844389435,817385517,899.7019999999999,900,2021.65548627614,184.08282129167577,4.88748484886832,755.3160653687194
822493974,817385665,895.729,700,1465.7963547335903,192.73682842879367,4.647420045779812,566.3505749496187
822647544,817385631,394.781,700,224.2098844861461,35.55734153333105,11.10265793155365,20.456277837240687
817385631,1951269610,53.14900000000001,700,128.07359446232024,3.827038198792296,13.88776313149221,1.431504562446642
817385631,822685931,20.169,700,1373.7592778158387,3.7630063343828577,5.359810270770582,10.720521711313017
1844389424,817385631,12.523,700,1277.6229877920127,1.806075671466972,6.9338179999004605,5.071726257058676
1951269623,1951269610,20.03,700,0.0,2.4036,8.333333333333334,0.0
1951269610,1951269629,102.406,700,128.07359446232024,7.37382968231808,13.887763131492218,2.7581827733712903
822685931,1844389425,12.529,700,51.67579438968999,0.902089938079848,13.888859049540802,0.1361541529395528
822685931,817385652,1051.422,700,1365.0264918252192,193.610385607708,5.430607437198043,549.7123685929889
1951269623,822685931,51.681000000000004,700,42.94300839907047,3.721035812478324,13.88887465868781,0.46671369366890847
817385652,822493982,571.052,700,3.916298997765141,41.1157440005756,13.888888888694451,0.4703038439671901
817385652,822493974,16.3,700,1701.761462113369,5.173798396293348,3.1504899788282765,15.696245110670585
1844389433,817385652,11.25,700,340.65126928591394,0.81064913368077,13.877767251682773,0.8061177857890128
822493982,822686016,984.433,700,1296.959224120748,131.30158883603337,7.497494955901401,381.49114113556783
822493974,1844389435,11.324,700,323.74268635922687,0.8158610172939239,13.879815017464415,0.7711088902538988
817385709,1578885816,14.422999999999998,700,886.8378935898808,1.231981938294948,11.707152151890558,2.878544793936038
817385709,824048373,391.145,700,883.7024303058037,41.67117798552412,9.386463712062023,88.18675690812951
1273962350,817385709,132.026,700,1453.8301118188526,27.87536915203532,4.736296021046958,81.6248162064435
4352963907,817385709,94.244,700,316.710212076832,8.507670978382277,11.07753229285324,6.90634277135194
1578885816,1847299733,384.787,900,2167.066584100506,41.01144808183398,9.382429004511092,212.80068363646132
4352963907,1578885816,90.008,900,1280.2286905106262,8.399952035304967,10.715299280483592,27.145390064288716
824048373,817385710,12.803,700,1174.7362379694712,1.813404519868122,7.060200776896203,4.702320629436753
824048373,4356587636,30.161,700,204.94779928533555,2.7159328972241217,11.105208096572161,1.428408201726978
1847299733,824048373,12.811999999999998,700,250.0544923874764,1.1544382264998059,11.098038600857222,0.7405629490263436
817385710,821789705,13.318,700,699.4462031888064,1.285051669716276,10.363785607889568,2.236281571980319
817385710,822773969,912.6620000000001,700,974.4035402065462,104.44867769649846,8.737899034509233,237.99495217566323
1804775506,817385710,41.037,700,499.11350542588167,3.762384107194656,10.907179817586032,4.778503500668488
821789705,1844389434,907.513,900,2317.1171349507945,106.36214986631092,8.532292748319533,572.1159826037909
1847299733,821789705,12.21,900,2120.297479031087,1.266080423068014,9.64393712874279,6.4918345293339
822773969,817385740,16.182,700,1319.7591698283693,2.787531769839642,5.805135631128932,7.767495640351732
822773969,1946304174,394.761,700,365.11567576082274,31.6142806734034,12.486793676507917,31.51303721421787
1844389434,822773969,10.458,700,710.4713053826457,0.849326267720496,12.313289247568184,1.6341806615381689
817385740,1844389432,10.822,700,265.8153108241288,0.77941550963724,13.884763474923453,0.604999364978051
817385740,817385754,1040.622,700,1159.196099824781,144.60516865662626,7.196298788399605,371.7191021077528
1946304113,817385740,393.843,700,105.25224082054103,28.35690310477347,13.888787451324411,8.717310265290717
1844389432,1844389433,25.908,700,101.8827332401232,1.8653879612842978,13.888799830230836,0.5550886875427863
1844389432,817727259,1044.421,900,1905.7752426105956,153.8054241457672,6.790534246764684,641.1227218140327
1844389434,1844389432,16.262,900,1741.8426650265906,1.9659980216438098,8.27162582106925,7.877219992864383
817385754,817385756,19.983,700,981.4619714014394,1.840993726089456,10.854463932610384,4.58764120657259
817385754,4356649586,39.623,700,549.2870800240951,3.256777889823024,12.166319393108243,4.812042373134582
817727259,817385754,11.14,700,371.55295160075264,0.80668547749851,13.80959532647664,0.8720024216511794
817385756,817717206,10.658,700,1495.675713684812,2.138191862048214,4.984585429013139,6.521287004040191
817385756,3736715242,430.5899999999999,700,146.24025284094893,38.75844008636438,11.109580236989103,14.548045649158551
4356649585,817385756,40.342,700,660.4539951243216,3.4123685347505637,11.822286950887298,5.968440030267089
4356649585,4356649586,19.678,700,0.0,2.3613600000000003,8.333333333333332,0.0
4356649586,817728089,176.394,700,549.2870800240951,14.498550727426128,12.166319469871217,21.422290083969695
817717206,1844389424,25.808999999999997,700,1348.084921908571,4.119211194777294,6.265519969629858,11.92572272282333
817717206,1951268967,419.435,900,2093.460066984367,35.69312957854014,11.75114104458293,197.25448111156285
817727259,817717206,20.006,900,1649.5856911499577,2.1803175768448977,9.175727523579551,8.545595543415164
3736715242,1951268957,12.075,700,4.315787972289692,0.8694000000908699,13.888888887437217,0.010959084354355783
1951268967,3736715242,16.494,700,617.7123005591799,1.239660787795224,13.305252664589885,2.1735543511338595
821789927,821789929,14.91,700,2.451218624200364,0.9759273000106139,15.27777735066725,0.007493986344386207
821789927,1366011973,917.273,700,1615.2411118424886,201.48606237497012,4.552538221194348,649.038942876495
817474025,4284283721,21.06,700,1058.6223362256983,2.322309529441392,9.068558576283227,5.818268861069429
817474025,1975409837,40.409,700,694.2024715270531,3.458917014290568,11.682558394159098,6.319383775690847
824345830,817474025,12.564,700,694.2024715270531,1.075449357783768,11.682558466436076,1.9648280710263775
824349679,817474025,612.961,700,1058.6223362256983,67.59188845656936,9.068558579981875,169.34339498478246
4284283721,4284283718,17.557,700,1195.242485714864,2.268211402981014,7.740460160338486,6.123512520952352
4284283721,824299551,622.319,700,1027.037794331184,66.47423375532593,9.361807798952473,163.3424293495978
1317143509,4284283721,44.62,700,1163.65794382035,5.541545987989369,8.051904666442985,14.721017121564314
1975409837,1975410056,192.247,700,984.1715824990812,19.72693330256267,9.745407309458777,47.134357140786044
1317143509,1975409837,27.458,700,289.9691109720273,3.3019782883863,8.315621001075364,2.205831345026521
3373840911,817474068,25.485,700,0.0,2.0388,12.499999999999998,0.0
817474068,824345763,360.566,700,291.4549184006146,28.907989677447222,12.47288393358249,22.98709992814808
1975410056,817474068,278.005,700,984.1715824990812,28.52677074273666,9.745407305549445,68.16016354064884
3373840911,4354648491,28.593000000000004,700,1443.3368816233224,5.2782902124726245,5.417095091216206,15.837307378593637
1317289054,3373840911,374.461,700,750.6202175248565,32.822058753739356,11.408821208003546,64.05996452295102
824345763,1317288836,41.535,700,748.694570145324,3.6373553313678597,11.419010851595957,7.0841004640306515
1317289054,824345763,24.337,700,0.0,1.7522639999999998,13.88888888888889,0.0
4351746556,4351746555,14.486,900,0.0,2.60748,5.555555555555556,0.0
4351746555,4351746541,74.687,900,2421.953651922506,21.481489825379555,3.476807270218296,95.96809496006593
817691025,4277160802,184.835,700,758.8093648045478,18.296769439301695,10.102056574149755,34.181464633030544
4351746556,817691025,57.161,900,2416.8531597115643,16.331402354628725,3.5000668502787304,72.96617290910596
4277160802,824203643,10.748,700,802.1756879986635,1.087996377172074,9.878709364764852,2.1298810152578365
4277160802,4277160817,622.617,700,0.0,44.828424000000005,13.888888888888886,0.0
824253479,824253419,14.385,900,1908.6375707797897,2.125948427183202,6.766391797687943,8.867792276966167
824253479,824203652,16.536,700,325.6667288915746,1.327363200203682,12.457780958114988,1.1785623722387326
824253461,824253479,16.081,700,325.6667288915746,1.2908398216397339,12.457781151787334,1.146133368663716
817694958,1317570939,12.903999999999998,700,0.0,0.929088,13.88888888888889,0.0
817694958,817710908,179.326,700,0.0,12.911472,13.88888888888889,0.0
4277160817,817694958,27.45,700,0.0,1.9764,13.88888888888889,0.0
1317570939,4277160817,14.818,700,0.0,1.066896,13.888888888888888,0.0
1317570939,824203643,621.945,700,0.0,44.78004,13.88888888888889,0.0
1317570850,1317570939,183.126,700,0.0,13.185072,13.88888888888889,0.0
817710908,1975412322,9.18,700,0.0,0.66096,13.88888888888889,0.0
1317570850,817710908,12.172,700,325.6667288915746,1.0991925484995841,11.073583073879986,0.9173798240759167
817710908,817710930,591.363,700,325.6667288915746,35.602026676435635,16.61037461081992,38.90510167696121
1975412322,1317570850,12.168,700,0.0,0.73008,16.666666666666668,0.0
1975412322,824203209,617.479,700,144.330777966703,44.46430052205226,13.887073286889077,18.742431573915443
1975412497,1975412322,591.19,700,144.330777966703,35.476037546259434,16.664487944266895,17.2293800825218
1342138297,1317570850,627.598,700,325.6667288915746,45.340193562487315,13.841978842349931,43.0272871644138
817710930,6013673735,9.393,700,15.025889127402705,0.563580008655462,16.666666410699996,0.02849839188128758
817710930,6013680907,791.511,700,1177.247874312338,149.946034367202,5.27863910066253,364.8021060653298
1975412497,817710930,11.336,700,866.6070345481667,1.1936065479290698,9.497266934123457,2.4874964425644985
6013673735,6013673734,11.488,700,1256.9767387779302,1.811544642176622,6.3415494890574955,4.9034794005529925
6013680907,6013673735,736.84,700,1241.9508496505268,113.84993842322208,6.472028094217274,305.88557327795814
4365491326,6013680907,319.722,700,1241.9508496505268,49.40058901871426,6.472028094217273,132.72670764287403
1844389424,1844389425,20.147,900,2135.5657771715705,3.9809250518654875,5.060884025073263,17.39818568846305
1951268967,1951268957,11.794,900,1571.1084483330928,1.1830116378246058,9.969470817453267,4.551975690280062
817728089,817717266,17.687,700,0.0,2.12244,8.333333333333334,0.0
817717266,4356649585,176.526,700,660.4539951243216,14.931628865655775,11.822286877624403,26.11632660366683
817728089,1947282191,149.482,700,549.2870800240951,12.28654237792938,12.166319490218681,18.15394380739927
1844389425,817727259,25.395,700,115.36340014011417,1.8285375724070758,13.888147765304147,0.6160990553972199
817728007,1951269457,157.328,700,197.6547910672084,12.592027633326605,12.49425466503972,6.797208763059649
817727753,817728007,904.048,700,1247.5245245208127,125.10172216694497,7.226503235451641,346.44095094162236
817727641,822773961,18.778,700,1417.126270907755,3.3275961882902583,5.643112606655636,9.893722488553328
817727641,1946304113,25.113,700,105.25224082054103,1.808149205826114,13.888787451324449,0.555850459935166
817727753,817727641,13.745,700,17.827880131288318,0.989640005949564,13.888888805391018,0.05153134528717095
822773961,822773948,15.177,700,317.6964192818304,1.214896095698046,12.492426351308433,1.0540034067200488
822773961,822774053,912.8649999999999,700,1464.5455273867467,174.25289005384025,5.238736641429276,526.4770005750584
1946304174,822773961,22.963,700,365.11567576082274,1.838982876220776,12.486793812452671,1.8330936193261531
1946304174,1946304113,22.108,700,0.0,2.6529599999999998,8.333333333333334,0.0
822773948,817727753,20.504,700,1254.1494335655,2.86296352645986,7.161809715876406,7.953047842317742
823974236,817727753,377.415,700,11.202971086601456,27.173880025473792,13.888888875868936,0.8891589453576644
1951269316,1951269457,21.523,700,0.0,2.58276,8.333333333333334,0.0
1951269457,823974230,324.749,700,197.6547910672084,25.99186653707683,12.494254675275155,14.0304761252952
818620282,818620283,20.894,2000,0.0,1.504368,13.88888888888889,0.0
818620282,2571581348,543.684,700,1562.2323308300154,66.27681248695342,8.203230958142775,237.6058153653469
2985506542,818620282,19.234,700,1562.2323308300154,3.8700329137604763,4.969983570840098,12.31989077275309
818620283,2470149984,782.246,2000,7300.856552579639,111.21595782858934,7.033576972880367,1790.7164401203843
3978868743,818620283,161.736,2000,7300.856552579639,13.909415248051273,11.627807288495426,266.60858140941656
2571581348,827131974,13.655000000000001,700,1328.7893057061326,2.3832875559126543,5.72948067727856,6.666966213537703
2571581348,3743407968,577.572,700,233.44302512388316,41.622392002200506,13.876473028495449,28.361924981724737
2470149984,3978876122,119.801,2000,6806.9972816652125,14.627291946922163,8.190237839972026,228.38831662264457
2470149984,1842358970,67.715,2000,493.8592709144244,4.8761877654469625,13.88687295428483,7.032906491585173
818620431,818628456,11.251,700,968.63591332948,1.281155372972334,8.781916883271707,2.9065265894688577
818620431,1379581484,1176.59,700,0.0,84.71448,13.88888888888889,0.0
818634128,818620431,11.062,700,0.0,0.7964640000000001,13.888888888888888,0.0
818628556,818628456,1177.608,700,89.98201737119088,84.78945067393678,13.888614569854525,22.28364266905301
1379581484,2985506539,387.251,700,85.21902170942305,27.882159514557294,13.88884529542326,6.939953308064156
818628556,1379581484,11.719,700,85.21902170942305,0.843770648367846,13.88884529542327,0.21001705048457953
4931574876,818634128,815.893,900,1701.2116376691567,94.16145302575985,8.66483018031588,373.614174204981
3468334000,821398584,6.366,700,0.0,0.76392,8.333333333333332,0.0
821398584,3468298744,204.414,700,861.5883232865982,17.16133119568497,11.911313736046168,39.314644154779835
821519054,821398584,224.30500000000004,700,861.5883232865982,18.831256146096244,11.911313736046168,43.14025094728293
3468334000,1273962350,224.119,700,842.0549549907989,18.58082591565932,12.061842730635549,41.8865081021489
1578885894,3468334000,204.37999999999997,700,842.0549549907989,16.944342963525866,12.061842730635544,38.197406404263795
3468298744,1578886499,4.814,700,2362.3874062989635,3.5991070042341478,1.3375540083516824,9.774432841883248
1578885894,3468298744,12.835,700,1500.7990830123651,2.336633824337136,5.492944536845039,7.313080398008846
821519054,1273962350,8.883,700,1525.22244955727,2.1029640174342057,4.2240380369598585,6.271922175529814
821455026,821519054,111.164,700,301.40906801692404,8.023709968439867,13.85443896118478,7.051575327876235
821565204,3725508763,1304.687,700,2.139075442159261,104.37496002065839,12.49999999752594,0.6099109427627042
821455026,821565204,1109.167,700,2381.2020174003287,290.82508629843625,3.8138628758517927,1315.1557037126076
1273471334,821455026,10.374,700,2396.7852619535024,2.767301095252758,3.7487789159612452,12.530499404695686
1273962350,1273471334,111.49699999999999,700,913.4472927292162,9.711635411496761,11.480764595838142,23.13911442757396
821565194,821565357,7.694,700,446.92241918837874,0.69410411553798,11.084792364379807,0.7953660514735585
821565194,1938228015,527.656,700,633.5966108555793,44.262067011973194,11.921178463203388,74.60047988813886
821593367,821565194,12.073,700,137.62073824853508,0.9659443594072741,12.498649515804694,0.3631220571352619
3738207171,821565194,495.878,700,942.8982917954232,46.72837471447672,10.611924832180694,110.74220384647
821565357,821593363,8.613,700,795.2258023087476,0.772059554945082,11.1558751456844,1.5789780284648582
821565357,1273900516,93.28,700,639.7899156039823,8.4789123795726,11.001411009356604,13.859337944380444
1938227975,1938228015,39.157,700,0.0,4.69884,8.333333333333334,0.0
3725508763,1278938933,4.585,900,2363.206674616886,0.6929479159099919,6.616658907154506,3.5604626569025957
3725508768,3725508763,21.67,900,2361.067599174727,3.2702768283338277,6.626350348157114,16.793546585149382
821593363,821593367,7.67,700,894.060912678389,0.573239326821378,13.380100842924163,1.4600277441416512
821593363,4354440580,86.175,700,821.5134259470573,7.84002814203123,10.991669728582554,16.448158639330988
1273900516,821593363,94.377,700,920.3485363166984,7.0852903068778375,13.320131697128387,18.522704774296404
1273900516,3063638280,453.784,700,780.9324970763844,36.3335326666483,12.489399370090503,77.47299926360492
821593367,3738207172,490.626,700,788.0570655633525,45.16986115031879,10.861800047763428,90.40745966159
1273974224,821593367,554.328,700,31.616891133498317,44.346253350808695,12.499996236770954,3.830187396268853
4354440580,1487321129,470.113,700,821.5134259470573,42.76993499245398,10.991669734427777,89.7301212674397
3738207172,1938227632,60.019,700,788.0570655633525,4.823509407059514,12.443015019760999,10.356470103834464
3738207171,3738207172,16.841,700,0.0,2.02092,8.333333333333334,0.0
821664633,1325975944,780.375,700,1860.133365459563,80.18357282315664,9.732355051340782,361.9241139598062
6030015789,821664633,8.835,700,0.0,0.63612,13.88888888888889,0.0
6030015802,821664633,390.456,700,1860.133365459563,40.1193748008822,9.732355051340784,181.0865825280025
1325975944,1325975753,80.015,700,0.0,4.8009,16.666666666666664,0.0
1325975944,1324512011,1159.002,700,1860.133365459563,320.3738185470861,3.617655166880182,1113.4508071469143
821664660,1278939009,378.023,700,349.3001724345245,27.241769208395286,13.876595059160183,27.77566701779129
821664660,6030015789,359.396,700,1146.8752686131172,39.36442018736158,9.129970625488557,107.0862653853451
1325975753,821664660,364.918,700,1496.1754410476417,28.424666836702343,12.83807483466482,118.04051735224415
6030015816,821664660,385.846,700,0.0,34.72614,11.11111111111111,0.0
1278939009,3725508764,404.162,900,2288.0311369858728,46.46834730998306,8.697576380410059,248.26674545558328
1278939009,1278939089,19.855,700,349.3001724345245,1.435971677987802,13.826874376674622,1.460521204206185
6030015816,1278939009,11.726,900,2288.0311369858728,1.3481916670960141,8.697576380410094,7.202992506005413
821687955,821687958,14.758,700,1316.095088861062,2.023044644222652,7.2949452905774645,5.923963491765593
821687955,1804901983,591.548,700,233.3872194706144,42.62952792895434,13.876484885919076,29.04127066060828
1366011892,821687955,517.605,700,1316.095088861062,70.9539248592538,7.294945290577453,207.77023466291743
1366011895,821687955,13.864999999999998,700,233.3872194706144,0.9991723490485139,13.876484885919114,0.6806839304829577
821687958,1366011973,13.527000000000001,700,0.0,0.973944,13.888888888888888,0.0
821687958,821789929,917.1499999999999,700,1372.424118637019,136.61783817180492,6.713252180484881,409.0196999851742
821687991,821687958,600.852,700,56.32902977595709,43.26147522095857,13.888846761030228,7.117495872959153
1804901983,1804901985,10.118,700,142.91454890504235,0.7285875602685179,13.887143497579142,0.3040991598078153
1804901983,1941643832,275.921,700,1107.7400471125864,36.09845055061288,7.643569067130373,90.0243949436254
821687991,1804901983,11.739,700,1017.2673765470144,1.397379540353574,8.400724113242507,3.2846402479819936
1366011973,1366011895,15.074000000000002,700,1615.2411118424886,3.311119922030082,4.552538221194348,10.665977331634405
1804901961,821687991,372.62,700,830.8240115250186,38.34994252754108,9.71631182321596,77.26676341405292
1279155792,821687991,9.897,700,242.7723947979532,0.713329774262058,13.874368289531274,0.5054430264340031
1844389435,1844389434,26.117,700,135.19683545844188,1.880461387891092,13.88861274588031,0.74253947349365
1844389433,1844389435,15.947000000000001,900,1833.1096353753549,2.577609378930948,6.186740368943701,10.118830697322153
822686016,822685953,42.729,700,1254.2388619405356,5.370260556571601,7.956597179947334,15.326288522685829
822686016,822685952,58.748,700,42.72036218021255,7.049767074376194,8.333324970910244,0.694263410869191
1844389425,1844389433,1049.775,900,2071.878171421145,190.95426146629333,5.497520672956037,825.2059283189847
1951269664,822685952,35.029,700,0.0,4.20348,8.333333333333334,0.0
822685952,1951269659,151.793,700,42.94300839907047,10.929107197684301,13.888874658687808,1.3707914263091767
822685953,822685952,41.725,700,0.3596964490596514,3.004200000000012,13.888888888888834,0.0031561637382198932
1951269664,822685983,71.078,700,128.21064469252204,5.118032618111814,13.887758305499561,1.9164494602007662
1951269648,1951269664,121.849,700,128.07359446232024,8.773839159431832,13.88776313149221,3.281856656372855
1951269648,1951269659,19.325,700,0.0,2.319,8.333333333333334,0.0
1951269659,1951269642,156.607,700,42.94300839907047,11.275715552810377,13.888874658687804,1.4142650379134833
822685953,822685983,19.83,700,1410.5079102625566,3.13043370727563,6.334585509321567,9.506068462589752
822685954,822685953,24.324,700,0.0,1.751328,13.88888888888889,0.0
822685983,822685978,22.367,700,742.8545652836576,1.758174696142542,12.721716476225877,3.6051891103149227
822685983,1844874560,253.938,700,795.8639896714211,20.49352302953743,12.3911344883941,44.330198036881455
822685960,822685954,170.516,700,0.0,12.277152000000001,13.888888888888888,0.0
822685978,822685954,19.705,700,1615.5385154964124,4.330498144135158,4.550284827321009,13.950470820987174
822685978,1947282376,167.694,700,0.0,12.073967999999999,13.88888888888889,0.0
822773947,822774053,14.993,700,457.13992555016847,1.367124227401314,10.966816108949596,1.5943496846223468
822773947,822773948,910.585,700,1074.707675473583,102.12510938283805,8.91636743894663,258.31134648301173
824048367,822773947,169.032,700,455.724817161378,15.410575266899178,10.968571716013013,17.917620842384125
824048378,822773947,17.936,700,1076.1227838623724,2.014625016200664,8.902897489988037,5.099932947742931
822774053,824048377,18.544,700,1422.5719475110343,3.31399782145674,5.595658476277628,9.872443734800934
822774053,1804775506,355.921,700,499.11350542588167,32.63180821738503,10.907179817586032,41.44478749570945
822773948,823974226,373.501,700,138.2546611899131,29.880729675656347,12.49972822130542,11.2852055814027
823974226,824048367,923.0260000000001,700,1363.9066024682188,169.6825488231113,5.439722625584942,481.5624977783948
823974226,1844776270,18.582,700,138.2546611899131,1.486592322924684,12.499728212938868,0.5614488051494468
823974236,823974226,18.558,700,1363.9066024682188,3.411571007814834,5.439722625584949,9.68210736617543
824048377,824048378,15.087000000000002,700,198.97855951603856,1.35847127549508,11.105866036439899,0.6936797711063335
824048377,1578885894,610.957,700,1428.5411872803318,110.202725677395,5.543937286891632,328.98556462369834
4356587636,824048377,372.778,700,204.94779928533555,33.56785363752581,11.105208096572136,17.654558954390765
1804775506,4356587636,21.099,700,0.0,2.53188,8.333333333333332,0.0
824048367,824048379,20.978,700,911.6500205402482,2.280930187688898,9.19712497700576,4.944608894498529
1804901417,824048367,19.381,700,3.468235233406588,1.744290000076032,11.111111110626789,0.015528416787092676
1844776270,1844776264,18.191,700,1231.1213988244754,2.770312122285366,6.566408114690468,7.402499596775546
1804901417,1844776270,925.146,700,1092.8667376345622,119.04770413648474,7.771220845547319,294.17330839500954
823974230,824090397,17.858,700,0.0,1.42864002,12.499999825008402,0.0
823974230,823974236,743.94,700,1374.448676021325,138.94401488574903,5.354242862578338,395.9458546329151
824065427,823974230,18.652,700,1176.7938849541165,2.6486172598124402,7.042165088556747,6.875934816531086
824090397,824090396,18.435,700,1230.4605012909792,2.805007138092072,6.572175788664566,7.492682008267113
1844776264,824090397,738.801,700,1230.4605012909792,112.4134569367813,6.572175788664558,300.2766997770411
1844776264,823974236,18.945,700,0.6608975334961217,1.364040000000012,13.888888888888768,0.0026330297776606575
824048379,1804901494,397.437,700,914.0134785609756,43.29067172255798,9.180661426256012,94.03161998340556
824048379,824048382,18.462,700,128.58248341229077,1.661716843006842,11.110196106933234,0.5484306713952024
824048378,824048379,162.013,700,130.9459414330181,14.582461619691864,11.110126961090087,4.901223426995322
1578886282,824048378,620.11,700,1008.0901657793528,65.04464284649032,9.533606041369168,157.90267844510817
1578886282,1578885894,12.732,700,914.3128507228322,1.109715211428522,11.473213910089834,2.6456544378769093
1804901725,1804901494,447.577,700,967.7524894556784,50.92682970542993,8.788628755979255,115.45896386144604
1804901494,824048382,380.837,700,967.7524894556784,43.332926054124364,8.788628755979254,98.24241509304876
824048382,1804901417,14.613,700,1096.3349728679684,1.8876088248436202,7.741540412225304,4.674468754919397
824065427,1951269316,325.364,700,10.694179876481776,26.029120122570752,12.499999941137679,0.7604155207237905
824090396,824065427,18.037,700,10.694179876481776,1.4429599856861461,12.50000012399732,0.042154678033454296
1954479810,1307610316,19.923,700,1219.766321414498,2.988923313662916,6.6656109606186,7.940149646597701
824090396,1954479810,429.8740000000001,700,1219.766321414498,64.49131258031089,6.665610960618593,171.32278718975792
1307610119,824068897,192.968,700,1176.3535458454294,27.38678920020235,7.046024949816834,71.0800719390435
1307610316,824068897,13.946999999999997,700,0.0,1.004184,13.88888888888889,0.0
824087189,824087191,60.742999999999995,900,848.2582589877823,5.778936658706838,10.511103268190615,12.269853989021275
4351746541,824087189,424.349,900,2421.953651922506,122.0513439542355,3.476807270218297,545.2617607911546
1307610119,824090412,15.706,700,0.0,1.8847200000000002,8.333333333333332,0.0
824090412,5213227843,236.293,700,1219.766321414498,35.449563647811694,6.665610960618592,94.17265373907114
1307610316,824090412,198.672,700,1219.766321414498,29.805519880140515,6.665610960618594,79.17911010334086
5213227842,1307610119,248.35999999999999,700,1176.3535458454294,35.24824305461142,7.046024949816834,91.48380387826401
4365491326,5213227843,11.047,700,590.9110148552663,0.824601248023566,13.396778171847117,1.3892360292327903
5213227842,5213227843,9.054,700,0.0,0.651888,13.88888888888889,0.0
824203209,1975411626,11.31,700,144.330777966703,0.814426464550872,13.887073286889166,0.34329410571207014
824203209,4356494349,119.64400000000002,700,0.0,9.57151998,12.500000026119155,0.0
1342138297,824203209,14.778,700,0.0,1.18224,12.5,0.0
1975411626,1975411580,14.210000000000003,700,148.1795620341168,1.136965144461636,12.498184371983164,0.4601958191493343
4356494350,1975411626,120.263,700,3.8487840674137423,9.621040020636048,12.499999973188908,0.10115551562782706
4356494349,4356494361,62.78600000000001,700,0.0,5.022880020000001,12.499999950227757,0.0
4356494350,4356494349,11.824,700,0.0,1.41888,8.333333333333334,0.0
824203643,824203652,1029.574,700,574.6205736243787,95.7053391995933,10.7577488216496,139.06526142413674
824203652,824253419,22.373,700,574.6205736243787,2.07971020432965,10.75774882164963,3.0219363482782224
824203652,4356273444,16.599,700,325.6667288915746,1.332420280610844,12.457780958114986,1.1830525409283206
824253419,824253421,16.776,700,401.3171241680629,1.3525682561407981,12.403070916262632,1.4761539582286995
824253419,824237896,452.7029999999999,900,2230.120582270223,101.23762065744009,4.471687472109018,448.19208711690686
4356273445,824253419,34.043,700,148.1795620341168,2.723835609865584,12.498184500084406,1.1024944549161573
4356273445,4356273444,13.132,700,0.0,1.57584,8.333333333333334,0.0
4356273444,1342138297,437.99399999999997,700,325.6667288915746,35.158267870707164,12.45778095811494,31.216935635361175
824203793,824203789,14.038999999999998,700,0.0,1.2635100000000001,11.111111111111109,0.0
824299551,824203789,1069.686,700,985.1965697935152,109.86401103845526,9.736455003682526,262.68495048249855
824203793,824299521,1067.348,700,931.7802036370488,104.77990508938589,10.18657154813668,241.179285893011
824299521,824299523,18.421,700,931.7802036370488,1.80836110153812,10.186571688769366,4.162432111287778
824299521,824299301,307.285,700,270.1004041289941,24.62221905220915,12.479988068842635,18.150605272507118
824299551,824299521,15.698,700,270.1004041289941,1.25785378769415,12.479987859937982,0.9272441009578465
824237702,824237704,23.125,700,288.05141907456635,1.85383728142497,12.474126090626868,1.4570071121480206
824237702,824299741,617.159,700,0.0,55.54431,11.11111111111111,0.0
4354767117,824237702,11.626,700,0.0,1.04634,11.11111111111111,0.0
4356245527,824237702,242.245,700,288.05141907456635,19.419797475904108,12.474125968644895,15.262818997948436
824237704,4354767116,11.526,700,0.0,1.03734,11.111111111111112,0.0
824237704,3398706022,779.531,700,288.05141907456635,62.49183333677441,12.474125951770906,49.11490665660441
1317143479,824237704,616.53,700,0.0,55.487700000000004,11.11111111111111,0.0
824299741,824299532,14.558,700,0.0,1.31022,11.11111111111111,0.0
824299741,824299625,425.855,700,228.6766319085073,34.09646811907767,12.489710034269663,21.289561770278784
1317143479,824299741,25.482,700,228.6766319085073,2.0402395183813202,12.489710041601802,1.273909224729699
4354767116,4354767117,23.23,700,274.81971701060485,1.861593758987232,12.47855494135191,1.396183431548242
3398706026,4354767116,765.712,700,274.81971701060485,61.36223397575514,12.478554811132542,46.021283357961444
3398706022,1317788042,15.666,700,0.0,1.1279519999999998,13.888888888888891,0.0
3398706022,6277679141,388.747,700,324.50297646538814,28.083291920831034,13.842643558166465,26.55633662710742
3398706026,3398706022,53.853,700,36.45155739082167,3.8774180624378283,13.888881501248616,0.4128127403526698
824237875,824237876,20.012,900,1898.8531092316205,2.921809527012186,6.849180213490534,12.15934484665772
824237875,1979407369,16.065,700,934.4441433761624,1.77798201466941,9.03552446956954,3.927240247493406
4315100289,824237875,20.741,700,1089.569672924174,2.6593124008882802,7.799384530028124,6.557758858468272
824237876,824237896,17.477,700,464.9200732130513,1.595070972910506,10.956879221562122,1.8910440546167084
824237876,824253421,449.64699999999993,900,1708.3280008093038,52.31284677112448,8.595345651274997,207.92093461006021
824237937,824237876,10.674,700,274.3949647907338,0.9623007725191439,11.092166092787432,0.677227144933339
1979407369,1977031528,327.253,700,0.4174523171823253,29.45277000000027,11.111111111111008,0.03155970712348928
1979407369,824237937,26.18,700,934.02669105898,2.896485626921232,9.03853958627358,6.395660001771156
1979407238,1979407369,495.418,700,0.0,44.58762,11.11111111111111,0.0
824237896,4315100289,14.014,900,2497.5903008889486,4.448240801203908,3.1504589401291265,19.805942877894207
824237896,824237941,291.349,700,197.45035459432376,26.233417755272836,11.106025250615305,13.292848179967855
824253421,824299300,12.791000000000002,700,423.0778422693056,1.033157581269036,12.380492803710263,1.1874536969847278
824253421,824253461,14.859000000000002,900,1686.5672827080605,1.686878041302708,8.808579895037932,6.669846610566744
4315100289,3701913380,1345.131,700,0.0,121.06179,11.111111111111112,0.0
4315100289,3701913379,1336.392,900,1574.066288078993,90.90385579891453,14.701158584033987,435.2787149306341
1342139077,4315100289,296.507,700,1102.4038020607668,38.56010410007712,7.68947612875887,95.84919190987124
824237941,3509334817,13.746,700,854.7136812772362,1.436058688239264,9.572032196576744,2.9601058856442166
1342139077,824237941,13.736,700,657.2633266829117,1.305747954622656,10.519641215114538,2.1488909769160345
824237937,824299300,445.78299999999996,700,927.1014448869736,49.05042269979697,9.088260109975469,107.70029442129268
824299532,824237937,332.145,700,267.4697186187277,29.939143833277235,11.094004619825574,20.539770013147166
824299300,824299301,15.887,700,948.8621629882164,1.779027427519416,8.930160240504,3.9748784554296575
824299300,824299523,310.918,700,401.3171241680629,25.067824077529956,12.403070926235578,27.358299727468026
3509334817,1342138747,13.802000000000001,700,0.0,1.2421799999999998,11.111111111111112,0.0
3509334817,824243274,860.571,700,854.7136812772362,89.90473311485187,9.572032196576728,185.3180039367619
824243274,824243276,12.295,700,854.7136812772362,1.284471233224338,9.572032196576744,2.6476430862793277
824243274,4356494362,248.789,700,3.8487840674137423,19.9031200213158,12.499999986612776,0.20926119892459152
824243282,824243274,8.736,700,3.8487840674137423,0.6988800000462001,12.499999999173678,0.007348017127122401
824243276,824243281,8.094,700,0.0,0.64752,12.5,0.0
824243276,1975412497,515.336,700,854.7136812772362,53.837679336714,9.572032196576728,110.97403802446878
4356494361,824243276,263.233,700,0.0,21.05863998,12.500000011871613,0.0
4356494362,4356494350,62.673,700,3.8487840674137423,5.013840000331464,12.499999999173628,0.05271546215752544
4356494361,4356494362,12.131,700,0.0,1.45572,8.333333333333334,0.0
824243281,824243282,11.698,700,1112.6459608112275,1.538954254592622,7.601265576991819,3.8494125694191323
824243281,824243324,1579.421,700,0.0,126.35368001999998,12.499999998021428,0.0
6013673734,824243281,519.91,700,1112.6459608112275,68.39782069629429,7.601265576991812,171.0846374565484
6013673734,1975412497,8.799,700,144.330777966703,0.528009023105154,16.664487944266934,0.2564341672662078
824243282,1342138747,867.759,700,1108.7971767438128,113.66342331343473,7.634461242708611,283.6433860621369
824243333,824243282,1579.486,700,0.0,126.35887998,12.500000001978492,0.0
1342138747,1342139077,14.48,700,1102.4038020607668,1.8830931727383,7.689476128758891,4.68082135954609
1342138747,3701913376,1476.464,700,6.393374683046225,132.88176006688985,11.111111105518013,2.180697727387182
824299301,824253461,12.573,700,575.6750074229743,1.039122237724212,12.099635195505204,1.6042100836645852
824299523,824299625,15.214,700,269.7358222942983,1.2190611430405078,12.480095922058652,0.897439097893528
824299523,824299532,428.239,700,1063.3615055108132,47.45608470002691,9.023900785472028,119.23256060546149
824299625,824299551,19.982,700,228.2591795913249,1.5998674428467519,12.489784756444998,0.9971243132104707
824299625,4284283718,620.725,700,270.1532746114807,49.737690063756915,12.479972415371833,36.67196812202348
824299532,1977031528,25.593,700,795.8917868920859,2.294954924446044,11.151853017844191,4.69664660780726
1977031528,1317143479,14.22,700,0.4174523171823253,1.279800000000006,11.11111111111106,0.0013713519365628917
1977031528,1342138940,1315.288,700,795.8917868920859,117.9434482901987,11.151853019963829,241.3723644308394
4284283718,824345830,18.953,700,662.1447706587561,1.604052023135634,11.81570156493446,2.8119351970914357
4284283718,4356245575,162.864,700,803.2509896675887,14.663278871781587,11.106929181672996,30.22765398784728
824345713,1975409918,21.193,700,1.9256473795324127,1.69543998000702,12.500000147402595,0.00891873350907611
1273600710,824345713,11.576,700,0.0,0.833472,13.88888888888889,0.0
1317288864,824345713,447.52,700,1.794996799667074,35.80159998011198,12.50000000694383,0.17555375207655663
1975409918,1273600710,17.478,700,0.0,1.39824,12.500000000000002,0.0
1975409918,1317288689,241.291,700,1.9256473795324127,19.303279980079964,12.500000012899385,0.10154344060722242
1317288836,1273600710,226.467,700,0.0,18.11736,12.5,0.0
1317288836,1317288689,49.232,700,748.694570145324,3.8802660384377576,12.687789835106615,8.006335868389888
824345830,824349692,620.587,700,1093.2660594373256,71.01527304120108,8.73878214394744,181.55880475286926
4356245571,824345830,178.044,700,1125.3237603056225,21.125309741143237,8.427994769385323,54.983741411170406
824349692,1844481709,11.131,700,1060.417333025366,1.2297188018525822,9.051662854329829,3.0842255797863536
824349692,4354641289,319.484,700,36.45155739082167,23.002860235453685,13.888881501248612,2.449019841769863
824349679,824349692,9.821,700,531.1129822731364,0.72406357249284,13.563726132759035,1.1053741210496435
1273600710,824349679,446.384,700,0.0,35.71072002,12.499999992999303,0.0
1317288864,824349679,11.454,700,1589.7353184988349,2.679597119591412,4.2745231797183445,8.356532161313154
1844481709,1317288864,9.833,700,1591.5303152985014,2.07649966606191,4.735372781758412,6.656008415663535
4354640088,1844481709,320.362,700,531.1129822731364,23.619025986249,13.563726132759024,36.05741412969208
4354640088,4354641289,10.957,700,0.0,1.31484,8.333333333333334,0.0
4354641289,4354635098,755.881,700,36.45155739082167,54.42346094838855,13.888881501248612,5.794241861930005
825422106,1833609466,15.955999999999998,700,0.0,1.148832,13.888888888888888,0.0
825422106,1273974224,1130.544,700,384.4377217520333,91.03870989708581,12.418277909232426,95.24530634987151
1940315047,825422106,12.232,700,0.0,0.9785599799999999,12.500000255477442,0.0
1940315047,825422106,5497.463,700,384.4377217520333,398.42212713902927,13.798086565813806,445.36446217265825
1833609466,1940315061,12.929,700,1405.7384092355967,2.2511981637545877,5.743163888529825,6.665691231657727
1487321129,1833609466,1128.343,700,1405.7384092355967,196.46713899031323,5.743164000854274,581.7299038700606
1487321129,1273974224,9.31,700,0.0,1.1172,8.333333333333334,0.0
1578885888,1273974224,1154.471,700,584.2249832885402,86.0394071219132,13.417932998587228,143.46113529101015
825893863,1571276069,484.8879999999999,700,123.25794647616964,43.64295471402907,11.110338499701358,13.807486545680238
826000728,825893863,225.146,700,123.25794647616964,20.264549095966057,11.110338499701356,6.4111719939733005
826000594,825893863,484.27799999999996,700,7.795456097088228,43.58502004849283,11.111111098748855,0.8721249721364007
1571276069,6013907479,39.098,700,123.25794647616964,2.8152517586067,13.88792312462671,1.0134584442239531
1571276069,1571275956,12.018,700,0.0,1.08162,11.11111111111111,0.0
826000594,1571276069,11.209,700,0.0,0.807048,13.88888888888889,0.0
826000728,1941297079,330.661,700,7.795456097088228,29.759490033110495,11.111111098748857,0.5954796943317566
1941297108,826000728,338.992,700,123.25794647616964,30.511401611131113,11.110338499701356,9.653007455522184
826000595,826000594,12.019,700,7.795456097088228,1.08171000120351,11.111111098748896,0.021644737196625456
6030377482,826000594,866.1600000000001,700,0.0,62.36352000000001,13.888888888888886,0.0
826000595,4286205499,865.5509999999999,700,0.0,62.319672,13.888888888888891,0.0
1571275956,826000595,11.087,700,7.795456097088228,0.7982640008881501,13.888888873436084,0.018175342673660534
6030377482,4286205499,11.416,700,0.0,1.36992,8.333333333333334,0.0
4286205499,6030377482,133.052,700,0.0,9.579744,13.888888888888888,0.0
1941297108,1941297079,17.125,700,0.0,2.055,8.333333333333332,0.0
1941297079,6292292770,1611.5910000000001,700,7.795456097088228,128.9272801434449,12.49999998609246,2.745556289449444
827130989,4919931388,13.535,700,1336.6018128216745,2.389490251904172,5.664388038082194,6.70646661889007
827130989,6047008465,90.906,700,1106.8337757166069,9.504803070999413,9.564217093289171,25.36357460403628
1870265576,827130989,205.208,900,1235.6549077916377,23.215748378521734,8.839172300379087,67.32669558953485
4919931382,827130989,11.76,700,1207.7806807466434,1.389553006849548,8.46315321692028,3.8864536959600504
4919931388,4931574876,12.123,700,620.6915697675219,0.91188793696656,13.294396721956597,1.6057222706618453
6047008464,4919931388,86.285,700,252.72567027532756,6.220155532725708,13.871839626201343,4.587529209423063
6047008465,6047008466,7.243,700,1106.8337757166069,0.757301923341126,9.564217093289221,2.0208607886941925
6047008465,6047008464,12.607000000000001,700,0.0,1.51284,8.333333333333334,0.0
827130996,3743407968,12.594,700,249.92172159950763,0.907833826013172,13.872582888112467,0.662147234995861
827130996,827131974,569.439,700,0.0,40.999608,13.888888888888888,0.0
2470149916,827130996,13.165000000000001,700,0.0,0.94788,13.88888888888889,0.0
3743407968,3235605229,14.047999999999998,700,483.3647467233909,1.028090930892102,13.664160997714642,1.4354562627038054
827131974,1842358970,289.965,700,1328.7893057061326,50.60929887588525,5.729480677278557,141.57355240633208
838080068,1172961256,16.719,700,1701.6890589038182,7.074862091960989,2.363155603979537,19.05583827662127
4112378275,838080068,183.451,700,1239.351953746864,18.830974063985447,9.741981449109055,56.652240133991164
1172961256,4343315957,985.1279999999999,700,1687.741753553725,105.17902995551252,9.366201612780406,424.7819321729616
838080079,4341356490,5.033,700,216.8313963317519,0.40269298813524,12.498355194378806,0.2385101724733827
838080079,4341620364,179.856,700,1239.351953746864,18.461952626326195,9.741981449109055,55.54205374480987
838080082,838080079,11.24,700,1456.1833500786151,2.117332902762462,5.308565311262717,6.380026403039215
4341620364,4341356490,179.026,700,1348.9013755636793,21.455822037684708,8.343935724558175,66.7422486604496
4112378275,4341620364,390.46,700,1348.9013755636793,46.79566248943936,8.343935724558175,145.5664451641614
1273901378,838080082,967.4060000000001,700,1456.1833500786151,164.01142862224057,5.898406032595316,506.05565117700775
838231794,838231809,15.784000000000002,700,0.0,1.26271998,12.500000197985306,0.0
838231794,4334528494,582.709,700,742.7114173920692,45.80130888111822,12.722540342951294,93.90248814448354
1156770964,838231794,398.311,700,740.6462249250866,34.753761003847124,11.460946628363713,67.08190568289497
4334474649,838231794,15.333,700,2.065192466982857,1.103976000006048,13.888888888812803,0.006659087138123495
838231809,4334474648,15.287,700,193.6514816499273,1.101130350206604,13.883006673216949,0.6226266303238481
838231809,838231900,423.537,700,16.955725986403493,33.882960843764046,12.499999688721106,1.5694292360443107
1273661112,838231809,573.979,700,210.6072076363308,41.35098402037537,13.880661212733811,25.425928434901355
1273661112,4334528494,15.153,700,679.793325728539,1.1612120734578841,13.049295943743546,2.2131721206988764
4334528494,838231802,21.011,700,602.5419194674273,1.572868192534308,13.358398433975388,2.6969940146684053
4334514193,4334528494,465.56399999999996,700,552.2081148322906,34.45967621218851,13.510399724398116,54.55415334434105
838231802,4334528495,13.516,700,602.5419194674273,1.011797938712754,13.35839843397541,1.7349279473731936
838231802,838231935,475.746,1200,1796.9312511016242,38.92705903558964,12.221472975008005,188.63590828727598
4334528495,5842925729,15.158,1200,2371.760791734232,1.9134436415041802,7.921842938673709,10.314105130149269
4334528495,4335883539,10.74,700,0.0,0.77328,13.88888888888889,0.0
1366343811,4334528495,484.188,1200,1769.2188722668025,38.98090428858773,12.421158740069393,187.70813715197326
838231935,4334514193,12.986,700,874.0018153482102,1.22151705475374,10.63104272630725,2.6854877258242587
838231935,838231970,16.072,1200,1788.9570664879534,1.308877840397226,12.279220798116937,6.331331596873529
1366343811,838231935,12.713,700,866.027630734539,1.1894010779795159,10.688572791270788,2.5972185210283407
4334474648,4334474649,15.753,700,800.5447155965245,1.416184389729324,11.123551505189855,2.9116361465846516
838231859,4334474648,419.59099999999995,700,606.8932339465966,34.93923370064978,12.009164356463739,56.630936397372764
838231859,838231900,13.356,900,92.40299267966486,0.801366441218712,16.66653270342628,0.24919468540685616
4336217882,838231859,14.058000000000002,700,604.8280414796142,1.16998352853219,12.015553772484772,1.8904525769649874
838231869,838231888,16.82,700,749.6322627191366,1.473621598468002,11.414056374775122,2.8729916075196225
838231869,1256325979,459.95700000000005,700,0.0,36.79656,12.5,0.0
5839981715,838231869,16.564,700,0.0,1.32511998,12.500000188662161,0.0
1156771013,838231869,303.454,700,749.6322627191366,26.58599057827626,11.414056553828617,51.832389323667435
838231888,1156770964,16.552,700,740.6462249250866,1.44420878109891,11.460946794275445,2.787619962484796
838231888,1256325888,689.618,700,8.986037794049977,55.16944012837913,12.499999970912537,1.3542873391565036
1256325767,838231888,478.8690000000001,700,0.0,38.30952,12.500000000000002,0.0
1156770964,5839981715,16.759,700,323.727872322143,1.34515639911528,12.458774318750242,1.1873051924263731
4334514193,1156770964,691.679,700,323.727872322143,55.5174203233668,12.458774128395124,49.00257016893677
1256325888,838231970,12.54,700,635.8594632249918,1.05260901484302,11.91325537134046,1.7797945612650286
4334514193,1256325888,16.032,700,637.4337057070734,1.211720195436648,13.2307772540036,2.1845135849604276
1256325874,1256325888,367.193,700,9.908356419894906,44.0631601279547,8.333333309134224,1.0064494601008096
838231931,1815030228,23.226,700,0.0,1.672272,13.88888888888889,0.0
838231931,3951088967,617.594,700,613.3494876035536,46.36278272797993,13.320900163037068,80.77707142568455
4332836775,838231931,127.29,700,0.0,9.16488,13.88888888888889,0.0
4332836777,838231931,27.189,700,613.3494876035536,2.041078280538744,13.32090016303708,3.556135252274046
1815030228,4332836778,25.305999999999997,700,1527.1699265337502,4.807961625969876,5.263353156421086,15.163989453430283
3951088967,1815030228,638.94,700,1527.1699265337502,121.39409631301638,5.263353156421086,382.86886198430193
1815030214,3951088967,24.913,700,0.0,1.793736,13.88888888888889,0.0
3951088967,4336045830,249.543,900,864.397924583259,15.154626655662115,16.466456460460876,43.629575316713165
3951088454,3951088967,179.952,900,2391.5678511170063,18.489663415793125,9.732573057349018,107.30090974760995
838231970,2840774638,12.948,700,0.0,1.03584,12.5,0.0
838231970,5753070195,882.5080000000002,1200,2424.8165297129444,65.56473747906803,13.460101175296348,454.67134762717075
2840774638,1366343811,16.218,1200,2635.2465030013414,1.2964574884267501,12.509473040786341,9.337175837060812
5753070201,2840774638,874.278,1200,2635.2465030013414,69.88927488388002,12.509473040786297,503.34735580674925
5753070195,5753070188,24.955,1200,2424.8165297129444,1.85399795105556,13.460101175296366,12.85690722354474
5753070195,5753070201,17.925,1200,0.0,1.61325,11.11111111111111,0.0
842490889,842490892,14.820999999999998,700,509.2895535297479,1.08874133618115,13.61296710932817,1.5976523488830725
842490889,5546743936,489.113,700,1157.762881102846,54.27927012782759,9.01104600058438,148.4128639822299
3332785339,842490889,17.423,700,557.778973366281,1.291038897674694,13.495333123874715,2.0629843814530693
6047105415,842490889,73.238,700,1109.2734612663128,7.678592893829477,9.537945429930803,20.514954411299044
842490892,3374306426,17.418,700,814.222367773452,1.420160580551376,12.264810218318747,3.124553854986956
842490892,3501099342,174.923,700,1132.9267174133154,18.845618710464258,9.281892130337535,50.92989700563934
4379635710,842490892,488.94900000000007,700,1437.8595316570188,80.53957814883552,6.070915830927648,246.9565183740023
4379635710,5546743936,19.08,700,0.0,2.2896,8.333333333333332,0.0
5546743936,4379635739,109.68800000000002,700,1157.762881102846,12.172615697765448,9.011046000584383,33.282922810235746
3374306426,3332785339,14.788,700,2124.1906513258828,7.595891526721944,1.9468419142080424,23.183180909088893
842510844,842548369,139.086,700,730.8612618401527,10.875046595415775,12.78946244318896,22.009934316685573
5579260618,842510844,422.976,700,545.9258073479832,39.08658819021568,10.821512431363379,54.10323260946559
1918036668,842510844,55.931,2000,184.93545449216973,5.033804369277864,11.111079393819134,2.389548578411687
842548369,5544120403,43.076,700,0.0101484716612407,3.101472,13.88888888888889,9.193122381967236e-05
842548369,1918015071,22.091,700,730.8511133684917,1.7272737594096,12.789518673375165,3.4957786116611134
842548368,842548359,19.951,700,957.708387803713,1.8005583894917818,11.080451551271985,4.420486992415307
842548359,4379635740,55.98,700,1437.8595316570188,9.221014021445617,6.070915830927646,28.274167446045826
4379685905,842548359,43.7,700,719.3730471483649,3.400266091243344,12.851935356629877,6.793693655633547
842548368,4379685904,41.306,700,1159.0907474588212,4.5913279840615795,8.996525655189611,12.561553847572418
5544120376,842548368,82.162,700,959.0362541596876,7.423373646683196,11.068013535424077,18.240424415352862
4379635739,842548368,58.429,700,1157.762881102846,6.484152893705215,9.011046000584379,17.72926753044331
4379635739,4379635740,18.937,700,0.0,2.27244,8.333333333333334,0.0
4379635740,4379635710,109.55299999999998,700,1437.8595316570188,18.045547500740113,6.070915830927648,55.33261640258405
4379685905,4379685904,19.091,700,0.0,2.29092,8.333333333333334,0.0
5544120376,3978570809,82.88,700,239.22190329505787,5.973247895849497,13.875198459047557,4.170727997282024
3978570811,5544120376,83.124,700,959.0362541596876,7.5102907792762315,11.06801353542408,18.453993806160916
5544120403,5544120353,128.324,700,0.0101484716612407,9.239328,13.88888888888889,0.0002738643877202071
5544120402,5544120403,32.363,700,0.0,3.88356,8.333333333333332,0.0
1918015071,1918004235,58.574000000000005,700,2332.2125883083813,41.80834148034242,1.4010122842959583,115.49397003661136
5544120402,1918015071,40.157,700,1601.361474939888,8.619599013827989,4.658801405445676,27.687817038779794
842695075,842695105,10.479,700,220.48650463224152,0.9437815286022959,11.103205225386212,0.533956954269617
842695075,842695095,645.272,700,1440.4204036471926,133.39555380040971,4.837282665098979,389.0061469679747
1305701566,842695075,73.677,700,1660.9069082794344,21.83394499991393,3.3744245485774766,66.2265945810696
842695105,1305701893,134.833,700,335.7660234716318,12.181438623827471,11.068725473546307,10.479658731731869
842706790,842695105,644.001,700,115.27951883939022,57.96317398165843,11.110519934670664,17.151150097790623
842695095,842695098,44.352,700,1441.157023531866,9.179382270597655,4.831697677747144,26.774969153041464
842706790,842695095,12.838,700,740.2232237185688,1.259931678225924,10.18944139739136,2.3041361672894407
842695098,5629084829,223.137,900,976.1620557334428,14.728534655376636,15.149979629408962,44.74626834191118
842695108,842695098,12.162,900,1297.0959713062375,0.95746084533843,12.702347108200696,3.4249848491855706
5629084829,4419693264,177.291,900,2053.8497359112544,31.50680617756064,5.62706987819882,135.68022896953568
5629084829,5629084838,68.4,900,0.0,6.156,11.111111111111112,0.0
1305701893,4374908601,219.78,700,162.44227824180632,19.784349550750555,11.108780677182397,8.248545936969304
1305701893,3737747946,235.82100000000003,700,173.3237452298254,21.229660738040693,11.108090840916761,9.443757448332345
842695108,842706790,44.093,700,116.77421961058818,3.968592317764674,11.110488674441513,1.1895201757853424
1870310406,842695108,231.152,900,1297.0959713062375,18.197581756427308,12.702347108200687,65.09555154242258
1330494721,842695108,32.187,700,116.77421961058818,2.8969922874808143,11.110488674441513,0.8683257183227
1870310406,842706790,219.44299999999998,700,738.7285229473708,21.521927571814924,10.196252137163688,39.29008543970696
842706867,1870310406,23.052,900,2035.8244942536091,4.803137029222932,4.799363386834173,19.758799057991258
842706867,1870310399,74.072,700,2180.102834676035,34.69167160244387,2.135152230450088,113.98340854240152
844402503,842706867,14.739,900,2597.5590128804893,6.387910526700486,2.307327245488684,25.970501794492016
4374908601,842706867,511.207,700,1618.3683160491523,94.0640073230025,5.434671715022596,316.6943176036492
1870310399,1330494627,13.739000000000003,900,3384.1106129819577,12.744465031429439,1.0780366195142688,42.80602020887429
1330494721,1870310399,245.09199999999998,900,970.5825097928256,16.14434000314106,15.181295732889337,48.84532349581969
842772150,1918022564,3.4949999999999997,700,1969.004847046809,1.7390122528240322,2.0097615725963798,5.003103072715054
5278678787,842772150,72.081,700,880.6790279261388,5.108680803245574,14.109513351119244,13.285536817478896
3536201806,842772150,195.968,700,1088.3258191206692,16.727964032590407,11.714994103179775,47.98200050869899
1918022564,842772302,196.902,700,1969.004847046809,78.37825249912636,2.5122019657454695,251.15149187060513
2887217912,1918022564,131.221,700,0.0,7.87326,16.666666666666668,0.0
842772302,6315203902,494.93800000000005,700,762.8560700435013,65.45261526765645,7.561775766728983,112.09886510579031
6315203902,842874695,24.692,700,762.8560700435013,3.26537056396755,7.561775766728992,5.592508914636119
6315203902,6315203903,26.311,700,0.0,3.1573200000000003,8.333333333333332,0.0
842838283,1813129947,15.14,700,360.5798422469877,1.217368749996162,12.436658982783754,1.1956006871553675
842838283,2934519350,217.233,700,754.8686767831613,19.078744123008583,11.38612681209039,37.41027547542324
842838980,842838283,13.879000000000001,700,754.8686767831613,1.218939502347936,11.386127017186746,2.390139659365658
1813130297,842838283,575.573,700,360.5798422469877,46.28035483988077,12.436659182742835,45.45280512834524
1813129947,1813129939,13.889,700,0.2325063878522468,1.000008,13.888888888888888,0.0006790986968300219
1813129947,4332728406,638.989,700,360.3473358591356,51.37880251726039,12.436821581922539,50.42792985083317
1813130019,1813129947,175.484,700,0.0,12.634848000000002,13.888888888888888,0.0
842838289,1814004583,12.61,700,300.0946969946779,1.01126495468724,12.469531294990805,0.8278475073658402
842838289,1814940189,381.571,700,60.25263886445779,27.473221090331304,13.888833739058247,4.834805437268087
842838977,842838289,13.851999999999999,700,0.0,0.9973439999999999,13.888888888888891,0.0
4332728406,842838289,51.06,700,360.3473358591356,4.105550576860794,12.436821577056724,4.029568738441918
1814004583,842838976,13.915999999999999,700,1439.744987378839,2.299021753123728,6.053009277138003,7.054035669871614
1814004583,5794680517,214.809,700,300.0593109290481,17.22669058335099,12.469545381374969,14.1005584516271
4285018902,1814004583,369.611,700,1439.7096013132089,61.05896802493391,6.053345019671253,187.34353910546727
1814940189,8357821970,779.417,700,60.25263886445779,56.11824683365025,13.888833739058244,9.875827957311161
4285018902,1814940189,17.176,700,0.0,1.236672,13.888888888888888,0.0
842838297,6228632714,7.872999999999999,700,300.0593109290481,0.631378250706672,12.469545777334144,0.5168018807978398
842838297,6228632713,12.09,700,0.0,0.9672,12.5,0.0
5794680515,842838297,195.73,700,300.0593109290481,15.696642801617328,12.46954539730194,12.848168858193171
6228632714,1814004295,17.964,700,300.0593109290481,1.440629906751192,12.469545381374983,1.1791984135908131
6228632714,6228632713,7.208,700,0.0,0.57664002,12.499999566453955,0.0
6228632715,6228632714,14.422,700,0.0,1.15375998,12.50000021668285,0.0
6228632713,1814004295,89.992,700,0.0,7.1993599800000005,12.500000034725309,0.0
842838970,5794680514,196.346,700,0.878417714361459,15.707680020002813,12.49999998408198,0.03769268995140469
6228632708,842838970,11.878,700,0.878417714361459,0.950239980000168,12.500000263089225,0.002280228612134124
6228632715,842838970,7.664,700,0.0,0.61312002,12.499999592249491,0.0
5794680515,5794680514,13.361999999999998,700,0.0,0.962064,13.88888888888889,0.0
5794680514,5794680516,154.318,700,0.878417714361459,12.345439980002213,12.500000020248152,0.029624543005241886
842838976,842838977,12.615,700,1372.7457904140442,2.0889217229786943,6.039000820965021,6.107974887478467
842838976,1814004421,337.438,700,67.87761467915657,24.295691384211462,13.888800061861332,4.816687370585339
5794680516,842838976,216.372,700,0.878417714361459,17.309760000003102,12.49999999999776,0.041537096278190924
842838977,4332728405,50.936,700,1372.7457904140442,8.434507919450922,6.039000791324869,24.662370991331116
1813129601,842838977,340.463,700,0.0,24.513336000000002,13.88888888888889,0.0
1814004421,1814004416,14.525000000000002,700,67.65940971046159,1.0458066029129218,13.888801198561003,0.2066675224273094
1814004421,1617117596,608.71,700,0.4507113565472685,43.82712000000055,13.888888888888717,0.057694706395458456
1813129601,1814004421,14.699,700,0.2325063878522468,1.058328,13.88888888888889,0.0007187034159913954
4332728406,4332728405,13.855999999999998,700,0.0,1.66272,8.333333333333334,0.0
4332728405,1813129939,639.182,700,1372.7457904140442,105.84234365907258,6.039000818603006,309.4813797634009
842838980,1156771044,583.184,700,1176.3992126058863,73.5755597756389,7.926327734078541,196.74327143111063
1813129772,842838980,508.15599999999995,700,558.5220989750044,41.84433273662339,12.143962318587695,62.80211109807637
1813129939,842838980,15.159999999999998,700,1372.7457904140442,2.510349012931164,6.0390009205527555,7.340221807937766
1156771044,1156771017,13.864999999999998,700,11.509505802180865,1.10920002586422,12.499999708526197,0.03487470501013412
1156771044,1815030090,545.705,900,1207.8170643705837,40.424932605267486,13.49921854734009,139.90308208261354
1156770989,1156771044,13.500000000000002,900,42.92735756687838,0.810000303261918,16.666660426711843,0.11701560909987857
842874695,842874696,52.834,2000,1137.630007605927,6.365995406641872,8.299409067257006,16.67509551973814
4379685991,842874695,40.424,2000,374.773937562425,4.851113537803722,8.332932157737424,4.191017265808131
842874696,1844317454,364.189,2000,8401.940959754886,55.757283234848884,6.531684810862128,1015.5618003130835
4379685991,842874696,79.051,2000,7264.310952148958,11.109995061049403,7.115304693261779,178.48206119959463
1844317454,5583096117,176.829,2000,1471.319834632527,10.73107671520371,16.478215997605346,52.61830046477016
1844317454,2470149904,1228.657,2000,6930.621125122359,93.42607708881806,13.151114103099324,1824.274031019339
842874698,5583096116,507.35900000000004,700,0.0,45.66231,11.11111111111111,0.0
5583096116,5583096115,11.185,700,0.0,1.00665,11.11111111111111,0.0
5583096117,5583096116,19.686,2000,0.0,1.18116,16.666666666666668,0.0
842907721,3501004661,10.017,700,735.68496894891,0.872084405770488,11.486273500269695,1.6738882638426718
842907721,2470149699,1419.26,700,0.0,127.73340000000002,11.111111111111109,0.0
1740887179,842907721,494.493,700,735.68496894891,43.050777085221995,11.48627350026962,82.63212830711356
844413657,842907721,14.369000000000002,700,0.0,1.29321,11.11111111111111,0.0
3501026255,3501004661,14.482999999999999,900,490.6067000582829,0.874530599828184,16.56088420787726,1.4359980894653916
2470149699,1740887179,457.32300000000004,700,89.83145451653904,41.159877520199494,11.110893120990594,9.490703119284868
1844317464,7567378975,67.678,900,247.0647850709896,6.093522243999066,11.10654844439924,3.8636185288655707
842907736,3501026254,9.721,700,0.0,0.77767998,12.500000321468992,0.0
842907736,4357962685,90.251,700,0.0,8.12259,11.11111111111111,0.0
2477162269,842907736,296.656,700,0.0,26.69904,11.11111111111111,0.0
3501026254,3501026255,17.637,700,919.0288142817036,1.714213155625752,10.288685477718104,3.9077371039061553
3501026254,4357962684,86.022,900,455.8163436252872,5.185884990209639,16.587718424608287,7.922489131861902
4357962684,4357962685,8.511,900,0.0,0.76599,11.11111111111111,0.0
4357962685,7061771521,127.215,700,0.0,11.44935,11.11111111111111,0.0
6046988703,6046988702,15.591,900,0.0,1.4031900000000002,11.111111111111109,0.0
6046988702,6046988697,558.141,900,3148.6431623863427,105.1721174299079,5.306929380517358,685.1894769367384
844379791,844379049,10.004,700,0.0,1.20048,8.333333333333332,0.0
844379049,1162293842,648.294,700,810.2381220938098,43.948299140273754,14.751287596609405,108.59741082700828
4331417014,844379049,100.87900000000002,700,810.2381220938098,6.838657258854275,14.751287596609416,16.898503158779477
844379791,1296961082,94.474,700,23.9062680072579,5.668440557808084,16.666665026568072,0.4560368575681082
1162293850,844379791,652.798,700,23.9062680072579,39.16788385435149,16.66666502656807,3.1511309836224375
1162293842,1162293815,16.407,700,58.56489313418389,0.984423489024054,16.666607596153266,0.19401825522487381
1162293842,1322766507,1302.494,700,2179.5404838454624,183.10287300793848,7.113454740513711,882.5091781429472
1162293850,1162293842,10.241,700,1842.582146968349,2.74836542226783,3.72621483192347,9.549487167594963
1296961082,4365524354,1590.038,700,24.84423121946949,143.10343642579423,11.111109835748135,9.125896601774858
4331417014,1296961082,68.057,700,0.9379632122115756,4.90010400000114,13.888888888885658,0.013424114150409547
844402503,3737747958,505.401,700,1322.5818744513424,58.27855996682515,8.67216005830785,179.81947946799832
1330494627,844402503,73.542,700,1322.510924757025,10.175240857657998,7.227543900806188,29.87280876137721
3737747958,3737747946,214.419,700,28.38298454934767,19.29771377322005,11.11110893859121,1.4059304049348358
844413543,4358122015,538.62,900,1344.7105654524294,52.761261487608046,10.208626268848876,175.41890140776914
1740887207,844413543,15.628000000000002,700,1290.543065550497,2.295098536800858,6.8092936967246285,6.482610691850001
4358122016,4358122015,13.755,900,766.9752226718225,1.285180732164486,10.702774836060602,2.48685612237812
844413560,844413676,13.152,700,8.901994758350169,1.18368000223953,11.11111109008882,0.02704715479358617
844413560,6292597681,30.503999999999998,700,1302.4885174925034,4.556324112220223,6.694870524725664,12.937871692637627
2470149592,844413560,1147.065,700,0.0,103.23585,11.111111111111112,0.0
844413676,3501067345,9.191,700,780.820004223935,0.8176237630483321,11.24111164006946,1.6479199319095483
844413676,844413657,213.55,700,0.0,19.2195,11.111111111111112,0.0
6292597680,844413676,30.337,700,771.9180094655848,2.6865699839173502,11.292093703721395,5.364886750831626
6292597680,6292597681,13.312000000000001,700,0.0,1.59744,8.333333333333334,0.0
6292597681,2477162366,136.868,700,1302.4885174925034,20.443711307711723,6.694870512496966,58.05076794251004
844413624,844413647,17.088,900,1108.3566133185968,1.435045518477468,11.90763622475875,4.228405745445816
844413624,1740887179,14.178000000000003,700,832.3365084039153,1.298251707904572,10.920840630268716,2.7513014473507162
2469993879,844413624,16.232,700,735.68496894891,1.413165048666042,11.486273323361772,2.712444295277414
4357989262,844413624,161.292,900,1205.008152773603,14.31263694305058,11.269202219114097,44.57276816562914
1740887191,844413647,14.500999999999998,700,374.5515612592171,1.166958753888834,12.426317512659393,1.1899285016821362
1740887179,1740887191,16.562,700,186.48299397154443,1.491123108171432,11.107064137923544,0.713636944128007
844413657,1740887191,496.768,700,943.07237555046,49.21248298831866,10.094349438086988,114.22752255364983
3501026255,844413657,10.136,700,943.07237555046,1.004126151692034,10.094349184034314,2.3306859259231136
1740887191,1740887186,180.74,700,755.0038082627872,17.859056108588597,10.120355684031944,33.22060888491307
1740887186,1740887207,12.988,700,755.0297707298171,1.283369844982656,10.120231553496977,2.387336858913501
1740887186,2477162365,369.786,700,771.9180094655848,32.7473374512871,11.292093610665924,65.39407391558693
3501067345,3501067321,17.705,700,2312.8474362911543,13.627308701315789,1.2992293921022342,35.54870215850767
3501067345,6290624656,133.282,900,514.6502613270399,8.058773998442755,16.538743985841382,13.865280069329014
844546830,844546834,10.44,700,971.8057531658868,0.989473511810862,10.55106566813848,2.410796354908633
844546830,844546832,936.4410000000001,700,138.05856452975888,74.92347969948098,12.498631987676983,28.25514716586141
1359116873,844546830,250.799,700,1109.8643176956462,24.61015762284747,10.190873372024416,67.48505919566826
844546834,1359116755,156.583,700,1317.7682725054897,16.621490707923744,9.420514847405007,52.520328451528414
1359116739,1359116755,18.723,700,1421.3139975841264,2.732284248571626,6.852508120188427,8.512008711535916
844582424,2549104054,11.779,700,1468.3781968883757,1.85086548203949,6.364049745538819,5.857153028813496
2533127580,844582424,27.957,700,347.9069780379881,2.0217888425490718,13.82785353823192,2.0482507691318053
4545719489,844582424,665.707,700,911.4544002120356,52.633729232443685,12.647916264114057,131.96289055170178
2549104054,1359116176,26.554,700,270.8241840370106,1.595822290452156,16.639697389159956,1.4524123920023326
2549104054,4368145527,452.028,700,1197.5540128513649,47.9213919136341,9.432697631459941,137.67102510948692
846497371,1379581479,155.144,700,3.3160423204470737,9.308640000339107,16.666666666059513,0.10387975099409526
846497371,3956110529,30.062999999999995,700,1246.5862809649973,3.739346494603044,8.039640093099043,10.63693468742472
1379581462,846497371,32.417,700,1180.3938430947726,4.623994223142006,7.0106056443065015,12.027969010324782
846503531,846497371,403.084,700,69.50848019067139,32.24694676317545,12.499912098974395,6.123061388312372
1379581479,1379581492,203.808,700,10.595106437263269,14.674176055712046,13.888888836158268,0.4541021746294174
1379581468,1379581479,102.696,2000,7.2790641168162,7.394112000050658,13.888888888793733,0.15720128909027317
3956110529,1379581468,40.055,2000,7999.350353110546,7.14704086728051,5.6044173727022715,119.76547384552522
3956110525,3956110529,52.141000000000005,2000,6752.764072145549,6.264279168098832,8.323543475765058,97.48078815746157
846499814,1379581462,256.251,700,1180.7029875440712,36.56604314021424,7.007895249081047,95.13204624219546
2469994017,846499814,854.652,700,1180.7029875440712,121.95559003426477,7.007895249081048,317.28576116770216
3956109389,846499814,45.263,700,0.0,5.431559999999999,8.333333333333334,0.0
1379581462,846503531,408.419,700,5.036555123544887,32.67352002633439,12.499999989925179,0.44954535827974734
3956110525,1379581462,25.633,700,4.72741067424706,1.84557600027771,13.88888888679898,0.025482955687915757
846503515,846500810,12.095,700,0.0,0.96760002,12.499999741628779,0.0
846503531,846500810,343.709,700,5.036555123544887,27.49672002533076,12.499999988484644,0.37831928866285486
846503515,846503516,140.105,700,5.036555123544887,11.208400022172961,12.499999975271937,0.15421308130266706
846503516,6129317731,9.988,700,0.0,0.7990399800000001,12.500000312875457,0.0
846503516,3736716020,1305.217,700,1394.6332423552494,201.08546734233343,6.490856933872615,607.0830541690337
6129317731,846730726,12.124,700,1959.8160112014075,1.639316021887158,7.395767404287929,7.172569221970321
846730933,6129317731,628.96,700,1959.8160112014075,85.0432369784021,7.395767404287929,372.0932974142571
3736716020,8033280148,19.838,700,1002.6059438049342,1.863172104973158,10.647432916716944,4.702075207454765
3736716020,4373092580,54.68099999999999,900,392.0272985503156,4.934105643984858,11.082251566028246,4.9589281999585175
846668637,1359117149,16.988,700,1256.1887989872014,2.140767957814242,7.935470043817833,6.114654089524729
846668637,846736991,827.718,700,779.608934037636,66.2284858916153,12.497915192483529,141.03385943391686
1359117147,846668637,18.085,700,912.971919844482,1.574675408939256,11.484906601915213,3.7505799059731264
3736744764,846668637,462.24899999999997,700,1122.8258131803552,49.219866426525066,9.391512687057793,132.37221653915998
1359117149,1359117148,17.725,700,1004.0873945895488,1.6670219207819519,10.63273360657772,4.210702388696884
1359117149,4368021760,315.01,700,1140.6625040486151,34.248755545095904,9.19770645637682,92.89730755232245
846668748,1359117149,819.6190000000001,700,888.561099650963,70.09583546743184,11.69283445349352,163.99353779707138
846736991,847512137,13.832999999999998,700,864.2255381185148,1.1633667175140299,11.890489724133936,2.670786544246303
846736991,1749116824,746.485,700,644.4208497516476,62.82166954800143,11.882603652066553,107.50287581308321
846668748,846736991,14.042,700,729.0374538325264,1.2189676252378439,11.51958403920706,2.321961018223283
847503237,846668748,13.927,700,710.783594388689,1.079854544175582,12.897107369801,2.1363574609982443
846730645,885687036,23.04,700,211.89898479834483,1.6598876381226362,13.880457611009543,1.0268829280108553
885687036,902279633,344.802,700,1366.3033461428236,50.89117528543357,6.775280744964278,152.0060895378166
846730726,1379589988,338.145,700,1890.3075310107365,42.84655394936418,7.891999912049354,183.88678647311926
1379589988,846730803,90.664,700,0.0,10.879679999999999,8.333333333333334,0.0
1379589988,846730847,228.582,700,1890.3075310107365,28.963761093180615,7.891999912049357,124.3052815377973
3673105918,846730933,422.35299999999995,700,618.9025438114146,31.753638825126444,13.300932290814963,55.770726109376746
3736716031,846730933,662.108,700,1340.9134673899937,94.10602832439385,7.03576605865929,278.31478498770144
8374311875,5142601889,3.254,900,3498.465463767378,0.998636838357084,3.2584417828540615,6.303698287319799
5142602428,8374311875,14.447,900,1332.6724371965024,1.11163939633476,12.996120907223963,4.142944332069161
847512137,847503237,13.826,700,1125.434960959721,1.64069641208061,8.4269093893287,4.2705695431534645
847512137,847512143,224.914,700,464.3421090324559,16.42062488358541,13.697042688359035,22.06037066738598
2397222754,847512137,741.222,700,725.5515318736609,64.24867484202093,11.536767129011885,121.89177595280972
2397222754,1749116824,8.892,700,265.2372941716389,0.6411786505353301,13.868209729965166,0.4962081852866295
847503237,3673105913,1031.942,700,1085.165559781679,105.34155332919649,9.796153249944405,278.07191143822934
3673105913,3673105907,159.995,700,548.1005233008444,14.791078969970766,10.81699315680932,20.551308084291854
3673105913,3736716055,147.602,700,537.0650364808336,12.104141042207491,12.194339068365739,17.50898118445736
847512143,847513948,22.324,700,11.984180320748465,1.6073280099887641,13.888888802576181,0.056260991264659645
847512143,848397415,659.06,900,2177.309655641572,58.8983782269384,11.189781787549546,330.28774354149897
847513948,847513943,11.447,900,2233.8105470455757,2.5723112395497183,4.450083576201996,11.392508037915137
848397415,2397222754,201.622,700,362.4618591077586,14.592274757687512,13.817036983475203,15.393506808161822
1359117148,847669930,166.433,700,864.8582561603657,14.003057052961038,11.885476105005703,32.16363006628347
847760096,847760097,12.647999999999998,1200,2666.314511593253,1.0231786027563299,12.361478207155317,7.404742361569648
847760096,4080321136,13.064,700,2618.4091049254343,14.261484221374037,0.916033688865333,32.91494789326979
1394788507,847760096,21.87,700,2522.3977281620514,20.77943433380202,1.052482933302181,51.14048503747524
847760097,1394788507,21.677,700,458.4892496143757,1.581522893493756,13.706409239586252,2.0988901004772194
847760097,6027804515,333.902,1200,4004.381957249741,55.53086320631977,6.012908511063804,473.19078057504976
4080321137,847760097,12.944,700,1796.556695270862,3.8570552441089854,3.35592808004755,12.631045939436424
4080321136,4363592973,18.819,700,994.64222717953,1.7545176236391962,10.726025060361543,4.407076411604744
4080321136,4080321137,12.766,700,1753.4028303521336,5.894435811099534,2.165771315375247,15.687245761206388
4080321135,4080321136,173.3,700,61.46120230200323,20.796089404242984,8.333297507590151,2.946435203876959
4080312167,1394788507,10.648,700,1098.3143018497503,1.102765826096154,9.65572177521537,2.930324918064861
1394788507,6027804514,188.221,1200,3008.486430163042,17.66837185385574,10.652990640952854,133.82924577446332
6047036755,1394788507,70.953,1200,3974.080606860966,11.57438048567307,6.130176909928494,98.3035510387201
6027804515,6027804518,19.916,1200,4538.704214672011,4.689235522595526,4.247174172428078,41.67862319921428
6027804516,6027804515,34.735,1200,534.3222574222679,3.1350392304333,11.079606169776449,4.293981342016848
848387166,4368078527,80.566,700,1022.6912540113678,7.011387407038986,11.490735759247432,18.71155150713684
848387170,848387166,91.399,700,0.6772911830843477,10.967880000000696,8.333333333332805,0.0171242998020147
4368078527,4368078508,210.34900000000002,700,1022.6912540113678,18.305964355871225,11.49073580122728,48.85381104762963
4368078528,4368078527,32.576,700,0.0,3.90912,8.333333333333334,0.0
4362123830,4362123834,94.632,900,0.0,11.355839999999999,8.333333333333334,0.0
4368661280,4368661282,35.942,700,289.2388413913869,3.241600957081908,11.087731178471461,2.4042580899748383
4368661281,4368661280,13.287,700,0.0,1.59444,8.333333333333334,0.0
848392024,6030429370,50.192,900,1860.4046675521904,6.989033575529664,7.181536539720542,28.81922442424988
6030429365,848392024,50.149,700,1082.642441027607,6.381591614285634,7.858384401743603,15.668161036086026
6030429370,4261524688,96.005,900,1860.4046675521904,13.368309061578048,7.181536539720542,55.12411621075291
6030429365,6030429370,33.137,900,0.0,2.98233,11.11111111111111,0.0
2397222757,2397222754,13.853,700,628.3269669375413,1.160281632140268,11.939342670146909,1.9408984719327962
848397438,4261524688,26.15,700,0.0,2.09200002,12.499999880497132,0.0
4261524688,4358105315,14.022000000000002,900,1860.4046675521904,1.9525069492364697,7.181536539720548,8.051146893465717
859740419,859740295,18.628,700,14.127782473649637,1.3412160160978799,13.888888722188177,0.05534358146428114
859740295,859825215,346.175,900,2806.137231221784,29.645305205578453,11.6772284042756,218.88207975876617
4226733444,859740295,765.599,700,1490.9447156332012,137.18740148418215,5.580680089550894,428.06781920546575
859740419,4299157505,82.138,900,4319.651355259662,42.29813030472456,1.941882523134255,262.1679457825952
2833304399,859740419,330.094,900,2853.538882781352,28.854634286281794,11.439895467915697,214.3833446757723
859825215,2833304374,7.679000000000001,900,1907.1284998697463,0.593481568120956,12.938902254896925,3.1566240735918734
859825215,4226733445,503.5830000000001,700,1456.1489217310764,71.14289282339021,7.078472353522755,228.81415129568396
2833304399,859825215,14.766,700,557.1401903790402,0.911678532393384,16.196498519314215,1.6682537453855315
4226733456,4226733444,11.508,700,0.0,0.828576,13.888888888888888,0.0
4226733445,4226733444,763.268,700,741.912606839765,59.97172499634866,12.727130994589052,122.84924247292172
859740486,5590488541,18.593,700,1270.3156025104051,1.288464607162782,14.430353691237244,4.911479884196072
2833317266,859740486,14.395,700,556.0792876190933,0.8885819212341359,16.199969474966398,1.6231850194892379
4226733443,859740486,340.981,700,714.2363148913125,22.062929778862188,15.454928398796943,49.81521814614104
5590488541,1408095275,14.708000000000002,700,348.9517621627122,0.8864222173919101,16.592544400878,1.036963443612301
5590488541,2833317272,311.708,700,921.3638403476932,19.50458815840496,15.981265406297654,58.37061212338611
2833304374,2833265398,14.529000000000002,700,1186.3925846966004,1.392065108188842,10.437011828349808,4.121298967735698
2833304374,4375941194,54.924,900,2041.1886202163132,4.541322723347454,12.094273705242198,24.852863970870036
4226733449,2833304374,503.15,700,1320.4527050431675,57.84021662716219,8.698964653664817,178.35024002247005
4226733445,4226733443,9.025,700,714.2363148913125,0.583956118535142,15.454928398796946,1.318496760138901
4226733449,4226733445,8.461,700,0.0,0.609192,13.888888888888891,0.0
2953477188,863427746,37.887,700,0.0,4.54644,8.333333333333334,0.0
1845880574,863427746,415.394,700,0.0,29.908368,13.88888888888889,0.0
1273836210,863427746,137.212,700,170.52515090120127,9.88178082185178,13.885351484074645,4.920873232352237
863427919,2953477188,2733.25,700,63.51720391610444,196.79496505364472,13.88882077981486,36.50887281526314
2953418856,2953477188,931.3529999999998,700,0.0,67.05741599999999,13.888888888888891,0.0
1845880574,1273837364,512.648,700,170.52515090120127,36.92005928607317,13.885351484074647,18.385241967312716
1273628252,1845880574,512.777,700,0.0,36.919944,13.88888888888889,0.0
1273836210,2460656207,998.9009999999998,700,404.98316770403176,120.83958173962584,8.266339436297795,112.55047223934363
1273953764,1273836210,359.988,700,575.508318605233,26.77578134075694,13.444537637153534,44.03650795702528
2460656209,863427862,328.435,700,0.0,23.647319999999997,13.888888888888891,0.0
2953418856,2460656209,7.575,700,68.80602076414604,0.545403682943166,13.888795101497978,0.1096066808523663
2460656209,2460656299,59.749,700,68.80602076414604,4.3019570497915804,13.88879510149798,0.8645398777885187
863427919,7575681832,20.711,1200,0.0,1.86399,11.11111111111111,0.0
7575681823,863427919,87.609,700,63.51720391610444,6.307878932913108,13.888820779814866,1.170220740317348
7575681832,4347713092,33.206,1200,0.0,2.98854,11.111111111111112,0.0
7575681832,5589381665,123.61000000000001,1200,0.0,11.1249,11.11111111111111,0.0
863519247,2117979315,38.899,700,1802.7167535409076,4.197127696250118,9.26800488695017,18.03912221344291
863519247,1845737756,645.51,700,395.0587734868474,58.522250172595264,11.03016370861076,59.13975726485236
4331313880,863519247,54.17,700,2197.775527027755,31.315904645299973,1.7297919575869596,92.63114048699488
2117979315,5589324858,12.337,700,476.7152934299786,1.1276067690474,10.940870823631426,1.3698259104427428
2117979315,2687164513,1240.116,700,1803.4116565366296,373.831683397989,3.3173111190785467,1224.0199940458847
2955200052,2117979315,342.146,700,477.410196425701,31.275082085529778,10.939891350702567,38.047028595611636
1845737756,4605138481,269.499,1200,2435.157299045012,30.862378310070383,8.7322823047653,175.70939207322587
5589339743,1845737756,2069.582,1200,2040.098525558164,119.1404483419361,17.370943527593983,848.3430424071166
902279633,902279652,30.284000000000002,700,1324.433888630247,4.201795525967724,7.20739498455847,12.345309881916899
902279633,4381396390,224.46300000000002,2000,716.1602220680861,13.476425615714652,16.6559743956333,32.46153169569295
902279664,902279633,13.446,2000,674.2907645555088,0.807166998057588,16.658262828333182,1.8308222309862308
885797654,1324512065,273.137,700,0.0,19.665864,13.88888888888889,0.0
1324512065,1324512180,68.603,2000,0.0,4.11618,16.666666666666664,0.0
885811838,885811853,101.533,700,310.7255125502022,12.218179229905253,8.309994319897315,8.744692991265238
885811838,885811894,433.502,700,0.0,52.02024,8.333333333333334,0.0
885811896,885811838,96.845,700,2.314648392902814,8.716050000075374,11.111111111015026,0.05178508387071081
885811853,1273949394,367.967,700,311.23353147408056,33.21065051343856,11.079788992723994,26.496045934998097
1273861389,885811853,267.772,700,1080.8019535657702,34.007029952087976,7.8740190006966255,83.39699911574635
885811894,885811898,61.995,700,0.0,7.4394,8.333333333333332,0.0
885811894,1273861389,44.311,700,44.046714616898,5.317321191121207,8.333331466602004,0.5399096590880126
1325975793,1324512011,14.353,700,0.0,0.86118,16.666666666666668,0.0
1325975793,5833578281,43.267,700,1496.1754410476417,6.515353645975187,6.640775367078943,21.21222143090192
1324512048,1325975793,93.748,700,0.0,8.43732,11.111111111111112,0.0
6131607410,5833584565,276.01,700,2.314648392902814,19.87272000017186,13.888888888768777,0.13434975410047426
1324512048,6131607410,24.81,700,0.0,2.9772,8.333333333333334,0.0
885811844,885819429,145.253,700,0.0,13.07277,11.11111111111111,0.0
885811844,885811896,278.003,700,2.314648392902814,25.020270000216374,11.111111111015022,0.14865412433588937
885811882,885811844,27.015,700,2.314648392902814,2.431350000021024,11.111111111015033,0.014445495800167808
885811900,885811844,26.198,700,0.0,2.35782,11.111111111111112,0.0
1324511714,885819429,17.062,700,0.0,2.04744,8.333333333333334,0.0
885819429,1324511714,439.12899999999996,700,0.0,39.52161,11.11111111111111,0.0
885811896,885811888,202.554,700,84.76075210473431,18.22991599788427,11.111076980470346,3.9662380426681163
1273949394,885811898,95.275,700,280.22981475409523,8.590681363267207,11.09050562710721,6.173883890355784
1273949394,1273861389,49.968,700,31.00371671998544,5.996161669176906,8.333331013548058,0.42855026614482555
885811882,885811900,37.484,700,0.0,2.698848,13.88888888888889,0.0
1324512519,885811882,385.344,700,2.314648392902814,34.68096000029992,11.111111111015022,0.20605164292503658
885811900,1324512073,519.3,700,0.0,46.737,11.111111111111109,0.0
1324511714,885811900,128.969,700,0.0,11.60721,11.11111111111111,0.0
1324512073,5833584573,15.024,700,0.0,1.35216,11.11111111111111,0.0
1324512073,1324512519,48.228,700,0.0,4.340520000000001,11.11111111111111,0.0
885811905,885831076,872.631,700,797.4117825120231,70.48306867990502,12.380718041137024,152.68691647660242
3952351826,885819416,28.092,900,2211.925537656029,6.691642089501996,4.198072703869112,28.89402816475531
885831143,885831005,52.105,2000,0.0,4.68945,11.11111111111111,0.0
885878852,885878854,12.531,700,1517.6323283078998,2.34420994583088,5.345510977925026,7.3734170451686065
885969404,885878852,14.673,700,559.0205624984414,1.08753998282013,13.491917751797077,1.7413862816185737
1324512011,885878852,807.251,700,895.9421904503074,57.83778879645348,13.95715529238039,151.86402950574913
885878854,885969348,15.122,700,1291.522654513009,2.001475401390648,7.555426356723176,5.8021727270991335
885878854,6129437468,375.962,700,226.10967379489128,27.09058105159017,13.877959992221417,17.88122109065356
885969348,885969404,14.235999999999999,700,229.6534297274373,1.025850986490102,13.87725916091163,0.6877045062074624
885930833,885969348,375.764,700,124.929460204495,27.056993551863023,13.88786966592327,9.872270171168946
885930833,6129437468,14.659,700,0.0,1.055448,13.888888888888891,0.0
6129437468,885930857,167.5,700,226.10967379489128,12.06949725275787,13.877959992221415,7.966508670249845
6302942823,6292387764,260.102,700,1131.7361054085495,27.98350687281873,9.294832173184316,75.58186877260653
6292387764,6292387763,11.08,700,0.0,1.3296,8.333333333333334,0.0
3736716062,885969404,424.90999999999997,700,995.2958722224242,26.983501929586673,15.747029466701573,86.18479724175825
4336038836,4336038838,6.911,700,0.0,0.62199,11.111111111111109,0.0
4336038836,4336038838,9.14,700,1463.7536902593035,2.613758041417632,3.4968806810605586,7.070524943928414
896796350,896796351,17.265,700,1855.6148611521844,4.73625436163124,3.6452856374997697,16.46022316789828
896796411,896796350,9.36,700,730.9609646449487,0.8132045708465521,11.51001892458151,1.552472429009867
4331494787,896796350,127.20500000000001,700,1124.6538965072375,11.311091010100007,11.246041596377829,32.84336929142365
896796351,896796471,9.134,700,555.3945830908958,0.751667494940472,12.151649581073562,1.1222186478814964
896796351,4331494990,234.828,700,1308.4176111618665,26.530836943410247,8.851134266924316,81.5065093751857
896796471,6292295419,30.146,700,431.4865026150391,2.436866220735006,12.370806301753973,2.855181552761719
896796471,896796411,17.006,700,1243.6955529854488,1.75586201305947,9.685271321730005,5.2893681635634096
4331494989,896796471,235.07699999999997,700,1119.7874725095908,20.786180776512694,11.309292578924591,60.2595640600435
4331494989,4331494990,8.869,700,0.0,1.0642800000000001,8.333333333333332,0.0
4331494990,4331443696,545.187,700,1308.4176111618665,61.59515645777762,8.851134266924316,189.22909247078448
896796411,4331494788,127.102,700,1246.9012499394485,13.18012147509504,9.643461954441774,39.74229158597029
6292295418,896796411,30.545,700,734.1666615989477,2.65748627300208,11.493944601073803,5.091998757780731
4331494787,4331494788,9.031,700,0.0,1.08372,8.333333333333334,0.0
4331494788,4331439683,292.264,700,1246.9012499394485,30.30695837042043,9.643461954441772,91.3851954184987
6292295418,6292295419,18.778,700,0.0,2.25336,8.333333333333334,0.0
6292295419,6302477702,184.392,700,431.4865026150391,14.90541472989504,12.37080640434474,17.46409590041511
902279631,902279664,29.292,700,1802.4017643221096,8.815000883912958,3.3229718732594558,28.863356772108496
902279652,902279631,16.562,700,205.88318220430955,1.49138688732522,11.105099649698342,0.7879510059102669
3117337972,902279664,373.317,2000,619.0420505582634,44.81409457268703,8.33034793092811,63.944653274584084
902279652,902279645,83.6,700,1324.433888630247,11.599197793253929,7.2073949845584675,34.07964291798489
3117337972,4381396390,610.286,2000,4306.683939491825,32.01706918920156,19.061269986755438,524.8545947477056
902279645,6277581754,711.999,700,1333.5468254336397,100.10881108358191,7.112251082530033,295.20386587360167
6277581754,3329164868,268.048,700,1333.5468254336397,37.68820826059021,7.112251082530032,111.136119348043
1063807312,1063807422,314.436,700,1619.276895420952,69.53404763066949,4.522043670895281,224.1622965694807
1063807361,1063807312,781.187,700,1359.20305283522,114.08156186232515,6.847618381511509,339.81581827604447
3329164869,1329923531,719.864,700,513.9744203380264,52.04546538097792,13.831445155318043,77.90864045677277
3329164868,3329164869,86.616,700,0.3983502817207495,7.795440000000054,11.111111111111034,0.007970869596095892
902324953,1190051187,11.263,700,1682.0676565817616,2.766781458055188,4.070794954624617,9.007608173128903
1190051187,1063807422,8.483,900,2330.3972990329967,0.612421984774686,13.851560216475493,4.160768596332887
3329170620,1190051187,590.151,900,1714.4589654362962,42.07181706707713,14.02722870417253,212.12534740444764
2053915154,4569344523,35.703,900,1984.5603740043216,4.2987846329045105,8.305370714949488,19.647223344598473
4569344520,2053915154,11.684,900,938.0360989206488,1.14132530324436,10.237221558820055,2.650086743878117
2053915209,1354143299,1024.533,700,2248.352382773044,185.94885742736986,5.509756898614848,872.4579520839644
931752096,1382690510,498.964,700,0.0,29.93784,16.666666666666664,0.0
931752096,3460626702,91.914,700,0.0,11.029679999999999,8.333333333333334,0.0
5589066951,931752096,1032.934,700,0.0,61.97604,16.666666666666668,0.0
1382690510,5064701346,24.396,700,0.0,1.4637600000000002,16.666666666666664,0.0
1382690512,1382690510,17.89,700,0.0,1.0734,16.666666666666668,0.0
3460626702,5589066952,940.033,700,0.0,56.40198,16.666666666666668,0.0
1382690512,3460626702,592.236,700,0.0,35.53416,16.666666666666668,0.0
943248214,3744254936,20.39,700,459.4164273313879,1.2398198305782662,16.445937947685408,1.8950724502107834
943248214,4152172840,469.167,700,27.599180120896747,42.22503145802096,11.111110727446912,2.99134219966275
3757448177,943248214,942.457,700,0.0,56.54742,16.666666666666664,0.0
3757448190,943248214,16.587,700,487.0156074522844,1.518132066114948,10.925926913886876,1.8828955643879632
3744254936,3757448191,15.834,700,128.5903163160783,1.4251773924924,11.110195883972693,0.4703921752417865
3744254936,943248828,623.11,700,459.5821683616188,37.88910775186388,16.445623477880588,57.93369086827384
4711675539,3744254936,469.6669999999999,700,128.7560573463094,42.27353007499076,11.110191156660877,13.970726690369714
4152172840,1405149117,938.537,700,957.0130099095452,84.65236386542713,11.086955604594852,207.73392841846365
4152172840,1404104118,33.841,700,29.04674695930093,3.045690129028242,11.111110640397719,0.227082230103635
4711675539,4152172840,32.032,700,958.4605767479492,2.892695523817416,11.07340877609137,7.10519100709018
943248221,6611284926,34.815,700,1.655078582520363,2.506680000001116,13.888888888882706,0.012117472652999173
943248221,4234707459,619.502,700,149.36147384238123,55.7635401428576,11.10944531880385,21.377546097647016
5502382607,943248221,704.31,700,151.01655242490165,63.38986206616512,11.110767195941438,24.57185230784136
6611284926,5413173043,677.435,700,1195.530301023951,54.705277182343565,12.383357418005112,177.6958713190011
1572825453,6611284926,620.075,700,591.4018134431074,57.863547111613464,10.716159498551521,86.38433635683582
4234707459,1404083927,6.703,700,182.67945084977023,0.6034724159044019,11.10738423719742,0.2829291347839552
4234707459,4065954103,623.742,700,468.1700257156999,45.559442951822646,13.690729288757614,61.69248920346525
1572825453,4234707459,36.283,700,501.4880027230889,2.662155667429812,13.629180458492705,3.8497452746891057
943248828,1674266632,46.035,700,531.9295039948659,2.828723866141038,16.274122953825543,4.961854093470241
943248828,4152172835,468.916,700,581.5808670673364,34.92565486974516,13.426119044834435,57.994175349516894
3757448199,943248828,19.337,700,653.9282027005833,1.4689676411877,13.16366641294121,2.708036309036956
1674266632,3757448200,19.41,700,457.42687090350086,1.41595396840539,13.708072743253815,1.874957357202241
1674266632,1405093905,943.9120000000001,700,639.3240103984122,59.48535053465093,15.867974072879674,122.80569574396449
4152172832,1674266632,466.62799999999993,700,564.8213773070466,34.627416860442494,13.475680322347818,55.976970141911636
4152172835,1835606539,32.689,700,610.0586930310277,2.4518268231873237,13.332507700321583,4.251247239722099
4152172835,4711675539,619.558,700,958.4605767479492,55.95007034669302,11.07340877609137,137.42750780378302
4152172832,4152172835,44.605,700,986.9384027116404,4.129576204742622,10.801350499059268,10.324994424894236
1383622129,1382690638,826.082,700,983.9625162979088,76.27537841275542,10.830257642639967,190.3637871273188
2832484319,1383622129,40.812,700,271.8974392595304,3.67912818367818,11.09284535968478,2.5657246972549475
2832484319,2832484320,38.586,700,0.0,4.63032,8.333333333333332,0.0
2832484319,1383622157,20.556,700,433.6410139722512,1.495799637440238,13.742482272009028,1.8808740660337937
1383622134,2832484319,25.22,700,0.0,1.81584,13.88888888888889,0.0
1022562935,1321360969,521.482,700,371.68100159192255,37.7625914441473,13.809486585985422,40.8340596508722
1024451878,1024462939,83.389,900,1680.0783136272844,5.871519088792872,14.20228713199057,29.26463993984362
1024451878,1024451880,23.934,900,456.17396354345607,2.318609282072694,10.32256714620088,2.6271454478264555
2865056328,1024451878,18.892,900,456.17396354345607,1.8301648933282082,10.32256714620088,2.07370401104443
2865056325,1024451878,25.515,900,1680.0783136272844,1.796541624801234,14.202287131990571,8.954266007088584
5711943183,1024462939,103.981,700,492.3998600988703,9.608177093553612,10.822136081334687,11.995880299080635
1024451880,5711943184,19.092,700,554.8424063430149,1.413873725457126,13.503327529357176,2.248247817188238
2865056325,1024451880,27.159,700,98.66844279955916,1.9555038384665278,13.888492298382609,0.5635376773277526
5711943184,5711943186,20.041,700,554.8424063430149,1.484152699135044,13.503327529357177,2.360000759704035
5711943183,5711943184,23.606,700,0.0,2.8327199999999997,8.333333333333336,0.0
1024451889,4357604403,122.19,700,1512.658252721104,22.67499864813506,5.388754455782501,71.21819319598374
1024451889,1024451931,62.295,700,980.392401969356,5.73365663992665,10.86479430355232,14.278554708606737
1024462914,1024451889,17.085,700,1671.3907252623849,4.58039421178398,3.7300282923346253,14.440962607466497
6302449671,1024451889,274.47,700,821.6599294280752,22.47559055396323,12.211914936829164,49.77987091393693
1024466676,4357604403,61.844,700,0.0,7.42128,8.333333333333334,0.0
4357604403,3954509364,321.96,700,1512.658252721104,59.74664509987365,5.388754455782503,187.65373174055912
1024451931,1024462903,16.216,700,1848.4210390440032,5.8598699680214335,2.7672969005275183,18.36820230760915
1024451931,7134042265,1056.5,700,1007.8805518619292,99.71697776993634,10.594986166122297,252.43044195079463
1024466676,1024451931,112.15400000000001,700,1875.9091889365784,38.20297138405459,2.935740230059999,124.42226337746057
1024462903,1024462914,62.713,700,1430.3130618441471,10.208957681877132,6.1429385794524025,31.221135404131825
1024462903,1024466670,435.987,700,1639.337036823705,110.7735195649103,3.935841360935755,348.09628058636423
1024462914,6302449670,278.258,700,1298.9437225762276,37.2182336750781,7.476389192169692,108.22427421966032
6302449671,6302449670,18.485,700,0.0,2.2182000000000004,8.333333333333332,0.0
6302449670,1024462915,59.009,700,1298.9437225762276,7.892713779775182,7.476389192169696,22.95066520074153
1024462915,6290870789,168.435,700,1298.9437225762276,22.528923477714137,7.476389192169692,65.51026611342166
4460618179,1024462915,16.847,700,0.0,2.02164,8.333333333333334,0.0
6290870788,6290870789,16.107,700,87.09831114211943,1.932873512664252,8.333188847830133,0.3880839561846323
6290870789,5711943185,392.671,700,492.3998600988703,28.77304604842639,13.647182134943801,40.89076860291153
4460618179,6302449671,60.571,700,821.6599294280752,4.95999196795317,12.211914936829166,10.985596098400809
6290870788,4460618179,169.972,700,821.6599294280752,13.91853782795292,12.211914936829164,30.827355335678536
1273791425,7566579309,529.374,900,1366.2773648161706,65.94811689015499,8.027128369438357,205.51949940602208
1042073829,1042083386,18.763,700,938.815894731411,2.083891569289062,9.00382739510826,4.619116820951317
1042073829,1578171178,801.336,700,14.032423222184583,57.69619267398768,13.88888872664352,2.364690791311977
1042083386,1273881006,56.37800000000001,700,2430.414499961675,58.41336517336258,0.9651558309075003,130.08050308217642
3003540274,1042083386,802.742,700,1491.5986052302646,143.99409072693496,5.5748259942297915,449.3979015038791
3003540274,1578171178,17.223,700,0.0,1.55007,11.11111111111111,0.0
5581164925,1042073880,364.998,2000,0.0,43.79976,8.333333333333334,0.0
1840954996,1042073881,146.126,700,12.403107485547258,10.521072075016386,13.888888789859603,0.38114044310481376
2887449498,1273881006,22.573,2000,0.0,4.06314,5.555555555555556,0.0
1273881006,2887449499,54.837999999999994,700,8.130691812754007,4.9354200064984255,11.111111096481206,0.1030033996705809
4938677858,1042083418,20.766,700,0.0,2.49192,8.333333333333332,0.0
1042083418,6302579235,427.177,700,404.2182553544283,31.00413173582398,13.778066860244142,36.40431303147165
4938677835,1042083418,190.07,700,404.2182553544283,13.795113779599705,13.778066860244142,16.19789402962195
4938677858,4382868368,169.076,700,1254.4389332179044,21.255580247650716,7.954428814931421,60.666876513734394
6302579236,4938677858,427.4239999999999,700,1254.4389332179044,53.73409077439649,7.954428814931419,153.36581789849788
6302579236,6302579235,23.913,700,0.0,2.86956,8.333333333333334,0.0
6302579235,1042083440,103.67999999999999,700,404.2182553544283,7.525003402267044,13.778066860244147,8.83567976530333
1042083440,4365307891,773.747,900,2682.46656157255,62.988763895318,12.283889255009068,456.96921035165894
1042083440,5712092619,19.265,700,8.916784961341065,1.387080002641848,13.888888862435957,0.036124707296703557
1042083462,1042083440,27.106999999999996,900,2287.165091179464,1.933109576496426,14.022484979423057,12.999474499876811
5712092619,4361845392,9.695,900,3291.569627803462,1.0522302006305762,9.21376329456237,8.240879786659885
1042083462,4361827178,69.314,700,1050.9229692919414,6.82465774171947,10.156406756675882,17.696049058103927
4361845392,1042083462,27.711999999999996,700,1050.9229692919414,2.72852404043238,10.156406756675882,7.074947506970828
4361827178,6302579236,23.831,700,1254.4389332179044,2.995941073137312,7.954428814931423,8.550902163517017
1042083473,3344168904,42.688,700,952.821291135412,3.8367709183783316,11.126022613318472,9.389772865174244
1840954996,3344168904,17.887,700,0.0,2.14644,8.333333333333334,0.0
3344168904,3003540273,499.11799999999994,700,952.821291135412,44.86041574304621,11.126022613318469,109.78740285138787
1047201571,4374564406,24.12,900,1880.3573282039276,3.441940194553926,7.007675507600138,14.260957414770537
1047201573,1047201571,16.788,900,1444.1621440970434,1.4903502303596041,11.264466336848388,5.561284644676771
1047201588,1047201571,424.957,700,436.1951841068844,38.66327311235163,10.991231879544113,43.068167875373604
4374564406,4022717906,309.479,900,1367.8492535281223,25.735644597856805,12.02530594573771,94.08489203601958
4374564406,4374564407,44.101,2000,512.5080746758055,2.653188229155342,16.621888909118148,4.56547736003498
1047201573,1047201579,424.9150000000001,700,619.8522242183631,39.94322086668317,10.63797537555174,62.29702258011827
2990124458,1047201573,365.459,900,2064.0143683154083,65.80454889671437,5.553704206279384,283.94379619760207
1047201579,4357721815,12.687,700,619.8522242183631,1.19261415373806,10.637975375551774,1.860048069552636
1047201579,4356640171,83.943,700,2367.673434228368,17.347404531626083,4.838937135925053,83.16069979187121
1047201588,1047201579,14.916,700,2367.673434228368,3.082495097789388,4.838937135925054,14.776991507279348
4357721815,4356638075,14.938,700,553.1920772909828,1.382352623962302,10.806215245703742,1.9376606349766434
4357721815,1047201588,12.232,700,1453.6773500602362,2.58198617097519,4.737438231661828,7.560241128655183
4356638074,4357721815,18.476,700,1216.9026305888908,2.761461003202146,6.690661203824905,7.32497670112291
4356640171,4356640172,245.96600000000004,700,2368.340524847828,50.86792698924325,4.835384780905521,243.87805772701577
4356640168,4356640171,25.219,700,0.6670906194628031,3.026280000002886,8.333333333325387,0.004653810035571428
4356638072,1047201588,178.517,700,1350.1912682750158,15.39538080500677,11.595491028188405,54.49479199101488
3417612006,3743408630,11.581,900,3462.113258384132,17.552397182784016,0.6597959172983525,41.45140427202935
1063807267,4337456741,45.351,700,584.1498400438098,4.109873653248726,11.034645788721866,6.14232156828419
4337456741,4337456745,44.116,700,0.0,3.97044,11.11111111111111,0.0
1063807422,4337309590,613.128,900,2267.4735061536635,57.96653545460532,10.57727523633273,329.8872921460998
1063807343,4331368347,21.887,700,660.1797011514182,1.6660504965107341,13.13705679740121,3.096752227833551
1063807343,1063807361,15.319,700,777.4752029068836,1.22438603857515,12.511576837177204,2.6018579428051027
3672981159,1063807343,455.101,700,1434.0373494613357,74.51725006959039,6.107324137364019,228.1867853374001
1329923532,1063807343,10.576,700,3.617554596966248,0.761472000039288,13.888888888172295,0.008045695025365123
1063807361,1329923531,10.487,700,375.2009911371735,0.759572310163158,13.806453789432329,0.8290075929489765
1329923531,1329923532,16.194,700,889.1754114752001,1.209343599296022,13.39073527939188,3.0649230091748514
1063807381,6277607301,320.525,900,2524.865418604042,43.50357495635704,7.367785298600216,244.99089077795622
3672981159,1063807381,12.494,900,2299.8923823121904,1.44771274889574,8.630165072131849,7.756141160844582
1329923532,1063807381,451.314,700,885.5578568782335,33.68389902934831,13.398508278592583,85.05224586572263
6277607302,6277607301,13.128,900,0.0,1.1815200000000001,11.11111111111111,0.0
6277607301,4436905511,306.506,900,2524.865418604042,41.60083221456414,7.367785298600216,234.2755727908533
4337309590,4337309592,33.6,900,0.0,3.024,11.11111111111111,0.0
6302973508,3672981159,73.437,900,1520.3877529439203,5.9027769774275765,12.441093451578068,24.449099872543044
5839981715,1156771028,312.025,700,1122.207395451684,36.8894058816999,8.458390492940667,95.85004713410255
4334474649,5839981715,398.28,700,798.4795231295416,35.764583903239966,11.136156402029863,73.38101166858046
1156770989,1813130297,10.86,700,360.5798422469877,0.8732248617339541,12.43665918814474,0.8576105265595012
1156771003,1156770989,13.974999999999998,700,351.105102720587,1.123118736558894,12.443029881967588,1.0743704945668409
1156771003,1814005211,221.028,900,633.2625985710057,13.496821961282064,16.37629959364186,28.334182335282076
1156771017,1156771003,13.508999999999999,900,984.367701291593,0.8944473703581121,15.103180408022629,2.733693305370188
4332836776,1156771003,836.486,700,0.0,66.91888002,12.499999996264133,0.0
1156771013,1156771028,17.031,900,1916.931112142212,2.54315578126593,6.696797783862978,10.628758881267071
1156771037,1156771013,23.711,700,799.3648147264912,2.130222650665296,11.130761374917663,4.374577759832056
4337308552,1156771013,35.699,900,1867.1985601348576,5.012492892401322,7.122005111292592,20.70279009864126
1156771028,4336162796,80.475,900,1985.3959435557704,13.100242259794134,6.143016167493732,55.611404701815246
1156771028,1156771034,23.753,700,1053.7425640381243,2.6061034252258017,9.114373501098468,6.51013943562021
1156771017,4332836775,849.8339999999998,700,0.0,67.98671999999999,12.5,0.0
1815030125,1156771017,601.218,900,972.8581954894116,39.635766673445104,15.168572490431977,120.12258703623333
4332836776,4332836775,12.149,700,0.0,1.45788,8.333333333333332,0.0
4336162796,4336162812,30.069,900,1985.3959435557704,4.894826772410681,6.1430161674937365,20.7788670764695
4336162796,4336162804,29.035,900,0.0,2.61315,11.11111111111111,0.0
1156771034,1156771037,17.085,900,1527.345124146654,1.640151103310844,10.416723169902978,6.246083473695316
1156771034,4332836779,350.541,700,469.11326410716185,25.607213470855694,13.689150535608288,34.74214442151935
4336162804,1156771034,79.696,900,942.7158242156916,5.1981566245608235,15.331588821976533,15.393604105624446
1156771037,4332871662,65.984,900,1647.195174474596,7.1724517107976675,9.199643672841367,28.096035508675882
4332836778,1156771037,350.823,700,919.2148650544334,30.692545236378056,11.430234843612457,73.42732975455007
4332836779,4332836777,15.592,700,613.3494876035536,1.170491468982312,13.320900163037088,2.039326965076206
4332836778,4332836779,15.394000000000002,700,1480.099331783973,4.518257891834028,3.407065370885978,12.252624194508892
4332871662,4332871679,39.169,900,1647.195174474596,4.25766490452585,9.199643672841372,16.678188876687145
4332871662,4332871671,37.155,900,0.0,3.34395,11.11111111111111,0.0
1815030090,1815030097,145.938,900,1207.8170643705837,10.810848012291487,13.49921854734009,37.41430991647952
1815030090,5840766411,75.117,900,0.0,6.76053,11.11111111111111,0.0
1158425632,1833867494,36.846,700,410.7548955880338,6.689161096642488,5.5083140423235175,5.7334411913161825
1158425632,1574755994,443.145,700,1071.8642097363231,44.594976809002645,9.937105739463906,116.91703060685202
1158426336,1158425632,429.28299999999996,700,0.0,77.27094,5.555555555555556,0.0
1574755994,1574756032,60.026,700,364.8567015007012,4.34494666078971,13.81512931831712,4.613368399004129
1574755994,1574755510,499.65400000000005,700,1348.766877853709,71.84444148181693,6.95466468517898,213.1348778677678
1162208775,1382565401,77.512,1200,2462.099885042559,4.371283362813582,17.732092286533742,38.27177131667005
1382565439,1162208775,96.122,900,720.1757385252313,11.60221548822117,8.284796993952165,19.22912012322498
1273985797,1382565434,230.897,900,1376.0359698738548,14.935552524640086,15.45955528722993,64.98470356687979
1273629611,1273985797,124.846,1200,699.3484953578723,11.329903327605912,11.019158450876283,20.258764605323854
1382565401,6032982299,277.326,1200,2501.557207200957,21.129699653229622,13.124938099042568,148.73283765972775
1382565439,1382565401,130.576,1200,39.457322158397496,15.669141199045685,8.333322059025967,1.4252378302255981
1162293815,1162293848,12.873,700,1666.248019012491,1.1267024600617261,11.425376668916437,4.8849964567009
1162293815,1305701979,1089.361,700,2.055453380048756,65.36166000035149,16.66666666657704,0.452121651200529
1322766526,1162293815,1291.378,700,1609.738579258356,108.44511605262873,11.908125022184405,464.09447126506967
1162293848,1162293850,14.892,700,324.656640627988,0.8965107186207,16.611067431420835,0.9766833876812993
1305701979,1322766526,1415.462,700,436.83972062870976,171.71899432813015,8.242897097890388,172.38037987737553
1322766507,1379749013,521.524,700,817.8013650050842,71.01663507096623,7.343687848330833,129.43199070202323
1322766526,1322766507,16.507,700,489.6042819199572,2.015132910147174,8.191519237703494,2.26319799523032
4042151334,4042151337,23.09,900,0.0,2.0781,11.11111111111111,0.0
1273960657,1273828841,775.949,900,1300.1423374708788,61.22404051715603,12.673926670726113,219.2284973598458
4041865391,4041865390,18.279,900,4517.953848100109,2.386494483965802,7.659351455790724,24.28668544588646
4346558760,4041865391,246.81800000000004,900,3857.3320500100936,37.4009633391664,6.5992417832064625,313.48190611436905
1273815907,1273525541,35.118,700,1088.0620716594246,3.269273141339952,10.741837246919802,8.989125525232852
1229111519,5008490468,409.077,700,1202.8861367835386,33.12336360228485,12.350104443251105,108.08796566367404
5008490469,5008490468,12.413,700,0.0,1.48956,8.333333333333334,0.0
1229283788,1229283809,11.064,700,724.6488865540175,1.232554827730842,8.976476949401954,2.1067057672677767
1229283788,4351598103,418.31800000000004,700,1940.3175624161556,55.5250768943575,7.5338571938566705,241.64827606212788
4331522684,1229283788,3156.69,700,903.8091459796824,272.9742381207207,11.564058285251,645.8976913856445
3754884226,4331517663,66.153,700,0.0,4.763016,13.88888888888889,0.0
3754884226,1825961131,221.847,700,1167.465396127284,31.141197066717858,7.123907264216856,80.42514190121085
1229283809,4351669443,45.553,700,764.7894661032112,5.168391382693332,8.813767500761832,9.268445906154508
4351598102,1229283809,417.092,700,1956.3245997209256,56.20866230835641,7.4204220999223445,245.6983524952468
4351598102,4351598103,14.201,700,0.0,1.70412,8.333333333333334,0.0
4351598103,2833675293,133.892,700,1940.3175624161556,17.772038486365183,7.533857193856673,77.34491697347566
1245524078,1245524125,79.942,2000,3391.006536244754,6.344266750690998,12.600668153067957,59.04719669024923
1245524090,1245524078,848.7340000000002,2000,3391.006536244754,313.839712002397,2.7043550179956757,1787.6883742983634
4601025043,1245524090,5489.928,2000,3391.006536244754,201.62327504588683,27.228642123537394,3790.742690969288
1245526398,1245526414,329.547,2000,3659.748447226013,158.27374373117368,2.0821330956809376,861.9439673986587
6129383105,5718485024,1329.893,700,1652.502528594924,310.8777709256544,4.277864564070232,1007.9867981720104
6129383104,6129383105,12.921,700,0.0,0.930312,13.888888888888888,0.0
4351472328,1253409724,12.295,700,0.0,0.88524,13.888888888888888,0.0
5589645925,1253409724,183.769,700,0.0,13.231368,13.88888888888889,0.0
4351472328,5589645927,184.482,700,0.0,13.282704,13.888888888888888,0.0
1256325701,4336140548,85.774,900,1864.6433239877645,12.005841647479471,7.144355432841108,49.556529454865284
1256325701,1256325904,23.646,700,778.53278326199,2.1010572093515942,11.254334196495952,4.224691517768267
4332890927,1256325701,104.876,700,778.53278326199,9.318720985080871,11.254334169668226,18.73757710221296
1258298967,1256325701,15.799,900,1864.6433239877645,2.211396136224588,7.14435543284112,9.127982941887003
4336140548,4336140561,27.600999999999996,900,1864.6433239877645,3.863329625668392,7.144355432841113,15.946671129756517
4336140548,5938227330,29.431,900,0.0,2.64879,11.11111111111111,0.0
1256325904,1258298580,15.588,900,1851.7493639954305,2.147737993975434,7.257868531322491,8.837713986345506
1256325904,4332905878,105.435,700,569.5339522323411,8.702179053231683,12.115930889843636,13.301117054867978
5938227330,1256325904,83.169,900,1642.7505329657806,8.996919418002031,9.244164156187313,35.20592131454085
1256325834,1256325945,12.157,700,1427.1809586021918,2.1882047346037856,5.555695866914046,6.5292872595975116
1256325834,1258299466,13.050999999999998,1200,2368.621243391376,1.6429023085188121,7.9438685625600955,8.850738957541436
3439376958,1256325834,12.981,700,0.0,1.03848,12.499999999999998,0.0
2832307511,1256325834,122.465,1200,3795.802201993568,60.56103203298045,2.0221749182429347,336.96165442423074
1258299433,1256325945,13.201999999999998,700,9.908356419894906,1.5842400046004579,8.333333309134254,0.03618572732119315
1256325945,4332890927,627.978,700,778.53278326199,55.79876952610153,11.25433419649594,112.19712974478055
1256325857,1256325945,923.8550000000001,700,10.56028027613135,110.86260041539471,8.333333302108894,2.6988280541572007
1258299466,6292503284,950.4570000000001,1200,2368.621243391376,119.64661707515646,7.943868562560085,644.5672207009402
1258299433,1258299466,12.17,700,704.5786748096406,1.045889094844908,11.636032979007831,1.9353750296600503
1256325874,1256325857,17.181,700,10.56028027613135,2.061720007725126,8.333333302108894,0.05019030561990233
4332871683,1256325857,675.347,700,8.596901336586228,48.62498408002052,13.888888866032406,1.220944570089051
1256325874,4332871681,677.884,700,6.707495974863846,48.807648029764856,13.88888888041889,0.9561869986491868
4332871681,4332871682,23.821,700,4.152259827770651,1.7151120001536,13.888888887645045,0.02080039301300545
4332871681,4332871672,553.687,900,1867.1985601348576,77.7431343207096,7.122005111292588,321.0976705606984
4332871683,4332871681,17.355,900,1864.6433239877645,2.429190451558818,7.144355432841114,10.026972843626123
1258298580,4336140536,194.791,900,1851.7493639954305,26.838595816299037,7.257868531322482,110.43797441071524
1258298580,1258298967,23.428,700,707.9229524017633,2.016061875584712,11.620675081316763,3.745793779383932
4332905879,1258298580,106.069,700,707.9229524017633,9.127610929626185,11.620674984702047,16.95887835009784
4332905879,4332905878,14.674,700,0.0,1.76088,8.333333333333334,0.0
4332905878,1487395429,136.166,700,569.5339522323411,11.238591692871342,12.115930867598857,17.177976064659305
6292504385,1258299433,951.9069999999999,700,33.07967210763515,114.22888120924574,8.33333032699748,8.71067447513388
4332890926,1258299433,631.463,700,681.4073591219003,53.79828977914562,11.737603603986319,96.71415757304524
4332890926,4332890927,16.7,700,0.0,2.004,8.333333333333332,0.0
4336140536,4336140535,32.524,900,1851.7493639954305,4.4812054475274,7.257868531322484,18.439684994348312
4336140536,4336140541,28.069999999999997,900,0.0,2.5263,11.11111111111111,0.0
1258298967,4332890926,105.46399999999998,700,681.4073591219003,8.985139025518674,11.737603580809592,16.152746754538637
4336140541,1258298967,193.331,900,1838.127730707901,26.199822253300724,7.379095862974552,107.45497020411545
1258298732,5802742281,18.641,900,0.0,1.11846,16.666666666666664,0.0
5802742281,4336162774,19.714,900,1642.7505329657806,2.132588697789942,9.244164156187331,8.34505083378251
5802742280,5802742281,72.782,900,1642.7505329657806,7.873291600007502,9.244164156187312,30.8090438157837
1258298854,1271067013,15.87,900,1894.7682558089075,2.305358951099256,6.88396051835345,9.584640984245182
1258298854,5802742296,82.28,700,0.0,5.9241600000000005,13.888888888888888,0.0
1258299278,1258298854,23.927,700,43.01889181347712,1.722745777590558,13.888874557837802,0.21645849687965105
1305701266,1258298854,67.057,900,1851.7493639954305,9.239213924942963,7.257868531322482,38.01838508996479
1271067013,4336098602,20.71,900,1904.9526361285093,3.046715403688194,6.797484259583143,12.697465176051622
5802742297,1271067013,82.577,700,12.334446469236257,5.945544041461434,13.888888792034296,0.21419325787333632
5802742296,1258299186,186.459,700,0.0,13.425048,13.88888888888889,0.0
5802742297,5802742296,15.804999999999998,700,0.0,1.8965999999999998,8.333333333333334,0.0
3439376958,1271066626,114.01400000000001,1200,3046.7970886831954,27.405657098286053,4.160235953880136,162.59525957988103
1258298973,1271067536,359.738,700,414.7609057740487,37.33152574804504,9.636305851197058,37.4330973730139
1271067151,1258298973,44.093,700,103.2639001105622,5.291341267148813,8.333047855701638,1.259576875952234
2528005397,1258298973,27.959999999999997,700,311.49700566348645,2.88404331822849,9.694722621979999,2.1767726487520282
1271067536,1258299186,14.622,700,412.6108396244147,1.5171105816625918,9.638058146015858,1.5134541471171552
1271067536,5802742297,186.708,700,12.334446469236257,13.442976093745015,13.888888792034287,0.4842945952385637
2528017699,1271067536,14.019999999999998,700,10.184380319602289,1.009440003271842,13.888888843871602,0.03002684160867665
1258299107,1258299216,13.759999999999998,700,298.4089285686355,1.10342986284735,12.470208087800843,0.8982501683640381
1258299107,5962422539,521.659,700,461.4234828172919,54.389168748474624,9.591229504029334,60.56823024611701
6292469242,1258299107,279.803,700,298.4089285686355,22.437716611969968,12.470208303225116,18.265486194721554
1487395422,1258299107,13.466,700,461.4234828172919,1.403990984763348,9.59122967749667,1.5634960369700277
1258299216,4332905879,135.221,700,707.9229524017633,11.6362432256922,11.620674935828026,21.61985588675262
1258299216,1487395429,13.501,700,3.096815791286903,1.3886742600384778,9.722222401980655,0.010431188947638588
1258299186,1258299216,1366.711,700,412.6108396244147,141.80356289612655,9.638058255286142,141.4617983914006
5962422539,2528017696,849.893,700,461.4234828172919,88.61147575503826,9.591229496611525,98.67847565897021
5962422539,4334275473,32.032,700,0.0,3.8438399999999997,8.333333333333334,0.0
1258299163,1487409312,22.682,700,108.11046941504912,1.814634702090276,12.499485419226593,0.5359083686656786
1258299163,4335662821,42.862,900,2391.5678511170063,4.40397413381193,9.732573057349025,25.557546421279334
1258299340,1258299163,15.506,900,2388.47103532572,1.589780048524086,9.753550508068964,9.221489107079103
6292469243,1258299163,474.62600000000003,700,111.20728520633604,37.97182965953182,12.499424027118422,11.535252167944504
1487409312,1487409326,15.568000000000001,900,1886.4545934517944,2.238344686013316,6.955139705372162,9.28762732291774
4335662822,1487409312,42.02,900,1778.3441240367456,5.30134055282055,7.926297052854582,21.429529741990592
4335662821,6287549938,57.525,900,2391.5678511170063,5.910564417141786,9.732573057349027,34.30072926797848
4335662822,4335662821,23.29,900,0.0,2.0961,11.11111111111111,0.0
1258299186,2528017696,13.798,700,0.0,0.9934559999999999,13.888888888888891,0.0
2528017696,2528017699,14.620000000000001,700,461.4234828172919,1.524309257486874,9.591229554102405,1.6974834581013682
1271066659,1258299192,9.406,700,1063.0228845292531,1.172220723942528,8.024086085395945,2.8419628369546563
1258299192,1271067361,11.867,700,1063.0228845292531,1.18313785507344,10.030107606744938,3.0876067237076437
6292221252,1258299192,3219.442,700,0.0,231.799824,13.88888888888889,0.0
1271066659,6292221251,3224.2130000000006,700,0.0,232.14333599999998,13.888888888888891,0.0
1271066626,1271066659,11.67,700,0.0,0.8402400000000001,13.888888888888888,0.0
1314927805,1271066659,1786.786,700,1063.0228845292531,222.67782037533212,8.024086085395945,539.8659801818906
1271067361,2832307511,13.145,700,1370.9856722806203,1.953832854977502,6.727801698345052,5.846360287986767
1271067361,5753070193,257.933,1200,2635.2465030013414,20.619014019137875,12.509473040786299,148.4995545184738
1271066626,1271067361,9.2,1200,3046.7970886831954,0.879785290052928,10.45709686672134,6.694570565939239
1487395429,1487395422,13.754,700,572.6307680236281,1.135964464205112,12.107773115617945,1.7450908650512955
1258299278,1305702049,66.439,900,1838.127730707901,9.00367758242106,7.379095862974555,36.92734618551201
1271066724,1258299278,969.7740000000001,700,43.01889181347712,69.82380004668815,13.888874557837788,8.77317768015074
1305702049,1305701383,26.099,900,1838.127730707901,3.536883174394668,7.3790958629745536,14.506040248885096
1305702049,1305701266,27.867,900,0.0,2.5080299999999998,11.111111111111112,0.0
1258299340,6292469242,474.65899999999993,700,298.4089285686355,38.063437938173,12.470208307799089,30.985648511158786
1487409326,1258299340,22.948,700,0.0,1.83583998,12.500000136177446,0.0
6300728523,1258299340,160.76,900,2686.8799638943547,20.594071898383806,7.806129880153337,125.26255638430604
6292469243,6292469242,14.494,700,0.0,1.73928,8.333333333333334,0.0
6292503284,6292504385,15.41,700,35.40430062729177,1.109520525210414,13.888882314347077,0.11473231400104578
1271066190,6004047212,138.643,700,131.2478527313459,11.092431567117401,12.498882608480159,3.976860198371047
1271066700,1271066190,46.775,700,45.99985355312633,5.613007571727102,8.333322091993455,0.5952050634080366
3042152193,1271066190,30.491,700,85.24799917821957,2.4393188325834956,12.499801007032287,0.5680580680476894
6004047212,5860029739,29.286,700,94.7398303941992,2.342936866247574,12.499696608088373,0.6063606956496123
6004047212,5860029738,23.107,700,0.0,2.77284,8.333333333333334,0.0
1271066487,1271067344,264.691,700,91.09698401711988,15.881789519056404,16.66632086279697,4.868781188967263
1305701179,1271066487,458.68,700,351.7231295142926,41.47154003416206,11.060114951655127,37.35967432361184
3373516712,1271066487,13.232,700,470.8999242460727,0.80568157113879,16.423361876451064,1.2607972115057835
1271067344,1272935509,15.268,700,91.09698401711988,0.916099007434902,16.666320862797075,0.2808427607782362
1271067344,4332972980,634.769,700,60.76059538941634,65.29079384959947,9.72218229513676,9.622576025252334
2832307511,1271066626,14.155,700,0.0,1.01916,13.888888888888888,0.0
6292221252,6292221251,9.589,700,0.0,1.15068,8.333333333333334,0.0
6292221251,6292221252,1837.318,700,0.0,132.286896,13.888888888888888,0.0
1271066672,1271066230,37.654,700,0.0,4.51848,8.333333333333334,0.0
1271066672,2528005398,26.72,700,451.23910249768966,2.78267269185759,9.602279160673726,3.0316920735496713
2528017699,1271066672,356.217,700,451.23910249768966,37.09713038901617,9.602279105271975,40.41692587223453
2528005398,3042152194,15.600000000000001,700,451.23910249768966,1.624614297599478,9.6022791520735,1.7699998643030208
2528005397,2528005398,14.647,700,0.0,1.17175998,12.500000213354275,0.0
1271066724,1271066859,10.036,700,739.2909623602076,1.3127071013448661,7.645269831875012,2.1849527341652273
1271066859,1271067158,12.03,700,234.16842006895573,0.8669446672771319,13.876318125104088,0.5925761173673983
1271066687,1271067429,39.192,700,0.0,4.70304,8.333333333333334,0.0
1271067429,4332973398,553.273,700,365.99110331947,57.215711045980804,9.669948863440114,50.69079751594689
3042152194,1271067429,25.317000000000004,700,365.99110331947,2.6181110270104737,9.669948958928822,2.319540105428389
1271066700,3042152193,31.9,700,311.49700566348645,3.290449948075914,9.694722759315479,2.4835138368717575
1271067232,1271066700,541.782,700,357.4968592166128,56.00038306473835,9.674612392805985,48.47127220909773
3042152193,2528005397,15.2,700,311.49700566348645,1.567863314930046,9.69472265551298,1.1833671026227996
3042152194,3042152193,14.484000000000002,700,85.24799917821957,1.158738436963524,12.499801109519888,0.2698420199234993
1271066726,4335620654,230.915,900,1798.661100555957,17.013044271371026,13.572820731947187,87.99749448819368
6290628124,1271066726,24.964,900,0.0,2.24676,11.11111111111111,0.0
4335724068,1271066726,519.685,900,1798.661100555957,38.288651287995364,13.57282073194719,198.04247417056897
4335724063,4335620654,24.25,900,0.0,2.1824999999999997,11.111111111111112,0.0
4335620654,4335620660,80.778,900,1798.661100555957,5.951452656400878,13.572820731947187,30.783022366530147
6290628124,4335724067,517.661,900,905.8389096515948,31.515100643502098,16.425808245252526,94.88069421918655
4335724063,6290628124,232.078,900,905.8389096515948,14.128863343274226,16.42580824525253,42.536953243532736
1271066729,5860029743,83.576,700,103.2639001105622,6.686309075001546,12.499571746162612,1.886124233310308
1271067063,1271066729,24.319,700,105.3159394345215,1.9455920884622941,12.499536847531392,0.5597324865970207
1305701494,1271066729,91.406,900,1471.1643775481875,8.316840923149678,10.990471122944546,31.24513901282331
5860029743,5860029738,29.215000000000003,700,103.2639001105622,2.337280048940754,12.499571890514414,0.6593174979771131
5860029743,5860029739,21.653,700,0.0,2.59836,8.333333333333332,0.0
1271067158,4274555078,11.839,700,147.69224752527623,0.852530194716936,13.886898168962661,0.36772166910636334
1271067158,6302568887,313.064,1200,2331.9960173777013,38.16308657281917,8.203319702735289,204.23137599065595
1271067036,2832348509,871.919,700,840.5220631375144,90.27290644099656,9.658700870231717,183.59552167581194
5802941963,1271067036,712.138,700,37.49673947156549,56.97107391143941,12.499992559504964,5.835683933465888
5802941969,5802941957,26.229999999999997,700,2.0520393239592907,2.098399980011208,12.500000119071629,0.011762996190944022
5802941969,5802941963,18.587,700,0.0,2.2304399999999998,8.333333333333334,0.0
4336098601,4336098602,13.12,900,0.0,1.1808,11.111111111111109,0.0
4336098602,1305701543,51.928000000000004,900,1904.9526361285093,7.63929683644233,6.797484259583137,31.837468453018314
2832348509,4346469261,13.013,700,1096.865728744869,1.681919468289372,7.7369935037586055,4.166473166842164
2832348509,1314927795,30.409,700,0.0,2.1894479999999996,13.888888888888891,0.0
2832348510,2832348509,12.52,700,256.34366560735594,0.90261273881925,13.870843454279184,0.6751976068746177
1271067063,1305701793,92.525,900,1489.0934025414597,8.560999941285468,10.807732815625625,32.30405284055791
5802941957,1271067063,84.582,700,2.0520393239592907,6.766560000036144,12.49999999993323,0.03793129042220403
1305701793,1305701995,23.166,900,1489.0934025414597,2.1434652757613524,10.807732815625627,8.088145777945035
1305701494,1305701793,26.466,900,0.0,2.3819399999999997,11.111111111111112,0.0
1271067151,2528005397,30.271,700,0.0,2.42167998,12.50000010323412,0.0
5860029738,1271067151,138.56,700,103.2639001105622,11.08517976850407,12.499571760999821,3.126990686778295
1314927804,4274555078,191.836,1200,2220.5495383113985,21.27273799599209,9.017927078128967,111.58633541003202
6302568886,6302568887,14.024,1200,0.0,1.26216,11.11111111111111,0.0
1305701546,1271067232,27.746,700,60.76059538941634,2.853885979174812,9.722182386565642,0.42060654006162035
4332972971,1271067232,43.253,700,296.73626382719664,5.202484227949638,8.313912758760353,3.556328606925525
1272935509,4332625719,431.95599999999996,700,316.119464760382,25.99533759344688,16.61667206464328,27.583335510146394
4332973397,1272935509,636.764,700,225.02248074326204,65.54631877192872,9.714717957169313,35.765678202181704
4332972980,1272935293,26.179,700,60.76059538941634,2.692708217315724,9.722182237070237,0.3968521126659343
4332972980,4332972988,39.939,700,0.0,4.792680000000001,8.333333333333332,0.0
5753070188,2832307511,262.405,1200,2424.8165297129444,19.49502433767722,13.460101175296344,135.19201522717947
5753070193,5753070201,25.579,1200,2635.2465030013414,2.044770384539886,12.50947304078633,14.726576688628574
5753070193,5753070188,17.796,1200,0.0,1.60164,11.11111111111111,0.0
4332973398,3743407940,22.333,700,365.99110331947,2.309526182477484,9.669948827357675,2.0461464477340443
4332973398,4332973407,40.833,700,0.0,4.89996,8.333333333333332,0.0
5802941956,5802941963,26.131000000000004,700,37.49673947156549,2.090481225071088,12.499992674706466,0.21413301393788606
5802941956,5802941957,18.428,700,0.0,2.21136,8.333333333333334,0.0
1272006099,1272006318,65.234,900,0.0,5.87106,11.11111111111111,0.0
1272006099,1272006450,280.97,900,1566.9712090247165,28.064222931075612,10.011679307495843,107.88018565576593
1305701246,1272006099,68.4,900,1566.9712090247165,6.832020672974238,10.011679307495843,26.262607035820153
1272006450,1305702059,33.553,900,1566.9712090247165,3.351385813454742,10.011679307495854,12.882883828550783
1272006324,1272006450,31.942000000000004,900,0.0,2.87478,11.11111111111111,0.0
1272006294,1305701700,24.65,700,296.73626382719664,2.223682222371138,11.08521701168048,1.69184873614926
1272006294,1305701870,92.116,900,1628.8690038819589,9.816662707283868,9.383637061468031,38.28824079733301
6131289426,1272006294,92.26,700,0.0,8.3034,11.111111111111112,0.0
1272006442,1272006294,14.196,900,1925.605267709155,2.142927362066688,6.624582919277793,8.974240436149545
1305701700,1272936268,14.253,900,1566.9712090247165,1.4236372902324779,10.011679307495877,5.472528334525497
1305701700,6131453007,87.371,700,296.73626382719664,7.8817581927297775,11.085217011680463,5.996694358056673
1305701870,1305701058,23.55,900,1628.8690038819589,2.5096878583148943,9.383637061468043,9.78861512416075
1272006361,1305701205,26.318,900,1409.1756953906931,2.2656122554576323,11.61628603332392,8.377611302918645
1272006361,1305701517,26.751,900,89.25619819040458,2.407606847377434,11.111033360425694,0.551597702534586
1305701205,1272936600,29.585999999999995,900,1409.1756953906931,2.54694141613989,11.616286033323899,9.41788920161681
1305701431,1305701205,27.913999999999998,900,0.0,2.51226,11.111111111111112,0.0
1305701517,1305701872,44.413,900,1656.2274072151208,4.875518963171964,9.109389243582255,19.139264088442047
1305701431,1305701517,26.896999999999995,900,1566.9712090247165,2.686562281300992,10.011679307495854,10.327271073720096
1272006384,6131289426,369.412,700,0.0,33.24708,11.11111111111111,0.0
1314927795,1272006384,404.761,700,0.0,36.42849,11.111111111111112,0.0
6131289425,1272006384,363.945,700,0.0439590368391087,32.755050000000004,11.111111111111109,0.0036959524673892664
6131289425,6131289426,14.521000000000003,700,0.0,1.7425199999999998,8.333333333333334,0.0
1314927795,4346469261,40.943,700,0.0439590368391087,2.947896,13.888888888888888,0.0003784903922514385
1272006479,1272006400,30.296,900,0.0,2.7266399999999997,11.111111111111112,0.0
1305701562,1272006400,24.911,900,1628.8690038819589,2.65472756851305,9.383637061468045,10.354318104372323
1272006442,1272935044,51.178000000000004,700,0.0235314677886974,4.60602,11.11111111111111,0.00027821130861912927
1272936268,1272006442,23.863,700,0.0,2.14767,11.11111111111111,0.0
1272936600,1272006442,52.634,900,1925.628799176944,7.9454889241550815,6.624387813314719,33.27463183919518
1272935044,6131289425,43.801,700,0.0439590368391087,3.94209,11.111111111111112,0.00044481010598886446
1272936421,1272935044,113.28700000000002,700,0.0204275690504112,10.19583,11.11111111111111,0.0005346126306639035
1305702059,1305701058,27.532,900,0.0,2.47788,11.111111111111112,0.0
1272935016,2832348502,8.728,700,95.17864642636232,0.785539421799156,11.110836398267411,0.19191209022485137
1272935016,1272936624,981.9519999999999,700,989.5688751109248,113.90804187825454,8.620567817762288,262.4871303480539
1272935250,1272935016,11.542,700,1084.7475215372874,1.4721036176799358,7.840480698084567,3.6191446208432363
2832348502,2832348511,22.881,1200,2256.9732096871357,2.6155796293145936,8.747965362459988,13.809469214818595
2832348502,2832348503,10.188,700,0.0,0.9169200000000001,11.11111111111111,0.0
2832348504,2832348502,11.483,1200,2161.794563260774,1.21391506861452,9.459475623040017,6.301734772673849
1272936624,6302568885,142.286,700,1049.788016660994,17.491556083200575,8.134553571060257,42.03860491963255
3737747681,1272936908,163.103,700,554.3708665743742,13.419542327255437,12.154140284556025,20.000355211852597
2832348504,1272935250,9.102,700,109.25200860995186,0.81921516180624,11.110634207418144,0.22973040244789356
1305701123,1272935250,2485.071,700,975.4955129273357,284.67418785954317,8.729526967952998,649.185901387589
1272935293,4332972988,27.755,700,140.9686225762082,2.498247199230594,11.109789298892414,0.9039266576490552
1272935293,1305701546,13.125000000000002,700,60.76059538941634,1.350005543652084,9.722182298965807,0.19896420634966078
3372557116,1272935293,14.4,700,140.9686225762082,1.036923355616514,13.887236623615564,0.4269019509141062
4332972988,6131453004,143.721,700,140.9686225762082,12.936428957687628,11.109789298892418,4.680714940154198
1305701546,3743407940,14.465000000000002,700,0.0,1.3018500000000002,11.111111111111109,0.0
4332972971,1305701546,29.737,700,0.0,2.67633,11.11111111111111,0.0
1272936421,1272936600,45.731,900,516.4531037862505,4.14807293501862,11.02463739582118,5.4786275527345
4332625720,4332625719,13.566,700,0.0,1.62792,8.333333333333334,0.0
4332625719,4332625721,108.44300000000001,700,316.119464760382,6.5261563553837885,16.61667206464328,6.9248248727342725
6302568885,6302568886,12.077,700,435.79523782124414,0.878993212116486,13.739582778939061,1.1106109379498412
6302568886,1314927804,124.42799999999998,1200,2207.176797603474,13.646685782885545,9.117818199935877,71.41402903766108
1272935740,3414621157,26.109,700,92.32206836419888,1.8805063228586818,13.884026702079888,0.506956125900596
1272935740,1382565400,871.702,700,584.5237924121367,72.18884013685205,12.075301367184599,113.03354303948872
3414621157,3737747678,53.804,700,1050.0689651484872,5.881023260187714,9.148748035776796,14.65835851570102
4166262964,3414621157,366.015,700,741.96445445049,47.932190329462024,7.6361000297335675,80.04501624625408
1382565434,3414621157,813.258,700,308.1045106979985,65.23727821686181,12.466154662316953,54.82171871236937
1382565400,4335724068,409.0539999999999,900,1798.661100555957,30.137729516841276,13.572820731947187,155.88301803855782
1382565434,1382565400,144.274,900,1214.137308143822,9.066117149934383,15.913538024494224,35.62848608309447
3737747688,1272935760,41.577,700,2.8137781062504583,2.494620000047112,16.666666666351908,0.02362211864886197
3737747678,3737747679,14.309000000000001,700,1273.8663615446717,2.052893616016548,6.970161477614852,5.754970197883652
1272936001,1272936747,350.023,700,431.8947517540285,31.83230637903787,10.995841640632621,35.1162460343549
4346469261,1272936001,398.53,700,872.6804224328307,42.135261096627566,9.458348889450637,88.29575286265991
4346589046,1272936747,30.99,1200,164.2427035690016,2.789170802683362,11.110829057218591,1.1758607272642827
1272936268,1305701431,81.022,900,1566.9712090247165,8.092748230492962,10.011679307495845,31.10890273766405
1272936533,1272936268,51.18899999999999,700,0.0,4.607010000000001,11.111111111111109,0.0
1272936533,1305701179,227.293,700,140.9686225762082,20.45880384272093,11.109789298892416,7.40249330920651
6131453006,1272936533,37.028,700,140.9686225762082,3.332916494077116,11.109789298892423,1.2059303289291736
1305701872,1305701179,56.495000000000005,900,210.75450693808463,5.085656002840302,11.10869472265681,2.750925317096237
6302568885,1314927805,90.342,700,1076.3956252371772,11.419251035957261,7.911376999728663,27.925385420662767
3737747679,3737747681,305.661,700,554.3708665743742,25.14871413158584,12.15414030318557,37.48139868828509
1273121532,1273122604,70.172,900,0.0,6.31548,11.11111111111111,0.0
1273121532,1273121876,343.06,900,1541.560573725611,33.399819847638916,10.271312886265505,127.62383625852581
1273121967,1273121532,22.431,900,1541.560573725611,2.183849352889836,10.271312886265525,8.344692680915845
1305702148,1273121876,30.561,900,0.0,3.66732,8.333333333333332,0.0
1305702148,1305702077,502.60400000000004,900,1588.0105989790886,51.300233426154,9.797304348010263,198.1771399077435
1273122171,1273121967,20.291,900,0.0,1.82619,11.11111111111111,0.0
1273122046,1305702077,23.493,900,0.0,2.11437,11.11111111111111,0.0
1305701408,1273122231,20.155,900,1511.560593030155,1.9053373336129802,10.578179330471235,7.228690955290551
1305701931,1273122231,25.022,900,0.0,2.2519799999999996,11.111111111111112,0.0
1273123017,2832348504,1417.228,1200,2271.002612833884,163.9383668616001,8.644882995549487,867.7237242693194
1305702027,1273123017,1134.027,1200,2143.954317882812,118.1924408227113,9.594750663462825,611.6407974056096
4346589044,4346589042,782.127,1200,1964.670984017183,71.31859405353043,10.96666318762467,357.4507664362798
1273122767,1272935197,57.286,900,0.0,5.155740000000001,11.11111111111111,0.0
1273122767,1305701026,735.805,900,1206.4643958207143,54.46090210976011,13.510701650095031,188.37340404346696
1305701202,1273122767,87.809,900,1206.4643958207143,6.49921834365888,13.510701650095042,22.479978031751358
1305701026,1305701189,19.974,900,1206.4643958207143,1.478383618948428,13.510701650095038,5.113542816866162
1305701026,1305701300,25.293,900,0.0,3.03516,8.333333333333334,0.0
4274555079,2832348504,10.17,700,0.0439590368391087,0.9153,11.11111111111111,0.00010327889267155432
3951045136,3951045137,12.821,900,0.0,1.1538899999999999,11.111111111111112,0.0
4361820078,1623019864,13.819,700,0.0,1.24371,11.11111111111111,0.0
1273984713,1273452700,18.197,700,0.0,1.310184,13.888888888888888,0.0
1273452700,1273889928,106.92,700,674.7368131730258,8.178972168014363,13.072547234985558,15.489731111173581
1273452700,1746707947,75.726,700,857.4198973266682,6.340093910115204,11.943987119683532,14.475520733811885
1575375282,1273452700,374.47,900,1541.4283257953318,43.743661835461495,8.560554473206675,156.68288711783765
1273984713,1575375153,356.817,700,1515.751313598672,66.54758760990536,5.361832228864884,209.20301394843477
1273586184,1273984713,111.24099999999999,700,1506.4796983030349,20.43802120131597,5.44284590490773,64.07512296428088
1577492137,1273889928,50.734,700,1506.4796983030349,11.651533243448508,4.354276723926184,34.60349511656845
1273586184,1273889928,18.181,700,0.0,1.63629,11.11111111111111,0.0
1746707950,1746707947,12.482,700,1634.2145814076175,2.82990338438049,4.410751288858049,9.147998663612823
1746707947,4355975715,866.424,900,2593.320775653403,95.25549047645247,9.09579065381206,585.2122041927653
1577492137,1746707947,83.656,900,959.106194245784,5.111860979084105,16.36507728639144,16.24384483407779
1273454909,1396409237,1118.92,700,1406.07711647524,175.4351472166146,6.3779693963971695,531.8791801889998
1403426785,1273454909,162.341,900,3460.637719799279,40.16578434429336,4.041773431048782,268.48782814748614
1396409237,2461138397,27.541000000000004,700,2148.943006213708,14.72343539008476,1.870555292995479,44.48990677334379
1396409237,1355562702,134.893,900,2936.589696597048,12.241114439996382,11.019666604803007,91.91084101657489
1452747128,1396409237,11.746,900,3679.455586335515,1.59488656334061,7.364787107740829,13.08748486014844
1575375286,1273455151,18.095,700,22.144026009373466,1.302840094382508,13.888887882726909,0.08426402696968917
1273892318,1273455151,804.8330000000001,700,545.1321947703789,59.4897464333166,13.528936468104726,93.05741196994046
1575374999,1273455151,516.143,700,0.0,33.78390546,15.277777775311122,0.0
1273834998,1575375286,1024.336,700,52.19827785692193,92.19044619767297,11.111086259455114,12.352121965712175
1575375286,3304660120,511.5439999999999,700,39.858428594289904,33.48290546112636,15.277766160224727,4.180771611728971
1273589838,1273892318,39.858,700,545.1321947703789,2.946129586310616,13.52893646810473,4.608511736345162
1273892318,1575375240,608.243,700,0.0,43.793496,13.888888888888891,0.0
1273456284,1578885822,9.293,900,2223.664340024725,2.472784751232072,3.758111172179356,10.39604485841877
1578885822,1804901861,171.388,900,2212.9233925063027,44.966749698706394,3.811438477282927,188.9399989835037
5729212742,4337438766,22.395,2000,0.0,1.3437000000000001,16.666666666666664,0.0
5729212742,1273530324,4.819,2000,264.14306803200327,0.28914343497975603,16.66646866921739,0.2570234216258455
1273963054,1273466380,46.859,2000,0.0,5.62308,8.333333333333334,0.0
3854579860,1273466380,153.793,2000,2894.903819284868,10.80913212387267,14.228061812690603,92.94963327432163
1273466799,1273607629,43.389,700,834.2055932573304,3.57981253497411,12.120467084825659,8.016114276717639
1273466799,1573127393,233.509,700,1022.3934174982526,18.622666048303476,12.538967266787918,52.10679145247433
4203543300,1273466799,11.289,700,1856.5990107555824,3.1020136738345796,3.6392489482630204,10.780730099605087
1273607629,4203543298,10.466,700,1721.3098784680703,2.288855621386788,4.572590731458538,7.8659351678914256
1273607629,1752613835,2145.747,700,0.0,154.493784,13.888888888888888,0.0
1573127258,1273607629,236.207,700,989.1445103106915,18.25991382059916,12.935822278281124,50.36517925774816
1573127393,1573127333,12.236,700,942.239868018412,0.908505498280122,13.46827291982689,2.449121738564394
1573127393,1573127003,674.036,700,1453.4909405839746,113.7893825598191,5.923540358834965,350.778669799298
1573127258,1573127393,44.663,700,1373.337391104134,6.66211853235873,6.704023619974083,19.95264508521274
1273469440,1273827778,28.863,700,153.18198279644773,2.598100912250226,11.10926825971576,1.0214787338353137
1273827778,4334049667,167.603,700,362.6792677581955,15.16290019145991,11.05349226623531,14.08102070299679
1273971486,1273827778,218.673,900,209.49728496174785,19.68474972304396,11.108751854945373,10.584352833199153
3638097998,4361881650,103.12799999999999,700,178.23953720666896,6.189561560312766,16.661600178799873,3.7117145546574433
1273712021,1273478211,21.117,700,0.0,1.90053,11.11111111111111,0.0
1273481823,4206191871,57.053,900,2240.650497295731,5.3023125464631065,10.760022065854464,30.045680324060523
1273481823,1836204790,36.46,900,0.0,6.5628,5.555555555555555,0.0
4206191871,1356144924,70.609,900,2240.650497295731,4.972381103052636,14.200238987444433,33.04891940935127
1273630658,4206191871,29.947,900,0.0,5.39046,5.555555555555555,0.0
1273630658,1836204790,56.089,900,2846.938021936454,8.180072894400965,6.856784862930914,51.05221700252892
1273906733,2520610551,141.82,2000,7691.452879452898,17.148476418502362,8.270122460965872,303.38366328687005
3638097998,1273488172,72.368,900,1268.5174874125412,4.58693831485293,15.77697257573003,18.70119961336987
4349027223,1273488172,27.322,700,3139.909490142913,49.6465192596017,0.5503306255395919,91.52060364014751
1273490631,3996617060,16.926,700,1580.699470578328,3.9010021458328863,4.338885078051194,12.144835505792882
1359845436,1273490631,19.818,700,0.0,3.56724,5.555555555555556,0.0
2848760384,1273490631,148.342,700,1580.699470578328,34.18896723040836,4.338885085363493,106.43915788549428
1273501112,4808012582,27.176,700,1018.8823105934252,3.239982149767998,8.387700531605077,7.624420037904179
4808012582,4808012581,8.816,700,2108.21875210895,5.515710858665724,1.598343391432348,14.942785501805476
4042528366,4808012582,369.042,700,1089.3364415155254,37.84379113404172,9.751718549890068,100.10825979008733
1273502225,1841915444,43.679,900,0.0,3.9311099999999994,11.111111111111112,0.0
1273502225,3952333321,48.82,900,3234.702168321555,38.286774179577705,1.2751139537381229,137.96194865188914
1273502225,3952257800,40.09,900,3.9149124568249496,3.6081000000934442,11.111111110823352,0.036257726026049916
1841915444,3952257800,32.569,900,1654.1451666621092,3.082432937227998,10.56600440731372,12.791203980051565
1841915444,1780348930,33.797,900,0.0,3.04173,11.11111111111111,0.0
1330652407,1841915444,61.75399999999999,900,1654.1451666621092,6.4640792534019536,9.55341009587711,25.768333055273796
1330652407,3952333321,85.664,900,835.8177104029281,8.124602624614806,10.543777210772989,17.020028827318168
1273511093,1324511710,51.747,700,166.5454669800491,3.7266476207222943,13.885670250188683,1.8124937314542442
1273511093,1324512621,175.236,2000,80.74485869716624,21.028322181339313,8.33333246888835,3.914120561220854
1324511297,1273511093,98.273,700,247.2903256772152,7.08362803747155,13.87325809319003,5.112361821484168
1324511710,1481183485,214.50000000000003,700,820.7090124439483,17.555012077584184,12.218732693091841,38.84874061171145
5463987597,4351664989,67.05,900,369.8565308441632,6.23370061665555,10.756050719030691,5.829747152296722
1273517214,4351533398,366.82,900,2161.743914457575,75.0020740883855,4.890798080700066,329.12176133842615
1273662037,1273517214,17.204,900,0.0,2.06448,8.333333333333334,0.0
4351533398,4351533399,27.359000000000005,900,0.0,2.46231,11.111111111111112,0.0
1273517712,1273598604,511.242,900,856.6372341304561,48.743606168186325,10.488390995036275,104.4175257665725
1273517712,1577564129,134.132,700,12.944545103258086,9.657504081693252,13.888888771402167,0.3651289132257292
1575375131,1273517712,215.235,900,869.5817792337142,13.728245650251521,15.678259661390646,38.17400901726691
1746796469,1273598604,10.651,900,0.0,0.95859,11.11111111111111,0.0
1746796486,1577564129,11.922,900,0.0,0.7153200000000001,16.666666666666664,0.0
1577564129,1577564036,602.851,700,12.944545103258086,43.40527236716711,13.888888771402167,1.6410575438153767
1746796469,1577564129,476.199,900,1184.9498097702988,52.173857832891464,9.127157158384298,146.62957834422605
1426482199,1426482206,159.245,900,557.5543341445419,14.484755027771339,10.993972607384983,20.626516045631664
1426482199,1426482205,59.996,900,3674.9523968267977,17.89895600210185,3.351927341066973,119.85193803357842
1273523603,1273901378,19.67,700,0.0,1.41624,13.888888888888891,0.0
1273523603,4328227157,320.859,1200,4114.989354599529,68.7473345438336,4.667220949423411,567.7175847303145
4263197795,1273523603,7.559,1200,4114.989354599529,1.349661122738328,5.600665139308112,11.632654743909427
1273901378,4015512212,8.49,1200,1862.1919740429616,0.86771616858504,9.784305406967812,3.92883509815106
4328227157,4112702961,334.832,1200,4114.989354599529,71.74119323435181,4.667220949423413,592.4409610776717
4328227151,4328227157,20.761,1200,0.0,1.86849,11.11111111111111,0.0
1273525541,1273658188,536.762,700,29.53984902072921,35.133520759883666,15.277774284804618,3.251196800882708
1273979931,1273525541,42.355,700,0.0,5.082599999999999,8.333333333333334,0.0
4332735078,1273897206,167.344,700,213.3426608558216,12.056288168756682,13.88022562646307,7.509304417671213
2053915219,4332735078,169.739,700,523.6820035973858,12.49813088582508,13.581150777714427,18.829063374786458
1273529670,2147110526,11.91,1200,0.0,1.0718999999999999,11.111111111111112,0.0
1617054471,1273529670,22.276,1200,0.0,2.0048399999999997,11.111111111111112,0.0
6016375927,1273529670,559.673,1200,4320.618875631013,114.2194843224333,4.899978347127569,1002.2149829829583
1273530324,4337307664,41.258,2000,0.0,2.47548,16.666666666666668,0.0
1273530324,2086871670,113.97,2000,264.14306803200327,6.838281237734543,16.66646866921741,6.078638589478643
4337307664,4337307663,128.821,2000,2535.58081401723,8.508922916147261,15.139518981366987,67.1112578184794
1825885291,4337307664,241.09300000000002,2000,2535.58081401723,19.109695648591696,12.616265817805818,133.0878085051138
2086871670,1825885289,257.867,2000,264.14306803200327,15.47220380741331,16.666468669217394,13.753446496034842
2086871670,5873968060,497.26899999999995,900,0.0,29.83614,16.666666666666668,0.0
1273749237,2166203835,11.694,700,1802.572524747579,3.200139764362236,3.6542153971611073,10.812054938924156
1273587737,2833265387,10.134,700,0.0,1.21608,8.333333333333334,0.0
1273587737,5589645925,582.219,700,0.0,41.919768000000005,13.88888888888889,0.0
1287275166,1273587737,518.484,700,0.0,62.21807999999999,8.333333333333336,0.0
2833304373,1273587737,11.827,700,0.0,0.8515440000000001,13.888888888888888,0.0
2833265387,2833304368,11.873,700,0.0,0.854856,13.88888888888889,0.0
2833265387,2833304386,414.679,700,0.0,49.761480000000006,8.333333333333332,0.0
2833304392,2833265387,582.856,700,0.0,41.965632,13.88888888888889,0.0
5589645925,5589645927,12.111,700,0.0,0.871992,13.88888888888889,0.0
2833304392,5589645925,10.775,700,0.0,0.7758,13.88888888888889,0.0
1575375167,1273589838,713.604,700,545.1321947703789,52.74649649529836,13.528936468104725,82.50921795129854
1575375399,1273589838,598.834,700,0.0,35.93004,16.666666666666664,0.0
1575375027,1575375167,19.113,700,806.7039213051613,1.551722912807508,12.317276391452612,3.3906840178866426
1575375167,1575375327,427.31800000000004,700,261.5717265347826,30.810289131686044,13.869327813627553,23.515860053644737
1273589867,4368053290,385.859,700,0.0,34.72731,11.111111111111109,0.0
2886412253,1273589867,35.712,700,0.0,2.571264,13.88888888888889,0.0
4368053291,4368053290,11.354,1200,0.0,1.02186,11.11111111111111,0.0
4368053290,4368053292,169.4,700,0.0,15.245999999999999,11.111111111111112,0.0
2886412253,4368053291,386.015,1200,1765.4225249384383,24.711237812799364,15.621030517542943,139.0934292691454
4366943117,2886412253,172.673,1200,1765.4225249384383,11.053880203747273,15.62103051754295,62.219550308125754
4343330532,4343330531,108.372,900,2451.3977841582823,11.616249026497933,9.329345449877291,68.04722967707808
4343330533,4343330532,10.752,900,0.0,1.93536,5.555555555555556,0.0
1273703037,1273597598,160.895,900,2268.442295817836,18.265066476543055,8.808892111431936,97.13648099680898
1354143297,1273597598,31.894000000000002,900,2149.5835497525827,3.737964661646952,8.532450915666885,18.65266682911251
4578541021,1273605928,301.413,700,369.11627390851385,27.278885997372775,11.04931484478615,25.777541058340006
4203543298,4203543300,43.427,700,0.0,3.1267440000000004,13.888888888888888,0.0
4203543820,4203543298,2140.655,700,0.0,154.12715999999998,13.888888888888893,0.0
1273607730,4341221941,110.061,700,1020.9601291499304,10.518423195429241,10.463640600411171,26.827372118839353
4337714452,1273607730,28.374,700,0.0,5.1073200000000005,5.5555555555555545,0.0
4337713696,1273607730,131.743,700,1020.9601291499304,12.590550940255259,10.463640600411173,32.11236028250018
4341221941,4341221951,20.535,700,1020.9601291499304,1.96251006549222,10.463640600411182,5.005406878552485
4341221941,4341221945,31.775000000000002,700,0.0,3.8129999999999997,8.333333333333334,0.0
4337714452,4337713692,134.428,700,1073.1488101099112,13.546367825756887,9.923545686128525,35.53887971105062
4341221945,4337714452,110.64,700,1073.1488101099112,11.149240755212766,9.923545686128527,29.250019722309645
1273614151,5016567036,226.775,1200,282.71767526211886,13.609532491281096,16.662952981322665,12.946048639606847
5579385525,1273614151,1508.828,900,0.0,108.635616,13.88888888888889,0.0
2887143239,1273614151,276.122,1200,282.71767526211886,16.57101237154677,16.662952981322665,15.763152210188608
5016567036,2887158611,369.488,1200,282.71767526211886,26.60906506169624,13.885794151102218,21.969016054497953
5016567036,5016567042,27.227999999999998,1200,0.0,2.45052,11.11111111111111,0.0
1273619601,1931880891,26.834999999999997,900,0.0,2.4151499999999997,11.111111111111112,0.0
1360728870,1273619601,173.25,900,1609.437778675166,18.084843411924233,9.57984518050998,70.21547828501761
1273622846,4334107399,66.761,700,0.0,8.01132,8.333333333333334,0.0
1273622846,3245299628,46.573,700,0.0,4.1915700000000005,11.11111111111111,0.0
4201360356,1273622846,604.6,700,0.0,54.414,11.11111111111111,0.0
4334107399,4334107396,287.785,900,827.2231601071352,27.237853918299844,10.56562682446324,56.524011981999166
3245299628,4334107399,58.068,700,827.2231601071352,5.963419997735406,9.73736547518893,11.972648104695159
4346571273,4346571271,4.68,900,2537.913474154136,0.36107505352728,12.961294208176074,2.558431316189139
4346571272,4346571273,17.669,900,0.0,1.59021,11.111111111111112,0.0
1273625915,1575375106,12.866,900,677.6895815647273,0.9478944709974719,13.573240897228859,1.8473052370373746
1273625915,4276378226,789.86,700,16.382991810727557,56.86992123432518,13.88888858743946,2.7212620679916433
1273885506,1273625915,15.493,700,16.382991810727557,1.115496024211122,13.88888858743951,0.05337719750258842
1575375105,1273625915,536.594,900,677.6895815647273,38.812241186020664,13.825380436759465,76.58270194272524
1575375106,1575375297,15.507,700,0.0,1.116504,13.88888888888889,0.0
1575375106,1273698611,429.154,900,1228.4981489517604,38.65869853671037,11.101097973913287,121.8527347858489
4276378231,1575375106,810.4209999999999,700,550.8085673870335,59.968466719902096,13.514119075034492,94.7144720454599
4276378226,4276378223,6.458,700,434.73243103496327,0.46997971783030196,13.741018505679056,0.5924146633158172
4276378231,4276378226,24.538,700,418.3494392242358,1.783040314276428,13.761887380520456,2.1650672451102846
1273628252,1273837364,36.171,700,1881.0122350029935,12.427073707818924,2.910661097732265,40.448316117946206
2460656207,1273628252,234.344,700,1269.9615101735735,30.09554532268905,7.78666734519437,86.46412309520625
2460656270,1273628252,7.063000000000001,700,611.0507248294183,0.5298961782170699,13.32902611935176,0.9201310779617623
1273837364,2953418856,59.732,700,5.288816848041573,4.300704001013784,13.888888885614929,0.06643433836381024
1273837364,2460656299,6.844000000000001,700,2046.2485690561523,3.09562415010174,2.210862710763859,9.712624971478261
3736694443,1273635294,274.578,900,132.2948751067896,21.966981863568066,12.499577853040602,7.938690289460521
4578541021,4578541020,16.801,700,0.0,2.01612,8.333333333333332,0.0
5396195308,1273645986,15.744,700,0.0,1.88928,8.333333333333332,0.0
1837272288,1273645986,61.53,700,992.5244499332651,9.542373767199317,6.448081106558775,20.471772117690147
5396195308,5396195309,20.872,700,992.5244499332651,3.236931988769448,6.448081106558775,6.944365799454391
5396195308,4362108510,11.946,700,0.0,1.43352,8.333333333333334,0.0
5396195310,5396195308,15.583,700,0.0,1.8699599999999998,8.333333333333334,0.0
3918871926,3918871925,11.485,900,4147.774444691641,3.141842623432746,3.6554981826083965,24.428337473108357
3918871929,3918871926,46.415,900,3452.580347935787,8.267623000937796,5.614068275093718,59.81949379299958
1273649710,4352904288,8.192,700,751.1725874866704,0.80800378436034,10.138566376251857,1.4964712006024419
1273649710,1366011892,209.381,700,969.0518152474812,13.222163826453187,15.83560775287761,41.305907447775844
1366011938,1273649710,7.029000000000001,700,593.4063089530443,0.424852164249846,16.544578541599243,0.84307978385328
1941643832,1273649710,86.004,700,1126.8180937811082,11.50003688955621,7.478584705941662,29.01107568327312
1366011938,4352904288,7.071,900,1315.850244348767,0.677393135026614,10.438546885660699,2.224439614812327
1366011892,6030015802,12.137,700,699.2877782381214,0.7385832370579559,16.432812702798483,1.7172006008238587
4349027223,1273650070,923.472,900,1109.6591575695147,57.23795554775839,16.133909591328266,207.93348473335033
4351514723,1273650490,27.581,900,3201.082284593828,5.43910992742395,5.070866441021317,35.64779429929704
1909514132,1909514141,59.46300000000001,900,213.5626693837413,5.371308436457154,11.070486959267049,2.939340852975729
3265079415,1909514132,289.43,700,153.76526753532983,26.053087257869663,11.109240034981806,10.282117062742262
1273652557,1575375199,19.366,700,853.8898790938022,1.348071306036918,14.365708930436686,3.4429640697366932
1273652557,1575374979,764.828,900,1630.6185831536316,52.95538953093133,14.442873648455796,259.27715324983325
1273844499,1273652557,36.423,900,2194.349595001272,3.2889031296852718,11.074512858481626,18.495930605670285
1273767984,1273652557,329.447,700,290.1588672461624,19.80903378664818,16.631149381049376,19.30744686347652
1575375199,1575375189,1267.317,700,960.087627932131,95.50400703348032,13.269778298995597,259.81743037462587
1575375199,1273834967,36.252,900,571.8293685473075,2.180185009317024,16.6279466398847,4.18710138427392
1575375087,1575375199,763.938,900,678.0271173856358,46.04725394271534,16.590305275323693,104.6544880594309
1575374979,1575375072,13.26,900,1609.3746648311003,2.768127331071042,4.7902420712957055,8.997812561323856
1575374979,1575375019,449.68399999999997,700,38.2331935295454,29.433880788885098,15.277767930955639,3.5253421627469
1575375087,1575374979,14.639000000000001,700,16.98927520701429,0.958189104050532,15.277777568245007,0.05099639391840146
1841171186,1841171184,10.836,700,0.0,1.30032,8.333333333333334,0.0
1841171184,4365493155,68.084,700,1356.5308955805583,8.252670292585249,8.249935788804168,25.73224809794934
1273657682,3401227675,388.413,700,1554.192728455619,64.27219989074007,6.043250435807163,212.8045991219098
3401227675,3811322002,246.172,700,1605.0708167646517,44.305581019506846,5.55623003548053,148.68282581180512
4343079853,1273661112,269.958,700,0.0,19.436976,13.88888888888889,0.0
4353203300,4353203299,29.065,700,1469.3257015193212,2.2276299280349043,13.047499332907412,9.175938500032787
4353203300,4353203307,36.27,700,1.122939290132942,4.352400000033359,8.333333333269463,0.01126677935963796
4331333365,1273688754,732.142,700,1199.8233690610152,85.6275065753237,8.55031320287201,238.64718001461964
1273689014,4337268535,77.62,700,601.490697938597,5.632174230747432,13.781533883709285,9.842299435917758
1273986850,1273689014,10.421,700,0.0,1.2505199999999999,8.333333333333334,0.0
2054187125,1273689014,79.441,700,601.490697938597,5.764307563318818,13.781533883709287,10.073204193361812
4337268536,4337268535,10.977,700,7.046116995494598,1.317240000978222,8.33333332714475,0.02139584637330606
4337268536,1273986850,77.497,700,1328.1249191099337,6.6129786933830275,11.718924798221988,23.1520024151824
1273698611,1575375282,22.782,900,1228.4981489517604,2.052229432938606,11.101097973913301,6.468654617902215
1273698611,4341767882,302.444,900,0.0,18.146639999999998,16.666666666666668,0.0
1575375282,6008202064,20.936,900,1011.1026950921166,1.284752835974724,16.295741417154492,4.288445492502525
4341767886,1575375282,301.495,900,1324.0328719356878,23.160550564318267,13.017609368254435,85.84512209733182
4341767882,4341767886,19.498,900,0.0,2.33976,8.333333333333334,0.0
4341767882,1752585667,54.013,900,0.0,3.24078,16.666666666666668,0.0
1577492075,1577492228,14.841,700,1307.2394131617605,2.00868719144538,7.388407743726859,5.860792738073873
1577492075,6300395390,1474.657,700,821.2253467269703,120.72476848413247,12.215032743623132,267.2830933938495
1273703037,1354143306,32.596,700,1335.9333380337223,2.3264951712885,14.010774835155628,9.1328444112161
1354143306,3023386390,11.722,900,2342.192697105376,1.397150542394796,8.38993339966631,7.558575576625733
1354143306,4399296533,69.183,700,1267.5152897477208,7.3790101546313815,9.375647756302085,22.389081908286492
1354143297,1354143306,160.355,900,2273.7746488193743,18.266590770157027,8.778594868506024,97.26688445141923
1273706034,1273945426,20.931,700,5.607579245204554,1.255860000374124,16.666666661701623,0.02369961267379212
1273706034,1273844499,572.393,900,2194.349595001272,51.68561428520291,11.074512858481603,290.6663703476224
1273709169,1273706034,291.64,700,443.31467392271,17.70202021060613,16.47495576947,26.14857721427649
1575375302,1273706034,18.864,900,1756.6425003237662,1.3665598303434479,13.804005928711547,6.982082653387627
1273945426,3977137857,16.864,900,1274.597526211429,1.070001464006622,15.760726099245446,4.379696533188986
1273945426,5049902695,1016.8300000000002,700,20.688502359668785,73.21176404083555,13.888888122308318,4.4238912424052925
1273834967,1273945426,570.129,900,1289.678449325893,36.268755959076834,15.719563159080899,149.8924991032308
1273844499,1575375268,324.69,700,0.0,19.481399999999997,16.666666666666668,0.0
1273834967,1273844499,18.439,700,0.0,1.10634,16.666666666666664,0.0
1273709169,1273804728,18.957,700,409.2173512134256,1.376435674655238,13.772528821405508,1.6357191750146378
1575375268,1273709169,608.926,700,409.2173512134256,40.193714459538334,15.149781705619306,51.18976689278376
1575375327,1273709169,16.165,700,443.31467392271,0.9811862457291419,16.474955769470064,1.4493613724755847
1273804728,1575375152,16.499,700,55.70452853273205,1.1879314460870578,13.888848598415557,0.19327494100742182
1273804728,5045615969,744.243,700,401.9159896966491,54.00676791535383,13.780550637032583,63.06000417273209
1575375302,1273804728,292.606,700,48.40316701595569,17.556389033788317,16.666639104252152,2.859782174993034
1273715373,3737964415,13.321000000000002,1200,144.9518407432075,1.19890846356534,11.110939996524607,0.446073595464716
1273715373,1273815400,35.06,700,117.67705686898528,3.155582303802882,11.110469201753414,0.9531457132945436
1305383171,1273715373,427.769,700,262.6288976121928,38.55439181433155,11.095208090949276,25.972893292777233
3737964415,5588806854,23.808,1200,144.9518407432075,2.142752999066412,11.110939996524582,0.797246465041962
3737964415,1273815400,25.148,1200,308.6242763643148,2.26403632084668,11.107595654912206,1.7932794044198148
1273815400,1305382821,325.004,700,426.3013332333001,29.541413009240124,11.001640304014689,32.174895082593395
4040964440,1273718055,153.371,700,677.2881916718505,11.742785882725398,13.060870012593973,22.310651768665252
1273718055,1273933767,18.357,2000,677.2881916718505,1.1104695313758122,16.53084526979922,2.5133327945555113
7330263487,4040964440,41.06,700,666.0968235682702,3.131657579454696,13.111267422522493,5.865829795096187
7330263491,4040964440,33.213,2000,11.191368103580402,1.9927800012205918,16.666666656458215,0.07505284113277964
1273933767,2465749423,75.282,2000,6234.910257379086,5.204923574823384,14.463612946046858,97.54374532982685
4375920183,1273933767,228.02,2000,5557.622065707234,13.315327710000942,17.12462546668961,255.01529530766103
4328118507,1837869142,184.203,900,1038.9169156326263,18.707677187188597,9.846385425452285,47.37083301026408
8483202821,4328118507,246.133,900,1682.545834925618,41.72581780171245,5.89881787745089,148.7601531625508
1836204830,1836204832,12.045,700,1555.0565029464162,2.39515118625741,5.028910103508392,7.610934961551988
1836204830,1836213617,372.116,700,1568.7497031757612,63.06670775929543,5.900355563512884,209.6495175799355
1273741260,1577491930,33.47,700,738.3135769189298,2.62557755015154,12.747671459206456,5.357474445347526
1273741260,1577564000,448.7169999999999,700,82.55832114767806,26.92339682638149,16.66643339596416,7.4801457245984055
5380586773,1273741260,9.645,700,751.8513328500618,0.761295438100992,12.66919452986465,1.5760594398510708
4939211132,1273741260,18.284,700,69.02056521654568,1.097047500852468,16.666552711520964,0.25481558173276125
1577491930,1575375114,201.093,700,849.0312357820162,16.745417882190992,12.008837367615978,37.970059691543746
1577564138,1577491930,446.632,700,110.71765886308664,26.799133228984193,16.66591214662689,9.984935653336558
1577564000,1575375131,14.102,900,875.2090699086427,0.90085629991827,15.653994983749795,2.518067117972225
1577564000,1578886585,201.97700000000003,700,288.14319988334574,18.2156830497739,11.08808269490103,13.459387352659979
1577564138,1577564000,13.082999999999998,900,1080.7939486443108,1.3546104344896859,9.658127286557244,3.542446429781805
1273745057,5489599247,66.629,900,0.0,5.99661,11.11111111111111,0.0
5930011168,1273745057,676.383,900,1510.6279704201245,54.22272129108001,12.474161825427773,223.49077195491438
5489599247,4337456745,2.959,700,1627.346354819127,0.37746180893769604,7.839203675539036,1.3921082365171387
6577207939,6577207946,78.533,900,1621.9661187890752,10.844428956711553,7.241782883495805,39.06512443965966
4031954815,6577207939,261.343,2000,914.8780154800552,31.41477718615632,8.319110412636226,66.22109755250881
2166203835,4341331578,307.041,700,1537.605162711383,74.17003925749724,4.13969040698551,221.7698598956769
1273750841,4362005183,1001.6789999999999,700,0.0,120.20148,8.333333333333332,0.0
4362005184,4362005183,13.304,700,0.0,1.59648,8.333333333333334,0.0
4362005183,6986230279,685.278,700,0.0,41.11668,16.666666666666668,0.0
1273754397,3962797299,45.872,900,0.0,4.12848,11.111111111111112,0.0
3962797299,3812840429,64.03,900,2103.544244357633,12.135295122823013,5.276344691409928,52.74886074470548
4560358824,3962797299,1304.58,900,2103.544244357633,247.25071546669454,5.276344691409927,1074.732293461313
4272328367,1273754755,10.102,700,2759.5729824970986,1.902002345230698,5.311244765460427,10.862264303672617
1273754755,4272328378,528.968,900,1835.3642587722045,85.73397447649572,6.169876099060571,336.7715346927406
1575375072,1273754755,523.499,900,1595.7280930677089,64.6370499628425,8.099054649012302,235.84509997376944
3649829081,4272328367,1314.103,700,1710.1368189526925,137.31727418645522,9.569830218269955,566.2835504572807
4272328367,1575375400,526.422,900,546.1238902921519,38.2741138747354,13.753995761283692,60.64549053761395
1745492187,4272328367,520.327,900,2201.0649156741865,134.4110187097745,3.8711632795783673,564.3507333465224
4272328378,1577952874,30.488,700,53.5329423267316,2.195141431502742,13.88885452320429,0.34322381634061605
1745492187,4272328378,39.012,700,53.5329423267316,2.808870950071668,13.888854523204284,0.4391841879782243
1273757993,1575375042,12.025,700,21.63364865757959,0.865800057136122,13.88888797232941,0.05470687359200226
1273757993,5045616017,181.682,700,3.87224530617172,13.081104000886075,13.888888887948095,0.14794551163296454
1577277230,1273757993,11.103,700,25.5058939637513,0.799416101931672,13.888887117949245,0.05955358867273591
1575375042,1575375179,11.645,700,760.3623724139903,0.9228761790875221,12.618160771593208,1.9275680948037974
5045616015,1575375042,183.771,700,760.3623724139903,14.56400844200031,12.618160771593164,30.41915984114974
5045616017,5045616018,19.285,700,0.0,1.38852,13.88888888888889,0.0
5045616017,6013983550,748.695,700,3.87224530617172,53.90604000072127,13.888888888703056,0.609669999395424
5045616015,5045616017,11.564,700,0.0,0.832608,13.88888888888889,0.0
1273767984,1575375268,38.442,700,409.2173512134256,2.5374622883841362,15.149781802069649,3.2316521483050518
1575375240,1273767984,11.972,700,62.83285675439136,0.718323373178286,16.666588401584114,0.15189016148436224
1575375019,1273767984,814.833,700,636.5433617051967,55.97264339125902,14.557700880842239,107.60131239724589
1575375268,1575375399,14.545,700,0.0,0.8727,16.666666666666664,0.0
1757657109,1273770886,116.393,700,1077.25941265728,14.725719826490609,7.904061830010956,36.03113235853417
4344516896,1757657109,223.548,700,1082.7773830296892,28.451221282648184,7.857237402189737,69.85975717423884
1273782160,1746791729,37.498,700,807.3193712139434,3.0453943134085737,12.313019642448259,6.6582862894875365
1577564097,1273782160,10.097,700,138.87159510749936,0.727065461548848,13.887332756105113,0.2948818420914972
6290715357,1273782160,14.86,700,668.4477761064445,1.260307684192248,11.7907715602988,2.227882332801395
1746791729,1577563997,13.544,700,641.4623365041856,1.2811396419185999,10.571837414785538,2.062130962134845
1746791729,1577564030,373.621,700,807.3193712139434,30.343572157715755,12.313019642448252,66.34155372992227
1273786005,7058930528,36.006,900,0.0,3.24054,11.11111111111111,0.0
7058930528,3753463047,86.88,900,513.5800491051413,5.2206983221141385,16.641451897725755,9.011439717485942
6829179665,7058930528,237.39,900,513.5800491051413,14.264981292434118,16.641451897725744,24.622763288835017
1273787309,3987072569,967.198,2000,7343.04907896907,62.82459746655596,15.39521205073981,1453.893404658545
1273787309,3987072572,293.661,2000,1251.0877142655534,17.725003488157146,16.567613100680507,74.24561261108482
1918031821,1273787309,500.065,2000,8594.13679323462,81.678449849252,6.1223615399525055,1499.7573801279045
3987072570,3987072569,362.175,2000,54.65634723024683,21.730500473250707,16.666666303697035,3.997007146650813
3987072572,3986979194,100.524,2000,1452.794444044727,6.097008738280907,16.487429215714627,29.533476323272406
3987072571,3987072572,74.653,2000,201.706729779173,4.4791980941923315,16.666599339911777,3.0404911537697847
6302855149,6302855148,15.633,900,0.0,1.40697,11.11111111111111,0.0
6302855148,4266807053,548.016,900,2219.911725669357,50.27171794469841,10.901079621007721,283.90754865855706
1273790161,1804901961,117.99999999999999,700,0.0,14.16,8.333333333333332,0.0
1804901861,1804901961,264.409,700,830.8240115250186,27.212897734326145,9.716311823215962,54.828049078273665
7566579309,7566579308,0.831,700,3560.848165000607,0.30120828064974603,2.758888295525685,1.8165927768950096
1273794898,4170733726,106.511,900,3073.536091272797,22.57308667237201,4.718495150703626,139.60917130075728
1273797290,1273794898,20.8,700,7.441048775185173,1.8720000017290799,11.111111100848293,0.035755259813061734
7073438450,1273794898,8.315,900,705.4819883006849,0.768788297716014,10.815721343187658,1.3748296802577826
4170785949,1273794898,10.519,900,2360.6130541969264,1.269565400729178,8.285512502119534,6.8971662922252905
1273798790,1368904818,71.265,900,3926.815261347238,26.418092467899193,2.697583108492583,174.07764305294543
2886240611,1273798790,449.824,900,3926.815261347238,166.750747579882,2.6975831084925823,1098.776421927288
1482250956,1273798790,36.222,900,0.0,4.34664,8.333333333333334,0.0
1368904818,6007999010,123.497,900,2877.782949526078,18.477867124637502,6.683509474712859,115.88163138955271
1368904818,1368673245,986.0809999999999,900,1049.0323118211604,80.96708311491867,12.178788738139794,228.6059534195573
5489510270,1273803135,31.119,700,0.0,5.60142,5.555555555555555,0.0
4337713692,1273803135,16.862,700,1073.1488101099112,1.699191048575538,9.923545686128532,4.457825673875499
1273803512,2833317244,315.45,700,47.06708665531456,22.71243358198878,13.888868353154171,3.1223032411372866
1273803512,4106704670,462.375,700,4.373488890719478,27.742500003057952,16.666666664829563,0.4083177155946138
1408095109,1273803512,455.46399999999994,700,0.0,27.32784,16.666666666666668,0.0
4960891692,1273803512,315.091,700,1193.56460455136,36.55814489521398,8.6189001357465,101.6042658497592
2833317244,2833317269,9.778,700,47.06708665531456,0.704017040940516,13.888868353154205,0.09678199743807386
2833317244,2833317250,572.86,700,0.0,41.245920000000005,13.888888888888888,0.0
4960891692,2833317244,11.854,700,0.0,0.8534879999999999,13.88888888888889,0.0
4106704670,4232295999,8.449,700,405.3004932253924,0.511061347213368,16.532261823496004,0.69223231586202
4106704670,4232295990,689.476,700,1079.2017669820546,69.93013743293504,9.859497282716294,184.0346134465748
1408095109,4106704670,16.17,700,1480.1287713167274,2.8477458657404338,5.67817521729443,8.855710444804052
1575375152,1575375327,19.727,700,1165.1574782197697,2.00821247908431,9.823163736635564,5.697859762597722
1575375152,1575375027,425.232,700,56.59005188313996,30.616798600388236,13.88884597472604,5.060500601715162
5045616007,1575375152,765.024,700,1166.0430015701772,85.7606388902427,8.920455932926119,235.38978716897046
5045615969,5045616007,21.588,700,0.0,1.5543360000000002,13.888888888888888,0.0
5045615969,5045615973,293.649,700,401.9159896966491,21.175561050806593,13.867353941434986,24.83145191987548
1273812537,6292681697,111.522,700,1174.2556162595,14.032399357565053,7.94746480329303,37.4817796281608
5434261104,1273812537,9.944,700,0.0,0.715968,13.88888888888889,0.0
6290715358,1273812537,195.728,700,1174.2556162595,24.627727847111718,7.947464793141871,65.78283899035489
6292681696,6292681697,9.857,700,0.0,1.18284,8.333333333333334,0.0
6292681697,6129242512,95.17,700,1174.2556162595,11.974887854874966,7.947464824170056,31.985984472932405
5434261104,6290715357,196.24,700,668.4477761064445,16.643525154218814,11.790771376955377,29.421240389903474
6292681696,5434261104,110.54599999999999,700,668.4477761064445,9.37563767938781,11.790771335269667,16.573585637806943
1305382821,1918032377,937.0199999999999,700,651.16376669323,88.8998031187519,10.540180822991626,145.0685777993059
5463286185,1305382821,68.465,2000,224.8624334599296,4.107925629882882,16.66656268116323,3.108577794226615
4336045817,1273818292,25.521,900,0.0,2.2968900000000003,11.11111111111111,0.0
1273818292,7115200206,53.628,900,1778.3441240367456,6.765832726479307,7.92629705285458,27.349424583614258
4336045818,1273818292,81.213,900,1778.3441240367456,10.246020235987993,7.9262970528545775,41.417334577255666
4336045817,4336045819,81.594,900,2391.5678511170063,8.383600053059839,9.73257305734902,48.652476382293585
4336045815,4336045817,65.444,900,2391.5678511170063,6.724223862936587,9.732573057349024,39.022632354864534
7115200206,4336045810,117.623,900,1778.3441240367456,14.83959019144245,7.926297052854578,59.98585380395428
4336045815,7115200206,29.06,900,0.0,2.6153999999999997,11.111111111111112,0.0
1273822948,4352897781,24.295,700,788.972140543333,3.255744656572968,7.462194540026729,5.747545828871804
4351664990,1273822948,178.894,700,682.245490602375,22.868524209628067,7.822717301743606,35.339050294110166
4348865342,1273822948,26.772,900,106.72664994095788,3.212685956803026,8.333214126736827,0.7904129659192924
4352897782,4352897781,12.432,900,342.10582627772027,1.120569746790546,11.09435627332152,0.9833032697935232
4352897781,4361742955,122.441,700,1034.480778883386,19.762499425002154,6.195623203667046,43.79537358467713
4334049667,4334041326,535.836,700,862.9625585049878,56.283037069104665,9.52038176870408,116.90408630460925
4334049666,4334049667,27.066,900,573.1089362212758,2.464914206103342,10.980503878383363,3.605934850972711
1273828841,4041919695,103.047,900,1407.4639914695078,17.715741318237576,5.816691390380466,52.66906194626638
4041919695,4041919694,13.983999999999998,900,1407.4639914695078,2.404115855815638,5.816691390380472,7.147458560235507
4041919695,4041919699,17.359,900,0.0,2.08308,8.333333333333336,0.0
1273830970,6986230244,23.858,900,0.0,2.14722,11.111111111111112,0.0
6986230244,6986230249,389.118,900,2060.6750606321675,32.515654803482796,11.967097152179173,178.60818797559014
8742738164,6986230244,347.979,900,2060.6750606321675,29.077979026570706,11.967097152179171,159.7250670582134
1575375197,1273834967,1269.101,700,717.8490807785855,82.2379793604757,15.432054749753995,186.4029307667899
5380586773,1273834998,18.406,700,30.054251847548485,1.65654040719246,11.111108379900541,0.12779322984958302
4939211132,1273834998,9.556,700,394.1095731524389,0.69303292900698,13.788666598703212,0.7938074687781986
1578886585,5380586773,612.917,700,693.1917572249735,39.33325591579777,15.582666263685244,86.76007986245106
2460656207,4331313880,11.092,700,800.0419411908794,0.8971991602732019,12.362918392191125,1.948398171103366
3951181886,2460656207,36.907,700,1665.0202836604224,4.840912190931804,7.623976338413184,18.133947551401736
2460656299,2460656270,35.153,700,1431.1105989847454,5.729629737134364,6.135300466654855,17.52731689326622
2460656299,5463096109,552.536,700,683.9439908355523,42.40529639055179,13.029881807950504,81.23882919573352
5581167462,1273840842,31.688,2000,0.0,1.90128,16.666666666666664,0.0
1369163280,1273841800,52.224,700,0.0,4.70016,11.111111111111109,0.0
1369042879,1273841800,898.0539999999999,700,1452.0376908111443,70.0724220121582,12.816083335098357,282.11443681960526
1354143292,1273841800,88.083,700,897.8477255906712,9.479569179660611,9.291877967301627,20.310176678307407
1369163280,1354143310,103.797,700,1084.1046683522025,13.229372167006026,7.8459505628595965,32.51099843779877
1369042879,4677572057,960.218,700,897.8477255906712,89.76181802528083,10.697399196276983,203.28355610218892
1367680196,1369042879,957.6,700,1452.0376908111443,201.61230542579176,4.749710083308718,590.0447451243429
5670155602,1354143292,10.028,700,302.95658607119185,0.90481061733123,11.082982237297271,0.7027724566694047
1354143292,1354143310,130.0,700,373.78705868841615,11.7135922697445,11.09821795110473,11.2324455151481
4411897407,1354143292,33.999,700,601.0277541335047,2.466938162418954,13.781861466143242,4.30775883766701
1348442727,1348442734,14.775,900,0.0,1.3297500000000002,11.111111111111109,0.0
1348442734,1348442717,65.519,900,1998.4736719553664,10.844807236787682,6.04150895165263,46.16845832658462
1273847014,1577492134,13.004,700,695.556574927479,0.911194339523988,14.271379261193992,1.8867201373269942
1273847014,1577564046,278.411,700,1676.223257930252,67.7238578171193,4.110973724382592,220.3238012975752
1575375114,1273847014,11.442,700,2371.7798328577314,8.678097904606002,1.318491693200076,23.4406574325117
1577492134,1577491991,11.463,700,1017.2596910909624,1.091612136716514,10.500982550890125,2.7783259238041915
1577492134,1273981073,989.7809999999998,700,1102.85763055528,93.6612542411103,10.567667580577412,259.1512839536656
1577952874,1577492134,313.521,700,1424.560746718764,50.582482121311344,6.198213034466883,154.3780637436013
1577564046,1577564077,35.595,900,253.4604451437163,3.2050077012187983,11.106057556886356,2.084707474095964
1577564046,4272328375,37.414,700,1373.177389616162,5.579482412009658,6.705639920912298,16.709195448471807
1826853898,1273852834,258.379,700,0.0,23.254109999999997,11.111111111111112,0.0
1847810026,1273852834,55.89,700,501.3685725590131,5.125858903328958,10.903538519896163,6.538624260114874
1826853919,1273852834,76.597,2000,903.8091459796824,4.715562702144414,16.243448521035955,14.032031970569113
1826853913,1826853898,121.39,700,0.0,10.9251,11.11111111111111,0.0
1826853898,1826853924,65.314,2000,501.3685725590131,3.928508633062068,16.62564756771099,6.61434401610485
7330263487,1847810026,1250.926,700,0.0,112.58334,11.111111111111109,0.0
4356786037,1847810026,612.664,700,1167.465396127284,68.80089560709365,8.904884080271069,188.96344840016127
3854554750,1273971486,42.048,900,3084.915290435032,8.998936429684134,4.672552176421576,55.72699770073351
1367679477,1273864920,127.16900000000001,900,2878.981107934372,28.569407441789316,4.4512298779423105,163.08670214479153
1273865513,2833304391,13.353000000000002,700,0.0,0.9614159999999999,13.88888888888889,0.0
1273865513,1408095225,518.576,700,0.0,31.11456,16.666666666666668,0.0
2833304386,1273865513,14.599,700,0.0,1.75188,8.333333333333332,0.0
2833304389,1273865513,608.498,700,0.0,43.811856,13.888888888888891,0.0
2833304391,2833304400,15.361,700,0.0,0.9216599999999999,16.666666666666668,0.0
2833304394,2833304391,517.723,700,0.0,31.063380000000002,16.666666666666664,0.0
1408095225,2833317278,11.748,700,0.0,0.70488,16.666666666666668,0.0
1408095225,2833317251,176.161,700,921.3638403476932,15.437446777239007,11.411278208241795,36.98741199423209
2833304394,1408095225,11.994,700,921.3638403476932,1.05106542677553,11.411278208241827,2.5183043889329566
1623019864,1621906845,88.557,700,0.0,7.970129999999999,11.111111111111112,0.0
2887449499,4357680665,18.665,2000,0.0,3.3597,5.555555555555555,0.0
2887449499,1273953082,14.85,700,8.130691812754007,1.336500001759758,11.111111096481208,0.02789307569765722
1273882009,5579385525,24.181,900,0.0,1.741032,13.88888888888889,0.0
5579385527,1273882009,113.38700000000001,1200,0.0,5.831331420000001,19.44444447302568,0.0
5579385527,5579385525,128.965,1200,0.0,11.60685,11.111111111111112,0.0
1273885506,1575375241,532.963,900,1597.4606204002937,43.81562250694257,12.163766472005555,188.2566209637913
1575375297,1273885506,12.86,900,1611.272869043284,1.061839273197066,12.111060802337946,4.59062398676727
1575375128,1273885506,358.788,700,2.5707431677376382,25.832736000339917,13.888888888706134,0.19396511555723028
1575375241,1575375039,16.356,900,2006.687157471507,1.593503811572142,10.264173754227336,7.923825777546002
1575375105,1575375241,18.334,700,409.22653707121214,1.1093347507176,16.52702215281745,1.5167369995500573
2887298636,1577492137,10.657,700,1114.9754912560743,1.124579192041512,9.476433563254666,3.0129470072769737
4374900292,1577492137,491.909,900,1350.6104012927435,23.7400692852587,20.72062191939132,132.56116555037326
1575375240,1575374999,813.5790000000001,700,920.5816740774508,64.77537450056109,12.560004573851637,163.3556185519888
1575375399,1575375240,37.965,700,983.4145308318424,3.18521684655984,11.91912570756484,8.331677133745268
1273897206,2053915210,25.165,700,26.67479148267009,2.264850345475848,11.111109416243924,0.15507452312689676
1273897206,4325994662,332.137,900,2891.36413254947,60.313087002909704,5.506881118255091,363.8729900638891
2053915219,1273897206,10.602,900,2704.6962631763167,1.502733560684334,7.055142892511116,8.970225295180084
2053915210,2053915209,24.381,700,2248.352382773044,4.42505911760451,5.509756898614852,20.762042149700537
2053915210,4569344520,198.777,900,2285.0138317864653,71.66242794148147,2.773796614347458,277.9545927179221
2053915220,2053915210,27.326,900,2285.0138317864653,2.850556867770324,9.586197107295078,15.71693325617526
4086642103,3063638280,447.285,2000,2740.35652930167,26.168975603040433,17.092186059741383,246.7116928211362
4015512212,4263197795,19.514,700,1617.850124365326,4.30506182471823,4.532803661019946,13.874756093381324
4015512212,5728879653,14.43,900,1862.1919740429616,2.416463994018558,5.971535282842365,9.561010411716097
1836204832,1273912057,14.113000000000001,700,2680.598056537455,16.823255856567844,0.8388982561000667,37.18816429993212
1577491932,1273925987,80.775,700,0.0,5.8158,13.88888888888889,0.0
1575375153,1273925987,246.089,700,783.7226312546754,24.66544564590837,9.977074954687572,47.357216152545135
1577491932,1577492042,279.194,700,0.0,25.127460000000003,11.11111111111111,0.0
1575375357,1577491932,376.148,700,0.0,27.082656,13.88888888888889,0.0
1841059656,1273936570,12.882000000000001,900,0.076719514953844,1.15938,11.11111111111111,0.0002283135016734001
1273936570,5463987597,219.273,900,2867.146316826788,32.519129896669945,6.74289258958476,203.60041942151187
1841059656,4351514723,48.343,900,3201.082284593828,9.53347925098641,5.070866441021314,62.482191356764396
1841059656,4351474149,20.805,900,8.177522089468486,1.872450014771112,11.11111102345939,0.03930356093051824
4042528362,1841059656,232.96499999999997,900,3209.3365261982503,46.27281648736264,5.034597365898919,303.53995691050386
5463987597,4042528369,759.772,900,2497.2897859826253,84.20002721123285,9.023417511421437,496.8159471924386
3977137857,1575375302,18.147,700,47.51886965245372,1.088821672609692,16.66664106391747,0.17411928808832935
3977137857,5045615974,756.772,900,1227.0786565589744,68.10778125779527,11.111388244105864,214.52318572283497
5049902694,3977137857,1017.882,700,0.0,73.287504,13.88888888888889,0.0
5049902694,5049902695,9.469,700,0.0,1.13628,8.333333333333334,0.0
5049902695,1726146781,262.298,700,20.688502359668785,23.606821302950202,11.111110497846653,1.2536216870735124
1273953082,4357680665,12.314,2000,0.0,0.73884,16.666666666666664,0.0
4272187793,1273953082,45.456,700,0.0,4.09104,11.111111111111112,0.0
1306112713,4272187793,1258.642,700,0.0,113.27778,11.11111111111111,0.0
5589339743,1273953764,13.269,700,575.508318605233,0.986943572037132,13.444537637153562,1.6231663946625094
5589339742,1273953764,136.137,700,0.0,16.33644,8.333333333333334,0.0
5589339744,5589339743,10.329,700,769.6772497009287,0.822320029999644,12.560803121875155,1.7339140648739548
5589339742,5589339743,136.372,1200,2614.188372593601,9.27053088041746,14.710268673832308,73.7571081711449
1707800056,1273954830,1095.38,700,932.7831873980316,91.57848699627712,11.961106106115619,227.64371340209544
4119489646,4119489658,82.499,700,49.44608165307976,7.424910342320412,11.111110598840934,0.9423734200878173
4119489646,4119489651,53.218,700,0.0,9.579239999999999,5.555555555555557,0.0
4029988993,1273963054,29.134,2000,0.0,5.24412,5.555555555555556,0.0
5491349042,1273963054,35.17,2000,0.0,4.2204,8.333333333333334,0.0
1578885888,1941296720,186.149,700,1140.8778961818882,20.243797189508154,9.195359855535221,54.915449493405994
1938227611,1578885888,372.532,700,788.0570655633525,29.939046075920867,12.443015019761,64.28158617640521
1941296732,1578885888,185.718,700,1527.1232750839636,35.282433441785436,5.263752578359626,111.27697751548736
1273981073,1575375019,14.079,700,636.5433617051967,0.9671169943815779,14.557700962542599,1.8591771258435836
1273981073,1575375072,446.693,700,496.36852069763256,29.77282400746285,15.003380260066427,45.65117026410055
3304660120,1273981073,12.997000000000002,700,30.054251847548485,0.850712909112846,15.27777451214857,0.08009442061119482
1575375019,1575374999,12.835999999999999,700,38.2331935295454,0.8401750808862359,15.277768041466183,0.10062909049393576
1575375072,1575375400,13.270999999999999,700,510.0150924610243,0.886354492185198,14.972564721009066,1.3942369656484879
1575375153,6008202064,11.362,900,732.0286823439975,0.843963770163936,13.462663210996586,1.7670730325939565
1382565419,1382565434,23.049,700,146.2058489679659,1.84417384883664,12.49827938647975,0.7365050728483254
1278938933,6131431465,721.741,700,762.3891197109176,95.42434990946623,7.563488781267582,163.3400414893515
1278938933,1481195996,7.967,900,1600.817554905969,0.819580050925146,9.720832017576331,3.182203558106407
6131431465,1366011974,11.258,700,1137.376659533361,2.03209602733377,5.540092519530762,4.829169582829099
1481195996,1278939089,400.162,900,1598.9156743125352,32.9127774379495,12.158256797209713,141.50493328009878
1481195996,3725508764,16.95,900,1.9018805934345524,1.525500000000432,11.111111111107965,0.0074472408787596995
3725508769,3725508768,7.836,900,2439.075079098004,1.2488266886300041,6.274689731844456,6.543693753034901
3725508766,3725508769,40.529,900,78.00747992327624,3.64761294160659,11.111102150588657,0.7303731029325137
3725508764,3725508766,12.604,900,2289.9330175793066,1.813678154437908,6.949413802641412,9.133349456766474
1279155792,1804901985,12.049,900,1515.4188192072063,1.371969075341934,8.782267921743822,4.86961255883453
1804901861,1279155792,635.954,900,1382.0993809812842,64.20961691522758,9.904341912514678,216.78705621028237
1804901984,1279155792,13.375,700,740.8158827287983,1.050385935778446,12.73341497102941,2.149122601944355
1804901985,1804901988,13.736,700,0.0,0.988992,13.88888888888889,0.0
1804901985,1941643828,259.154,900,1658.333368112248,34.21781311414008,7.573657589850705,127.44717197802892
2833304395,1287275166,10.045,700,0.0,1.2054,8.333333333333334,0.0
2833304373,2833304395,518.163,700,0.0,31.08978,16.666666666666668,0.0
4346589042,1295957778,669.332,1200,1964.670984017183,61.03333243199331,10.966663187624672,305.90075064577496
1295957884,1295958059,12.969000000000001,900,2061.599688224936,2.327924586263106,5.571056758680679,10.040183229954653
1295957884,1330495156,468.244,700,0.0,42.141960000000005,11.11111111111111,0.0
1330494627,1295957884,323.058,900,2061.599688224936,69.58636696636476,4.642547298900562,287.51570216968383
1295958059,1870310382,62.823,700,1398.1484226857394,12.16358158264329,5.1648438885504495,34.96909004348885
1295958059,4375671185,109.282,900,1949.3040618325088,16.994852235484128,6.4303000982748415,71.56224921770878
6032936651,1295958059,467.726,700,1285.8527962933138,76.7668815122922,6.092809695872639,210.6726206071712
1330495156,1295958545,9.99,700,0.0,0.71928,13.88888888888889,0.0
1330495156,1330621636,1126.136,700,0.0,101.35224,11.11111111111111,0.0
6032936651,1330495156,11.425,700,0.0,1.0282499999999999,11.111111111111112,0.0
1870310382,1295958851,177.105,700,1246.9540515228302,27.549905255307017,6.428515755635266,74.20452013942099
1870310382,4375671185,48.508,900,151.194371162909,4.3659715327897795,11.110470976663525,1.694355531512865
4375671185,1295958817,132.52,900,2100.498432995419,25.016674265645868,5.297266878594771,108.68191037891934
4343066098,4343066099,18.903,1200,0.0,1.70127,11.11111111111111,0.0
1295958485,4343066098,287.335,1200,2531.506010771978,22.119112004524716,12.990349700350643,156.5483999559985
6129107407,1295958485,229.17300000000003,1200,2531.506010771978,17.641788349532572,12.990349700350649,124.86006390838584
1295958545,6032936652,11.5,700,0.0,1.0350000000000001,11.111111111111109,0.0
1295958545,1330621996,775.634,700,0.0,69.80706,11.11111111111111,0.0
6290567198,1295958545,1115.107,700,0.0,100.35963000000001,11.111111111111109,0.0
6032936652,6032936651,9.887,700,1285.8527962933138,1.622732449151922,6.092809695872649,4.453291456842468
1330685045,6032936652,831.0790000000001,700,1285.8527962933138,136.40324275399334,6.092809695872639,374.33367155468636
1330621996,1330622058,55.618,700,0.0,5.00562,11.11111111111111,0.0
1330621996,1330621806,145.752,700,0.0,13.11768,11.111111111111112,0.0
4375690411,4375690414,185.034,700,0.0,16.65306,11.11111111111111,0.0
1295958851,1295958817,13.964,900,410.58876531912085,1.2606980101772278,11.07640361710173,1.3266994145990365
1295958851,1330494890,735.403,700,963.1828858892792,83.34863170493617,8.823216229912592,188.30624484424982
1296147360,5043677860,181.543,2000,6854.181599295256,16.86121141420694,10.766901353661652,292.3559552767588
1296147498,1296147360,517.666,2000,0.0,46.589940000000006,11.11111111111111,0.0
5043677860,4274224271,997.4690000000002,2000,6571.477470957107,85.23745897385446,11.702237631297308,1475.4440839730871
5043677860,5588999065,139.407,2000,282.7041283381504,8.366506140480102,16.66251092860613,7.958063641667653
4365460941,4365460959,30.942999999999998,900,1629.8607405591,2.1419096237124537,14.446454536381516,10.484109872180994
4365460941,4365460950,32.774,900,0.115379100660492,3.93288,8.333333333333334,0.0010460502684680021
4365460959,1296147603,332.707,900,1630.855038830653,23.03784987454554,14.441755711222301,112.80661778317413
5056686922,1296147623,18.002,900,505.2343042205608,1.631819406226356,11.031858017689778,2.1090802704221274
1296147623,4365467384,174.857,900,2733.0463347472046,23.239754566358524,7.52404675792575,142.41517404836594
3958441183,1296147623,632.216,900,2227.8120305266443,58.28285222228734,10.847375787114292,329.57436269623713
4365467384,4365467381,65.484,900,2733.0463347472046,5.439644182994376,12.0382873947378,39.75762903202395
4365467384,4365467892,33.089,900,0.0,2.97801,11.11111111111111,0.0
5588806854,3986979208,149.628,1200,2671.1895794384136,14.552769256024098,10.281754446018011,96.39628217494267
4365467381,1296147751,56.63,900,2733.0463347472046,7.526534831850498,7.524046757925754,46.12323959783684
5588999065,5043677858,10.47,700,391.9997922174227,0.8396457956717039,12.469543769494086,0.8978613443804004
1296960942,4274224209,234.71600000000004,2000,7636.006697318194,27.872915182926967,8.42093474828822,492.1469516531425
4274224223,1296960942,298.656,2000,1988.15440297143,22.323136578353285,13.378765074152094,126.42564261301492
4274224271,1296960942,844.907,2000,5647.852294346762,69.74711009469962,12.1138639128248,1057.0828100905135
4077576808,4274224209,40.709,2000,78.40729118930444,2.44254022528206,16.666665129455136,0.6444997315685821
4365482787,4365475284,313.758,900,2733.0463347472046,41.700697788658836,7.52404675792575,255.54538954155223
1305383151,4365482787,30.954000000000004,900,23.9062680072579,2.7858616051759437,11.111104709038507,0.17095080292021492
1305383151,5043583248,30.282,900,1662.6739163869422,3.347867780728698,9.04516007899476,13.162409434538379
4365524355,4365524354,30.557999999999996,900,0.0,2.75022,11.11111111111111,0.0
4365524354,1305383348,251.614,700,0.0,22.64526,11.11111111111111,0.0
7087182428,1305070575,530.485,700,1098.9061350626278,68.72010644132402,7.719502012892681,170.44977099582235
4272035805,1305070575,35.584,900,0.0,3.20256,11.111111111111112,0.0
1840977018,4272035805,266.006,900,2335.3872367755625,19.23191741954057,13.831486179829623,130.81079705973698
1918032377,1918034549,38.864,700,1064.164940501032,3.87936781606659,10.0181271389227,10.129970786654697
1918032381,1918032377,186.017,2000,413.0011738078027,13.394174931885852,13.887902834326315,16.15625115557134
1305382957,4375709615,179.426,700,55.919890026643344,16.14838757373337,11.11107837737624,2.3179005877293983
1305702158,1305382957,559.616,700,265.9586129660599,50.44136118613169,11.094387360701527,34.41038683323568
4375709616,4375709615,11.262,900,253.68932828683137,1.020985988722374,11.030513762576577,0.6625600910917837
4375709615,4375725230,283.348,700,309.6092183134747,25.571917985282987,11.080435975239359,20.29581580423067
1305383414,1305383127,52.20199999999999,700,803.0609659845088,5.286885148634754,9.873866848323772,10.359161305737375
4375709616,4375725229,311.13,900,1485.1670240204849,28.68140757147435,10.847793966340772,108.12284906137512
1305383300,1305383151,56.51,900,1686.5801843942002,6.415428586991184,8.808452815543383,25.366419562105314
1305383300,1305383348,48.38,900,308.17205914883243,5.897971154320398,8.202820721590093,4.17099397209026
4365524355,1305383300,175.478,900,1994.752243543032,14.159134314727932,12.393271798931432,76.77377984647286
1305383348,1305383723,526.584,700,308.17205914883243,47.52134264019436,11.081000046379291,37.542377423001255
1305383723,1305701282,586.103,700,3.696473846928257,52.749270002967165,11.111111110486107,0.500499944780556
1359113397,4366930361,88.9,700,1883.1781538006155,11.191610200854461,7.94345035294498,47.93469184909596
1305702155,1359113397,52.165,700,6.820179264592179,6.25980000408054,8.333333327901132,0.09841718941385046
1305701300,3951045136,432.86999999999995,900,1479.995628344882,39.71093370844069,10.90052435377494,149.5126198844576
1305702027,1305701123,69.166,1200,59.69716836931614,6.224942757981737,11.11110618829612,0.9538694603739515
1305701177,1305701566,197.035,700,1921.4420500949332,60.37083371972347,3.2637448890427967,209.41728834570696
1918031808,1305701177,53.047999999999995,700,1893.6545315622868,15.513854112635874,3.41939531046595,53.89074996017231
1918034549,1305701177,190.242,700,27.78751853264661,13.697426460436013,13.888886394060936,1.1116887808077416
1305701566,1918031821,114.54399999999998,2000,260.5351418154988,6.872717276593915,16.6664792672466,6.025806403244139
1305701867,1305701765,29.698999999999998,900,1266.4511886613825,2.287349193592446,12.98402538763904,8.096395146829114
1305701567,1305701867,25.933,900,0.0,3.1119600000000003,8.333333333333332,0.0
1305701410,1305701219,171.784,900,1644.1515897383474,18.611236658183486,9.230122809945861,72.85186350990645
1305701567,1305701410,20.948,900,1644.1515897383474,2.269525599099024,9.230122809945884,8.883835728621513
1305701199,1305702158,16.664,700,1532.3658511479955,3.991173089089074,4.175213559531017,11.92112544323079
1305701408,1305701202,24.464,900,0.0,2.20176,11.111111111111109,0.0
1305701931,1305701202,23.709,900,1206.4643958207143,1.754831141566446,13.510701650095072,6.069739994246518
1305701219,1305701275,22.902,900,1644.1515897383474,2.481223757426292,9.230122809945865,9.71250744017998
1305701365,1305701219,27.335999999999995,900,0.0,2.4602399999999998,11.11111111111111,0.0
1305701256,1271066876,50.176,900,0.0,4.51584,11.111111111111112,0.0
1305701256,1305701292,237.06600000000003,900,1489.0934025414597,21.93485017109733,10.807732815625625,82.76890127748933
1305701995,1305701256,40.192,900,1489.0934025414597,3.718818801838914,10.807732815625625,14.032580294706332
1305701292,1305701969,26.165999999999997,900,1990.7262122280576,4.288470183594402,6.101476489238137,18.22612845434893
1305701442,1305701292,26.993,900,511.4650341043472,2.44769962992804,11.027905413702076,3.2020570745252135
1305701554,1305701266,25.942,900,1851.7493639954305,3.574327626360708,7.257868531322491,14.707978973170073
1305701543,1305701969,28.262999999999998,900,0.0,2.54367,11.11111111111111,0.0
1305701442,1305701570,271.557,900,1471.1643775481875,24.708403940307612,10.990471122944545,92.82581247298053
1305701543,1305701442,23.927,900,1904.9526361285093,3.519978728346084,6.797484259583145,14.669833378434921
3951045136,1305701408,394.846,900,1511.560593030155,37.326461167340696,10.57817933047122,141.6134809691218
1305701383,1305701958,58.91700000000001,900,1838.127730707901,7.9843115056443,7.379095862974557,32.746556318003115
1305701554,1305701383,26.384,900,0.0,2.37456,11.111111111111112,0.0
1305701958,1305701616,58.232,900,0.0,5.24088,11.11111111111111,0.0
1305701958,3951045453,634.234,900,1838.127730707901,85.95009629598941,7.3790958629745536,352.5125074221768
3737747700,1305701420,585.928,700,0.0,35.155680000000004,16.666666666666664,0.0
1305701570,1305701494,23.296,900,1471.1643775481875,2.119654356887892,10.99047112294456,7.963227342217488
1305701995,1305701570,26.856,900,0.0,2.41704,11.11111111111111,0.0
1305701872,3373516712,514.417,900,1445.4729002770357,45.721044794034626,11.251208329060706,170.66620898417213
1305701539,1758916489,15.298000000000002,1200,3432.8445096604346,1.79625242140689,8.516620391257733,14.306391109889777
1305701539,1359113341,886.776,700,278.6027992484436,79.95470799772403,11.09097915816593,57.12876421211751
2886048430,1305701539,329.545,1200,3711.447308908879,45.62596684121037,7.222751051980946,375.852318979531
1359113341,2832607564,458.334,700,1547.4198598596274,90.00615082864482,5.092251982562655,285.44127472244185
3743407940,3372557116,13.064,700,365.99110331947,1.350989589964842,9.669948678390613,1.1969219295155795
4336140535,1305701554,952.413,900,1851.7493639954305,131.22489004722405,7.25786853132248,539.9765005694951
1918021781,1918031821,783.845,2000,8333.601651419127,117.28320261971245,6.683352624174118,2129.9574967156627
5064825005,3958498123,280.225,700,0.7145164214468759,25.22025000000198,11.11111111111024,0.04625530446927768
6131453007,6131453005,18.578,700,296.73626382719664,1.675925692787466,11.085217011680474,1.2750980048754939
6131453006,6131453007,14.132,700,0.0,1.69584,8.333333333333334,0.0
3737747946,3987072571,398.308,700,201.706729779173,35.865597928945036,11.105572554209358,18.56501431064917
3951045453,3951045454,45.681,900,0.0,4.11129,11.111111111111109,0.0
3951045453,4336140529,251.058,900,1838.127730707901,34.02286738944698,7.379095862974552,139.54011467123647
4375725230,1305702155,99.983,700,6.820179264592179,8.99847000586578,11.111111103868177,0.15753041078341612
1306112713,7191906089,132.53,700,527.2348263692384,12.205381649965265,10.858324942291105,16.34141749884703
2840596712,1306112713,21.097,2000,527.2348263692384,2.5392783125340483,8.308266130523696,3.0835386418894486
1313333291,1313333288,19.809,900,2720.6735421497024,2.606783285749566,7.599020642908578,15.942635667638891
1313333291,4337472727,95.832,700,1174.9113226917862,10.86120204600531,8.823332776066575,29.932452175359295
4042114157,1313333291,695.869,900,2000.61148376368,75.09177744701442,9.266913417930649,358.156801308625
1313333288,4333033219,183.137,900,2390.761449313542,18.806361457081334,9.73803467608253,109.1250345716454
4337472728,1313333288,97.847,700,1024.2316759978153,9.380844688472514,10.430510604256945,23.970167541866555
4333033219,4333033216,19.488,900,2390.761449313542,5.381002371081378,3.6216300711429814,24.044756007036895
4333033219,4333033226,22.309,900,0.0,2.00781,11.11111111111111,0.0
4337472728,4337472727,15.408,700,0.0,1.84896,8.333333333333334,0.0
4337410468,4337410478,56.811,900,2575.8603221430308,19.9537509545778,2.8471338611634014,88.1672259234068
4337410468,4337410472,50.959999999999994,900,5.076763003091725,4.586400000335904,11.111111110297344,0.05976662896472968
4346469261,4346469262,15.795,700,224.2292653488787,1.1381061546028142,13.878318763254796,0.7449763447633451
2832348511,4344777737,883.071,1200,2256.9732096871357,100.94587294429746,8.747965362459977,532.9636724356043
2832348510,4346469262,17.124,1200,1886.359440554375,1.481272464782172,11.560331004004832,7.313970500017022
2832348511,2832348510,13.194000000000003,700,0.0,0.949968,13.88888888888889,0.0
1314927805,1314927804,36.678,1200,13.372740707923532,4.401360004910316,8.333333324036365,0.13568193446407995
1342138940,1317143479,1279.982,700,228.2591795913249,102.48230927881406,12.489784910268487,63.87254359466358
1975410127,1317143509,194.368,700,1453.6270547923775,36.46651032038449,5.330041133421803,109.79068743192812
1317288689,1317289054,11.292,700,750.6202175248565,0.989760449538576,11.408821200386724,1.93175022134491
1317788042,1755018130,48.961,700,805.9326992837412,3.9732683254009378,12.322600939633093,8.675859780911312
6277679142,1317788042,391.544,700,805.9326992837412,31.774460758578968,12.322600939633091,69.38136153381552
1755018130,3398706026,13.58,700,274.81971701060485,0.97944034297038,13.865060896731597,0.7852510737708489
1755018130,4354635090,513.995,700,531.1129822731364,37.894822924697856,13.563726132759022,57.85121386303951
1379749013,4274263633,272.569,700,8.824489542504292,24.531210044817897,11.111111090811395,0.5556591954002096
1324511355,1324511297,36.258,700,181.69322545552225,3.26429145863091,11.107464042198952,1.5221578767182797
7173048356,1324511297,24.787,700,65.59710022169301,2.230842444548844,11.111049128802467,0.3756231309398931
1324511355,7173048356,23.844,900,568.6102425942552,1.44712865817588,16.476765811586926,2.7420517306116996
1324512089,3952333346,30.557999999999996,2000,12.888243051176744,3.666960000246906,8.333333332772227,0.1089468305977779
4351572789,1330652406,11.079,2000,0.4907678271507129,0.99711,11.11111111111111,0.0012560851996226382
1324511527,1324512089,225.938,2000,78.97611110002046,20.33442193051821,11.111110056239601,4.122185183590352
4401434418,1324511527,987.292,2000,4687.289739191519,54.76620904002236,18.027393484155553,926.8430847933618
1481183485,885797701,60.66299999999999,700,820.7090124439483,8.274589725427266,7.3312396158551065,15.128191524640254
1481183485,4151736116,106.48600000000002,700,0.0,12.778319999999999,8.333333333333334,0.0
1324512048,5833578281,101.14500000000001,700,0.0,6.0687,16.666666666666668,0.0
5833584573,1324512048,268.276,700,0.0,24.14484,11.111111111111112,0.0
5833578281,1325975753,1142.221,700,1496.1754410476417,172.0011499955955,6.640775367078937,559.989016456566
1324512180,3117333121,235.85,2000,0.0,14.151,16.666666666666668,0.0
5833584565,5833584573,49.63,700,0.0,2.9778000000000002,16.666666666666668,0.0
5833584565,1324512519,16.934,700,2.314648392902814,1.219248000010542,13.888888888768804,0.008242740248315016
3117333121,3117335629,2890.678,2000,6664.667101407544,253.7948874281783,11.389819666158704,4394.415530874807
4401434418,3117333121,1510.696,2000,6664.667101407544,132.63563816454106,11.389819666158704,2296.563631380059
1324512346,1330652407,26.942,900,2489.962877065036,12.701157918887471,2.1212239208470467,47.50595054950412
3952333304,1324512346,44.354,900,349.90984846256504,3.998457755287662,11.092776944146815,3.588454333048158
1330621636,1330621974,10.511,700,0.0,0.756792,13.888888888888888,0.0
1330621636,1330621828,291.856,700,0.0,26.26704,11.11111111111111,0.0
6290567198,1330621636,7.677,700,0.0,0.552744,13.888888888888888,0.0
1330621974,6290567198,18.704,700,0.0,1.68336,11.111111111111112,0.0
1330621869,1330621974,272.357,700,0.0,24.51213,11.111111111111112,0.0
1330621828,1330621804,17.967,700,0.0,1.61703,11.11111111111111,0.0
1330621869,1330621828,6.228,700,0.0,0.56052,11.11111111111111,0.0
1330621804,1330621869,10.897,700,0.0,0.7845840000000001,13.888888888888888,0.0
1330621804,1330621955,479.74499999999995,700,0.0,43.17705,11.11111111111111,0.0
1330621955,1330621869,474.9510000000001,700,0.0,42.74559,11.111111111111112,0.0
1330621806,1330621955,18.503,700,0.0,1.66527,11.11111111111111,0.0
1330621806,1330622058,89.723,700,0.0,8.07507,11.11111111111111,0.0
1330685045,1330622058,10.502,700,181.2420947701877,0.756389818699878,13.88437514673503,0.4003153894025504
1330622058,1330685011,384.256,700,0.0,34.58304,11.11111111111111,0.0
1330684920,1330685045,367.955,700,1467.0948910635009,79.33746241525348,4.637846848114677,233.21660158180754
1330685011,3743407956,12.950000000000001,700,0.0,1.1655,11.11111111111111,0.0
1330685011,1330684880,833.819,700,0.0,60.034968000000006,13.888888888888888,0.0
1330684920,1330685011,11.723,700,0.0,1.05507,11.111111111111112,0.0
1330652406,3952333304,46.848,900,349.90984846256504,4.2232887432862025,11.092776944146824,3.7902310635938092
3743407956,1330684920,24.093,700,1467.0948910635009,5.194867529917248,4.6378468481146795,15.270583581988257
1330685051,3743407956,827.993,700,1467.0948910635009,142.8236898916291,5.797308560143346,442.27700331811405
1332056989,1870310453,729.526,900,1945.0646672535277,135.41654913362726,5.387273598887189,546.8667278277936
1332056989,6277751110,124.71999999999998,900,0.0,11.2248,11.11111111111111,0.0
4919930492,1332056989,116.47000000000001,900,1856.7935763694395,19.375830297200142,6.0110972388538215,76.55281738621753
1333868903,2833060263,119.428,900,3178.3612807908958,24.409414573037825,4.892702348212722,157.49992158101335
1342138198,1343053664,16.325,700,228.2591795913249,1.1763613306944,13.877538791897754,0.783825977974553
1342138198,6277679142,234.198,700,805.9326992837412,19.0055655577347,12.322600939633096,41.49974487796138
1342138580,1342138198,67.669,700,1034.191878875067,6.551361955342085,10.328997307929477,16.833398444320363
1343053664,1342138940,293.475,700,228.2591795913249,21.14748186986464,13.877538791897708,14.09086241262373
1343053664,1342138403,73.645,700,324.50297646538814,5.320154325331386,13.84264355816647,5.0308848966122595
6277679141,1343053664,235.867,700,324.50297646538814,17.03915867001071,13.842643558166463,16.1126991365231
6277679141,6277679142,15.888000000000002,700,0.0,1.9065599999999998,8.333333333333334,0.0
1975411580,1342138297,12.006,700,0.0,0.864432,13.88888888888889,0.0
1342138403,1342138580,15.114,700,0.0,1.088208,13.88888888888889,0.0
1342138403,6129302975,540.942,700,1125.347780442977,57.76716226307434,9.364178173345698,155.54844730076556
1342139095,1342138403,261.661,700,800.8448039775888,21.174334863743162,12.357460183934393,46.01765080994817
1344313590,1342138580,546.563,700,1034.191878875067,52.9153976621147,10.328997307929468,135.96348038131316
1344313590,6129302975,18.546,700,5.128954836226618,2.225520000463998,8.333333331595918,0.026313286040441673
1342138417,1342139091,9.683,700,0.0,0.697176,13.888888888888888,0.0
1342138417,1342139026,481.72700000000003,700,6.393374683046225,43.3554300218242,11.111111105518015,0.7114978584788028
3701913376,1342138417,9.934,700,6.393374683046225,0.894060000450048,11.111111105518049,0.014672251557683933
1343053257,1342138417,1737.513,700,0.0,125.10093600000002,13.888888888888886,0.0
1342139091,3701913386,10.396,700,657.2633266829117,0.988246631934852,10.519641215114543,1.6263738057672579
1342139091,4285188017,340.781,700,166.27769372791877,24.54188290430831,13.885690895386684,11.917020401587722
1342138992,1342139091,480.9940000000001,700,823.5410204108313,49.28871369753879,9.758704659075294,98.59693550107174
1342138992,1342139026,9.089,700,0.0,1.0906799999999999,8.333333333333334,0.0
1342139026,1343053842,829.39,700,6.393374683046225,74.64510003757476,11.111111105518013,1.2249867847219131
3701913379,3701913380,15.231,700,0.0,1.096632,13.888888888888888,0.0
3701913386,1342139077,1468.451,700,657.2633266829117,139.59135772521805,10.519641215114532,229.72780314089454
3701913376,1343053257,1731.8579999999997,700,0.0,124.69377599999999,13.88888888888889,0.0
3701913386,3701913376,10.392,700,0.0,0.748224,13.888888888888888,0.0
1342139095,1342138940,22.15,700,0.0,1.77199998,12.500000141083524,0.0
1342138940,1342139063,337.631,700,0.0,24.309432,13.888888888888888,0.0
1342139063,1979407238,825.131,700,0.0,74.26179,11.11111111111111,0.0
1343139805,1342138992,830.296,700,823.5410204108313,85.08260358385273,9.758704659075295,170.19888222887974
1343053842,1343446361,11.308,700,6.393374683046225,1.017720000512298,11.11111110551802,0.016701612705283874
1343139805,1343053842,13.149,700,0.0,1.18341,11.111111111111109,0.0
1979407206,1979407238,63.429,700,0.0,5.70861,11.11111111111111,0.0
3701913380,3701913386,339.727,700,0.0,24.460344,13.888888888888888,0.0
3701913380,4285188017,12.033,700,0.0,1.08297,11.11111111111111,0.0
2637042666,1343053257,168.678,700,0.0,12.144816,13.888888888888888,0.0
1343446361,1343446647,13.196,700,0.0,1.18764,11.11111111111111,0.0
1343446361,1343446678,552.331,700,6.393374683046225,49.70979002502285,11.111111105518015,0.8157780727911359
4351788447,4285188010,645.415,900,1577.4498859556893,65.16169638599108,9.90482193982224,251.10196754216497
1343446359,1343139805,115.336,700,0.0,10.380239999999999,11.111111111111112,0.0
1343446647,1343139805,11.713,700,823.5410204108313,1.200261756985056,9.758704659075324,2.400998568639214
1343446764,1343446359,10.563,700,0.0,1.26756,8.333333333333334,0.0
3738206009,1343446359,400.135,700,0.0,36.01215,11.11111111111111,0.0
1343446764,3738206008,399.837,700,0.0,35.98533,11.11111111111111,0.0
1343446647,1343446764,115.58,700,0.0,10.4022,11.11111111111111,0.0
1343446502,1343446647,552.59,700,823.5410204108313,56.625343147987195,9.758704659075295,113.27309818529376
1343446678,1343447164,10.243,700,6.393374683046225,0.921870000464046,11.11111110551806,0.015128636269917102
1343446502,1343446678,12.453,700,0.0,0.896616,13.88888888888889,0.0
1343446366,1344415653,19.504,700,627.2810235777906,1.633104057609936,11.942900949339565,2.7277189033007136
1343446366,3417542183,1135.887,900,1762.1341798893666,140.60324131131583,8.078668666570655,566.1294861271596
3738205972,1343446366,13.525,700,879.3127844401557,1.149195091332246,11.769107005426429,2.669708432112378
1343447266,1343446366,10.544,900,1510.102419027002,0.9953658422257919,10.593090050610925,3.7750149546406617
1344415653,3738205970,15.218,700,910.425191706357,1.469438983069794,10.356333386642696,3.3274846294592955
1344415653,1344415249,11.144,900,781.3181761060177,0.6961126340561641,16.008903523364115,1.7691044711343153
3417528548,1344415653,1161.251,900,1064.4623442345842,79.53773675014851,14.600000546254313,256.2385607275872
3417542183,4353260155,39.968,900,829.0579663332167,2.52299065657785,15.841517246921576,6.745210352030571
3417528548,3417542183,13.862,900,0.0,1.24758,11.111111111111112,0.0
1343446983,1343446502,9.024,700,823.5410204108313,0.9247128912347939,9.758704659075326,1.849791776948714
3738205973,1343446502,518.512,700,0.0,37.332863999999994,13.88888888888889,0.0
1343447164,1343446983,12.448,700,0.0,0.896256,13.88888888888889,0.0
1343447164,3213073660,1172.349,700,6.393374683046225,105.51141005311219,11.111111105518015,1.7315280291321966
3738206008,1343447350,13.740999999999998,700,263.91189660339705,1.238497468906272,11.094895504416975,0.8384018744863599
3738206008,3738205973,551.317,700,875.9908724743369,46.73699099399864,11.796159493254349,108.29625158519022
3738206009,3738206008,10.212,700,1139.902769077734,1.109278683011778,9.205982370700232,3.0077579964733507
1343446983,3738205972,518.045,700,5.312915472250784,37.29924000895377,13.88888888555483,0.578798534514432
3738205953,1343446983,1105.441,700,828.8539358830816,113.63668528707593,9.727853265055801,228.51202470852783
3738205972,3738205953,1181.457,700,79.82695816829433,85.06594469352784,13.88871897275115,19.833355302629908
3738205973,3738205972,10.31,700,953.8268271361997,0.9274357662755459,11.116672846685155,2.271207977596308
3213073660,3738203663,843.734,700,86.22033285134056,60.749859465192245,13.888657643454025,15.298348032098277
3738205953,3213073660,74.347,700,79.82695816829433,5.353049489003586,13.888718972751159,1.2480779805652036
1343447266,3738205973,12.950000000000001,700,77.83595466186262,0.9324103109197139,13.888735300692177,0.2119720289469573
1343447350,1343447266,551.119,900,1367.2197164587003,45.806456332875854,12.031469887017984,167.4300188411912
1344415249,1343447266,19.582,700,220.71865723016305,1.410912137661138,13.878964874780214,0.909118116656682
1343447350,1344415750,17.651,700,510.7347797280928,1.6211562439651082,10.887907976610736,2.10521406230091
1344415750,3738206006,18.163,700,594.7123505272937,1.696277280438294,10.707565449032566,2.5456317245480125
1344415750,1344415753,10.387,900,1162.7649953026971,0.74882456247846,13.871072772534466,2.5408779310624308
1344415249,1344415750,548.676,900,1246.7425661018974,41.689974551929105,13.160861955350159,146.50821236472893
1344415161,1344415894,11.973,700,0.0,0.9578399999999999,12.500000000000002,0.0
3738205970,1344415161,947.7220000000001,700,700.0201815847615,81.30289481185466,11.656682116831762,149.61150604388968
1344415907,1344415161,10.527,700,510.7347797280928,0.773481923073852,13.609884970763412,1.1380800359985384
1344415894,1344415842,20.923,700,2105.9061794442823,10.433067666786965,2.005450426302428,32.066658806188556
1345379671,1344415894,1064.44,700,0.0,76.63968,13.88888888888889,0.0
1344415238,1344415679,12.797,700,0.0,0.921384,13.88888888888889,0.0
1344415238,3738206007,947.509,700,952.037543790905,106.38231227668169,8.906640396532232,238.28179123311668
1344415942,1344415238,27.733000000000004,700,952.037543790905,3.1137442139010902,8.906640396532248,6.974360049633315
1344415679,1344415942,15.172,700,0.0,1.36548,11.11111111111111,0.0
1344415679,1344415907,553.707,700,510.7347797280928,40.684179270395596,13.609884970763378,59.8615828339169
3738206006,1344415679,947.03,700,510.7347797280928,86.97997834243277,10.887907976610704,112.95115706876848
3738206007,1344415753,17.759,700,710.9075258900905,1.7213050345429621,10.31717193850847,3.038800629791162
3738206006,3738206007,11.073,700,765.2206901300453,0.879616453108896,12.588441201689493,1.846376666610514
3738205971,1344415249,15.817,700,686.1430472260423,1.34985806709501,11.717528224311243,2.4413397118169127
3738205970,3738205971,11.414,700,213.51753090350937,0.8223226104892261,13.880197205339453,0.5126058319954332
3738203652,3738205970,2133.802,700,3.1125207819136183,153.63374400434418,13.888888888496165,1.3966687231697579
1344415842,1344415942,555.005,700,952.037543790905,49.85089553776879,11.133300495665292,121.93840375167402
1344415907,3738205971,947.406,700,1153.868635653378,116.2711008185964,8.148250023693523,307.29240615609507
1344415842,1344415907,15.051000000000002,700,1153.868635653378,1.8471450871333859,8.14825002369353,4.881812026792509
3738205971,3738206006,548.385,700,681.2431193308444,42.04584723921998,13.042548456211664,80.28078829694188
2381102758,1345485748,21.659,700,0.0,1.5594480000000002,13.888888888888888,0.0
1345485748,1345485911,221.95500000000004,900,0.0,13.317300000000001,16.666666666666664,0.0
4351793597,1345485748,1103.971,900,0.0,66.23826,16.666666666666668,0.0
2381104245,2381102758,2416.054,700,0.0,173.95588800000002,13.888888888888888,0.0
2381102758,4351793596,1105.023,900,0.0,66.30138000000001,16.666666666666664,0.0
2381102752,2381102758,221.918,900,0.0,13.31508,16.666666666666668,0.0
3738203652,1345486038,15.51,700,1057.5370582230323,1.537544279479794,10.087514361048246,4.000881585315898
1345486038,3417528548,962.2010000000001,900,1064.4623442345842,65.90417561640821,14.600000546254313,212.316716515762
4351793598,1345486038,225.589,900,7.251416440467764,13.53534000412626,16.66666666158582,0.3303061172941128
1348442717,1348442712,14.041,900,0.0,1.26369,11.11111111111111,0.0
1348442712,1348442727,65.492,900,1966.2523961734623,10.405310646839977,6.294093681853649,43.98356190483779
1354143312,1354143297,16.027,900,2408.1048567521807,1.9990623052835579,8.017258870641676,10.976561236456154
1354143312,1830390034,253.744,900,2479.3113998152976,33.30388794496496,7.619050376920398,185.7373329391782
4784711934,1354143307,1038.358,900,3031.433864075643,212.26193544109992,4.891870969904218,1306.2376469637964
1354143290,1354143314,1063.817,900,2880.0048715364446,191.35825219568866,5.559295132525087,1152.397900096662
1354143290,1354143307,32.057,900,1690.842860082893,2.718969396716832,11.790129024147523,12.157470961576827
1368903865,5670155602,15.406,700,302.95658607119185,1.8534120955464601,8.312236677972955,1.2934436130924996
1368903865,1368673193,290.311,700,0.2825783845515197,23.22487998000001,12.50000001076431,0.017928188841145276
6129215359,3023386390,69.534,700,715.729151517995,6.752836042722522,10.297006999738466,11.992568512431182
6129215359,4399296533,12.229,700,0.0,1.4674800000000001,8.333333333333332,0.0
4399296533,1830390037,184.849,700,1267.5152897477208,19.715864418621,9.37564775630208,59.82104565666208
1355562702,3725525239,247.534,900,833.0454522394133,23.460960996589243,10.55088919997721,48.999114035099154
1355562702,4560358824,845.51,900,2103.544244357633,160.24540651722768,5.2763446914099275,696.5436396729023
3725525239,5930011169,503.619,900,2131.4594129294983,107.97886075734279,4.664051801136945,461.7958935467648
3725525239,3725525245,49.0,900,2087.6266748189264,3.32479988597223,14.737729090625118,21.15362125053172
4560358824,4560358828,25.65,900,0.0,2.3085,11.11111111111111,0.0
1355562707,3725525245,121.22599999999998,900,14.971833754996464,8.728272048353118,13.888888811946847,0.38167859266948195
3672981193,1355562707,251.78400000000002,900,45.95810413565077,15.107047430602607,16.666658468944554,2.336501766857299
1356144907,1356144924,828.051,900,136.88436872769765,74.52747477046098,11.11068102804147,26.185579959875238
1356144924,1452747128,293.678,900,2377.534866023429,21.500454610604642,13.659153042054728,147.62204570322535
1358245401,1358245415,178.758,700,537.5975731703616,16.168193531326267,11.056151675426946,22.258569898148387
1358245412,1358245401,73.222,900,1.8184084831309224,8.78664000016947,8.333333333172606,0.03683231297705354
5729018831,4357807520,53.997,900,2333.119176812744,5.330558786917877,10.129707251802207,30.65289225339154
5729018831,4357807521,72.054,700,608.5750814071667,6.752857895002272,10.670149012513132,10.35422454442035
1358245426,4337568354,8.883,900,889.8697229735866,0.81038789955801,10.961417371662183,1.8392735489702166
4337456745,1403426785,225.08099999999996,900,1627.346354819127,23.351377050191154,9.638874808805225,91.87926096518528
2832607565,2832607564,15.744,700,0.0,1.88928,8.333333333333332,0.0
2832607564,3672903098,128.25,700,1547.4198598596274,25.18532084413048,5.092251982562655,79.87154233190897
4366930361,4366930358,8.055,700,1883.1781538006155,1.01404297151724,7.943450352944984,4.343238952131248
4366930360,4366930361,10.967,700,0.0,1.3160399999999999,8.333333333333334,0.0
1359113572,1385874445,475.032,1200,4542.398483378068,54.95866098184961,8.643442025577766,581.8115366780122
1359113572,4145381538,62.791000000000004,1200,15.735877224915646,5.651190012087738,11.111111087344755,0.2282605241819111
6027747367,1359113572,47.904,1200,4558.134360602982,5.579399197048782,8.58587068395084,59.14897206243483
1385874445,4080347306,10.336,1200,4914.506119635844,1.408919457884172,7.336118429027849,15.427262293871223
1385874445,3672903087,16.067,700,22.64846573156884,1.446030022643394,11.111110937122147,0.08406515847033086
1385874449,1385874445,28.568,700,1420.6091794302015,3.194323511242074,8.943364659045345,10.690548944466455
4145381538,3672903087,423.2540000000001,700,15.735877224915646,50.79048093825366,8.333333179391486,1.8424172524301459
6027747368,4145381538,145.432,700,0.0,17.45184,8.333333333333332,0.0
1359113688,4145381543,46.154,1200,0.0,4.15386,11.111111111111112,0.0
1359113688,4145381532,320.037,1200,4470.250675648742,35.92083354617063,8.909509284873424,377.82511630037885
1385874449,1359113688,285.267,1200,4470.250675648742,32.01826171103796,8.909509284873426,336.77680221868155
4145381543,6027724296,297.848,700,595.7700561757117,37.09840036574249,8.028594145936266,50.41589490703409
4080300410,4145381543,115.667,700,595.7700561757117,14.406880942978752,8.02859414593627,19.57862841520478
4145381532,6027724296,27.868000000000002,1200,171.44968889105206,2.5081956025436343,11.110776197732843,1.1038036075521478
4145381532,4145381535,75.984,1200,4298.800986757694,7.95360453996903,9.553404323556657,82.39811382644203
1359113888,4363580978,21.592,700,0.0,2.59104,8.333333333333332,0.0
4363580978,4363580972,36.347,700,1110.9032078778985,2.8541841882747603,12.734637151069883,8.757603605294053
4080311057,4363580978,128.554,700,942.6745958723764,9.690873102326357,13.265471402070034,25.88034618979206
1359114007,4080421221,14.081000000000001,700,659.7431362823996,1.071700154520174,13.13893624127021,1.9908730102891856
1359114007,4363567286,152.311,700,1153.716397978827,12.122688220331003,12.564127463458037,38.32159995416922
2534600449,1359114007,557.886,700,991.39253317004,51.85833406119565,10.75788511334869,130.00737749608766
3063479185,1359114007,16.55,700,822.0670010911851,1.2239868294753722,13.52138732333721,2.886229256975922
4080421221,4080394043,16.105,700,2556.208196796117,4.10592940858212,3.9223762508770115,20.098725764857832
4363567282,4080421221,151.903,700,1896.4650605137183,19.356535548536808,7.847633664562593,83.21799559996373
4363567286,5759473462,113.003,700,1824.1209364324536,13.497219124247353,8.372317212883761,56.833481700555154
4363567282,4363567286,14.523,700,670.4045384536282,1.848821919079956,7.855272511712321,2.8105409053252446
1359114086,4080500313,16.991,700,0.0,3.0583799999999997,5.555555555555556,0.0
4080500313,4080448604,24.199,700,1664.0819477241266,2.537457436602768,9.536711690580482,10.16958842742191
4363559471,4080500313,122.205,700,1664.0819477241266,12.814165297741278,9.536711690580484,51.356442570895304
1359115433,2477162037,14.791,700,1095.310778055739,1.0510651423539479,14.07239133330435,3.393257166709346
1359115459,1359115433,17.562,700,1.0435554669163425,2.10744000000075,8.333333333330367,0.005069737426880282
2477161994,1359115433,613.606,700,1094.2672225888225,57.51320625882168,10.668958312611581,158.55695320129354
2477162037,2477162063,17.162,700,0.0,2.05944,8.333333333333334,0.0
1359115459,2477162001,614.372,700,947.5348384737036,42.142568031958575,14.578418655789898,120.72131277910322
2477162063,1359115459,14.605,700,948.57839394062,1.0020256800549239,14.575474751504828,2.873130282864268
2477162001,4374934043,12.725,700,947.5348384737036,0.872865578481618,14.578418846731942,2.500404803275919
2477162001,2477161994,21.486,700,0.0,2.57832,8.333333333333334,0.0
1359115468,2477162063,36.948,700,948.57839394062,2.5349431959536517,14.575474534884037,7.268498329915885
1359116718,1359115468,1187.637,700,0.0,106.88733,11.11111111111111,0.0
1359116176,4368442955,19.474,700,206.9778701223817,1.1690860649569201,16.65745626753117,0.8139314394709427
1359116176,2533127580,15.313,700,1212.301774922988,1.820016096372564,8.413661851958354,5.100600051465266
4368442949,1359116176,31.558,700,1148.4554610083587,3.463068916031058,9.112726533946049,9.427858857870213
4368442955,1758886630,589.959,700,207.02137356119025,35.41712880481933,16.65744852585911,24.662993539849438
4368442949,4368442955,43.843,700,0.0435034388085245,5.26116,8.333333333333334,0.0005276182484674022
2533127580,4545719490,644.426,700,1212.301774922988,76.59280956840513,8.413661851958341,214.65155676650943
2534628410,2533127580,608.795,700,347.9069780379881,36.688931168093326,16.593424245878303,42.793263292961804
2534611428,1359116352,27.717,700,1633.95722920327,6.28126284402894,4.412647693345325,20.304011691057024
1359116352,1359116475,212.986,700,1329.5774604419114,33.081294550412046,6.43826074204666,95.03956447552565
1359116524,1359116352,521.917,700,1394.0377049178437,80.3349166960727,6.496764065550027,242.47992574442796
4080448601,1359116352,1244.08,700,673.2329711765911,105.68630362148588,11.771440171241643,187.99925824830714
2534611428,6047071904,994.555,700,608.9001421137451,82.8595653016229,12.002899078454622,134.70795455892303
1359116475,2534611428,238.546,700,1288.1245613329588,34.91319775417215,6.832545150393552,98.50723549642643
6047167140,1359116475,788.889,700,1288.1245613329588,103.91443965843325,7.5917168258143715,300.818949382415
1359116524,4080690222,15.052,700,1274.0952082201402,1.9441597475165882,7.742162144456996,5.595256430664729
1359116526,1359116524,13.504000000000001,700,1394.0377049178437,2.078573250274974,6.496764065550039,6.273888218342666
6047167140,1359116958,28.766,700,1329.5774604419114,4.021179176747449,7.15362303832169,11.839013118196936
3380215695,6047167140,22.12,700,1288.1245613329588,3.237446557072218,6.832545220454296,9.13442284525225
4080690222,4545693005,1158.272,700,0.0,92.66176001999999,12.499999997302016,0.0
4080690222,2641707416,15.909,700,1991.052763557606,6.56895955266162,2.421844718704954,20.93716342728429
1359116526,4080690222,10.047,700,211.56571160181505,0.723820640630862,13.88051049669337,0.44708566974960645
1359116531,1359116526,14.928000000000003,700,1605.6034165196609,3.226910670783996,4.626096450439751,10.37461580665095
2641707416,1359116531,17.205,700,524.5158458710612,1.267008522662358,13.579229888562413,1.9116717057255879
1359116739,1359116867,418.215,700,1696.3277874343892,56.18706007457142,7.443261837244116,213.12723389880952
4368145527,1359116739,385.399,700,1197.5540128513649,40.85777101657187,9.432697634035948,117.37829381551548
4368145527,4368145528,15.227,700,0.0,1.82724,8.333333333333334,0.0
4368145528,4368442949,437.365,700,1148.498964447167,47.997466911009795,9.112251711343458,130.67096953408242
1359116867,1359116870,15.067,700,2050.8432668295954,2.2269085280852883,6.765881853690108,9.980828425641405
1359116867,4363635906,152.035,700,848.3821160851378,12.655024825289683,12.013804958815623,28.679668219358785
1359116873,1359116867,15.501,700,1202.897595480345,2.022317163470724,7.664969807899472,5.480581507584874
4363635905,1359116870,152.652,700,610.1384900604176,11.449849012813686,13.332228209224855,19.855336369051365
4363635905,4363635906,15.701000000000002,700,0.0,1.88412,8.333333333333334,0.0
4363635906,4363635903,19.625,700,848.3821160851378,1.633537423595286,12.013804958815658,3.7020323531089274
4363663820,1359116873,275.196,700,1198.2684333940765,35.69053384632543,7.710615962902813,96.50019337799138
4363663820,4363663819,15.844,700,0.0,1.90128,8.333333333333332,0.0
4363663819,4261132461,388.354,700,1154.083957935804,47.67342020551805,8.146132547776574,126.01017644338656
1359116958,1359116963,19.215,700,1416.958405588004,3.063735816310338,6.271754861403375,9.325208195414357
1359116958,6047167128,279.254,900,1961.8798476351155,44.12282746294864,6.329014164708701,186.32487611821162
3380215695,1359116958,19.128,900,2049.260792781208,3.37922667413952,5.660466682031835,14.53897200846392
1359116963,1359116960,17.383,900,1595.6283498835269,1.788396828789678,9.719878563956177,6.921088284126165
1359116963,1359117103,257.364,700,1340.4311754340165,36.55343236297296,7.040761519859309,108.08469369645842
6047167135,6047167128,10.234,900,0.0,0.92106,11.11111111111111,0.0
6047167128,6047167141,57.502,900,1961.8798476351155,9.08545920479016,6.329014164708704,38.36669493203107
1359116960,3380215695,21.055,700,1141.6326004927018,2.546434764047538,8.268423089909927,6.686387129468853
1359116960,4372813243,629.61,900,1904.0987752937183,92.5257019105905,6.80470384983845,385.53153451775927
2534627558,1359116960,256.667,700,1450.1030259028946,47.88790983546977,5.359745306943655,144.0104055942507
1359117068,1359117059,9.514,900,0.0,0.85626,11.11111111111111,0.0
6047167141,1359117059,24.805,900,0.0,2.23245,11.11111111111111,0.0
6047167130,1359117068,14.680000000000001,900,0.0,1.3212000000000002,11.111111111111109,0.0
6047167141,1359117068,18.608,900,1961.8798476351155,2.940110341948722,6.3290141647087,12.415697876512716
4368078528,1359117136,164.477,700,1287.3352501802387,19.6738809421634,8.36017054710882,58.4391041194021
1359117147,3736744761,449.1580000000001,700,1255.4437333930246,56.54380063800174,7.943541023631363,161.45427703298617
1359117148,1359117147,18.397,700,1256.570900534737,2.3195348154423723,7.931331695269854,6.626341294119736
3736744761,3672786692,38.167,700,1255.4437333930246,4.804784149343016,7.943541023631371,13.719504921470802
3736744764,3736744761,15.28,700,0.0,1.3752,11.11111111111111,0.0
4368021767,1359117148,326.053,700,1117.341762105554,34.49980921573138,9.450863857279677,92.53770325931264
4368021760,4368021754,42.062,700,1140.6625040486151,4.573096586577642,9.197706456376824,12.404198438988548
4368021760,4368021767,20.691,700,0.0,2.48292,8.333333333333332,0.0
1359845436,2848760385,148.465,700,1404.8254643641735,25.814468485314645,5.751232107856835,76.40971506216496
2848760384,2848760385,18.091,700,0.0,2.1709199999999997,8.333333333333336,0.0
2848760385,3743407994,254.45999999999998,700,1404.8254643641735,44.24443243750564,5.751232098172343,130.9616146576827
1360728853,4112702965,596.683,1200,2950.004619711219,65.38156791019644,9.126165356260072,457.43651503334394
1360728869,1360728853,22.019,1200,2940.720332816757,2.402366463631476,9.165545862106125,16.779427403874664
4112702965,4328512149,88.901,1200,2950.004619711219,8.117776061974242,10.951398427512089,61.05231818429818
4112702965,4112702970,117.17400000000002,1200,0.0,7.0304400000000005,16.666666666666668,0.0
1360728882,1360728870,34.09,1200,756.9696145793732,4.137655796573309,8.238964688225732,7.196492642863578
4112702961,1360728882,42.924,1200,4114.989354599529,9.196907638431565,4.667220949423412,75.94834368667863
1366011895,6030015802,521.045,700,1381.8538923718745,78.72787176682615,6.618304144473959,236.54809605856218
1366011922,1366011938,21.29,700,270.0012318580842,1.57215039211437,13.541961447700485,1.2188304302809196
1366011922,1941643834,106.70100000000001,900,1555.708302868861,12.643936650455759,8.438906564448335,45.512490881447945
1366011974,1366011922,7.869,700,151.93701104091315,0.56802346060017,13.853301044442187,0.251628622229777
1941643828,1366011938,102.83200000000001,900,1639.255321443727,13.29835585496415,7.732685237296744,49.22559064521022
1941643834,1804901988,254.91899999999998,900,1563.309656111206,30.440958131473025,8.374210788603209,109.8597069173296
1941643846,1941643834,24.987,900,7.601353242345594,2.998440000218016,8.333333332727419,0.05254132108261558
1366011974,1941643846,84.279,700,985.4396484924472,9.740153919695976,8.652738005461687,22.3769331557566
1941643846,1804901989,276.864,700,977.8382952501016,31.781349161772493,8.711524441291493,72.60312247514408
1367679467,1367679539,303.031,900,2197.26504330576,77.89017151889057,3.8904908551460364,326.9531022680088
1367679459,1367679467,49.397,900,1802.2729587752744,7.693832183677224,6.420337592597578,29.943209344590475
1367679459,1367679482,78.138,900,3685.9567107496814,31.380571989806192,2.4900119738219786,187.4954408536415
1368903697,1367679459,54.745,900,2790.4156458762614,30.289708693699108,1.8073795477401902,116.61325860129594
1367679482,1367679479,17.146,900,2792.165582133121,7.922818821405102,2.164128750953714,33.56449633383499
1367679482,1367679525,59.779999999999994,900,1433.505399499211,5.222219471764998,11.44724007162335,19.49781756205784
1367679503,1367679482,69.898,900,539.7142708826484,5.07973736976048,13.760160203576792,7.956814613386228
1367679479,1367679477,60.43,900,2580.1916157322757,6.119060583264846,9.875698921051924,38.525120762187704
1367679479,1368903697,83.832,900,2548.237839511983,9.648964222267765,8.688186427982965,57.395044297436236
5650038993,1368903697,155.459,2000,3317.8118853577325,14.50294541864829,10.719132942478463,121.48120750363337
1367679503,1367679525,100.61800000000001,900,577.6346979441606,9.166774620182705,10.976379824858675,13.513648850848998
1367679843,4401434418,36.009,2000,11351.956840599056,14.592215548326665,2.4676855876165606,267.4356122523257
6997530517,1367679843,181.032,2000,2609.9814408982384,30.54238668985076,5.9272381637469405,169.09073526968695
6997530517,1367679745,46.437,2000,0.0,2.78622,16.666666666666664,0.0
1367679714,1367679647,241.28,700,795.6183432983673,19.46939494274778,12.392783684830185,42.1050963768312
1367679757,1367679714,118.829,700,1477.847662347314,20.851231466704153,5.698896019151174,64.79444400184143
1367679832,1367679757,26.251000000000005,700,1477.847662347314,4.60633075455024,5.698896019151177,14.31400541528026
1367679992,1367679757,321.999,700,0.0,19.31994,16.666666666666668,0.0
1367679832,1367679992,293.829,700,1830.11969781048,77.21488546370888,3.805341395450234,268.18672314746226
1367679830,1367679832,112.376,2000,3307.967360157793,13.069265902611077,8.598493659659084,100.59572622763437
4557967502,1367679830,135.514,2000,11160.873102695516,51.71058596590809,2.620623949017752,956.6743415510326
1367680088,1367679992,212.763,700,0.0,0.12681240000000002,44.703925898772425,0.0
4557933179,1367679861,186.185,900,1821.5677969518576,18.46627191704056,10.082435742115853,82.75026861763446
4557933183,3736716071,363.012,900,1898.0998124575851,37.25049114084597,9.745160100773798,171.65406307334587
4557933179,4557933183,22.531,900,0.0,2.02779,11.11111111111111,0.0
1367680102,1367680088,29.878,700,0.0,0.01780806,44.703925898772425,0.0
1367680196,1367680102,390.239,700,0.0,0.23259275999999998,44.703925898772425,0.0
1368903737,1367680196,783.772,700,326.7785843704677,70.58734914610889,11.103576058334035,59.188880089288055
3736716083,1368672691,255.68000000000004,900,1804.185657693022,39.91450215179916,6.405691821674773,155.42589940285646
1368673193,1368766996,12.003,700,0.0,0.9602400000000001,12.499999999999998,0.0
1368673193,1368673200,78.275,700,522.8196974810561,7.203329654170235,10.86650254229086,9.566853539017819
4412069358,1368673193,23.073,700,522.5371190965045,2.123213300801166,10.867019338704083,2.8184096990699063
4412069354,1368766996,68.529,700,0.0,6.16761,11.11111111111111,0.0
1368673200,6007974391,23.967,700,522.8196974810561,2.205585459233442,10.866502542290881,2.9292721656932614
4412069354,1368673200,9.928,700,0.0,1.19136,8.333333333333334,0.0
1368673206,6007974391,48.418,700,0.0,4.35762,11.11111111111111,0.0
6007974391,4412069354,29.323999999999998,700,0.0,2.63916,11.111111111111112,0.0
1368904635,1368904658,49.11,900,553.6885900677235,4.428947028128922,11.088414399200273,6.288451030940947
1368904635,1368904676,44.179,900,1018.3503930118688,7.679631814164648,5.752749750126604,16.47882440199175
1368767032,4412069354,5.856,700,0.0,0.70272,8.333333333333332,0.0
1368903730,4086738180,32.775,900,1652.2855663529374,3.047602651082226,10.754354734650647,12.731604776899566
1368903730,3736716071,17.878,900,1197.185390762275,2.2413391752944403,7.976481291659662,6.109788356433175
3736716073,1368903730,1.637,900,2849.4709571152107,0.47848477958200203,3.421216452130539,2.501517733757672
4086738180,4557933179,328.849,900,1821.5677969518576,32.61602728939656,10.082435763318989,146.15754787083588
1486993199,4086738180,55.582,900,169.28223059892065,5.002832916777294,11.11010519931667,2.17374493341092
3736716071,1368903737,31.911999999999995,900,3095.28520321986,11.484862366042764,2.778614055868362,60.3847012433306
1368903737,7567393754,28.034,900,2768.5066188493934,7.668154505097857,3.6558992103462113,39.79657622446623
7567393754,3736716083,0.784,900,3666.354344440065,0.464305436946012,1.6885436559967768,2.259452395252065
4677572057,7567393754,776.833,700,897.8477255906712,72.61886611377102,10.697399196276983,164.45991924493367
1368903744,1486993205,20.427,900,3433.738117664707,9.872637850367713,2.069051889636485,50.28293115750011
3736716083,1368903744,11.576,900,1862.168686747041,1.7529068891442299,6.603887560537463,7.093985711400198
1486993205,3736716073,18.636,900,1652.2855663529374,2.599319130689628,7.16956982310043,9.51539887861114
1486993205,4051659316,969.6710000000002,900,1781.452551311771,85.13018857785319,11.390448161796533,394.01211236698947
5434214708,4368723109,14.827000000000002,900,2905.425298179888,2.270241377358492,6.531023594174709,14.298711000715679
1368904658,5434214708,29.753999999999998,900,553.6885900677235,2.683341272143104,11.088414399200284,3.8099485232053913
1368904658,6302855174,364.948,900,2425.281646780109,105.42394023940355,3.461718459500302,470.9493811159651
4368723108,1368904658,12.926999999999998,900,2425.281646780109,1.3600451825572502,9.50483128486494,7.934494027507544
1368904676,4368723108,14.69,900,2425.281646780109,1.5455298005543459,9.504831284864927,9.016609984071017
1368904676,1482251947,55.059,900,1018.3503930118688,9.570901289211877,5.752749750126602,20.53707853842922
6007999010,1368904676,50.676,900,2425.281646780109,5.331604368474618,9.504831284864915,31.10454237935897
6302855173,6302855174,8.097,900,0.0,0.72873,11.11111111111111,0.0
4368723109,4368723108,35.206,900,0.0,4.2247200000000005,8.333333333333334,0.0
1482251947,2887270168,97.531,900,2823.7832520774978,46.8737435054559,2.08071710740679,196.8925259634895
6007999010,1482251947,40.717,900,452.501302745968,3.681469237377264,11.05998648219248,4.266685341527993
4368723109,1482251947,54.01100000000001,900,2905.425298179888,8.269913470864614,6.531023594174703,52.08657718079552
4677572056,4677572057,7.984,700,0.0,1.4371200000000002,5.5555555555555545,0.0
1470172131,1378327152,500.229,700,625.8191788930009,37.68093875549911,13.275385818963896,66.83811317319041
1378327187,2841513051,36.724,1200,289.2388413913869,3.305966975280798,11.108398926725751,2.4541695623434987
1378327187,1842440031,150.108,700,833.8012277828393,15.477019963949179,9.698766322563937,31.273390028172063
4362196491,1378327187,206.88699999999997,700,1123.0400691742263,27.543239708920726,7.51135313733603,69.32689358395109
4362196490,2841513051,268.276,1200,2525.7085120083684,13.143565717210848,20.411203913159266,135.18041323892737
1378327238,3736744780,451.94899999999996,700,148.69778208205332,32.54512107256698,13.88684340710467,14.1332147872122
3672786681,3736744780,21.396,700,0.0,1.5405119999999999,13.888888888888891,0.0
3736744780,3672786681,166.525,700,0.0,11.9898,13.88888888888889,0.0
4362196490,4362196491,32.254,1200,833.8012277828393,2.951806033477278,10.926869731343503,6.268180233870521
1379446656,3214740652,25.215000000000003,2000,0.0,1.5129000000000001,16.666666666666664,0.0
1379446656,1379581633,56.483,2000,443.1194225742536,3.38929886825448,16.665098651830977,5.053822482538906
1379446656,1379581626,345.838,700,1374.8502522143954,51.70441645947824,6.6887516324846255,154.94088639293122
3214740652,1379581633,32.082,2000,9674.503524843209,3.372670547211198,9.512343275428442,78.51094297749803
1379581645,3214740652,285.55,2000,9674.503524843209,30.018891426848647,9.512343275428435,698.7968258595026
1379581633,1379581614,265.685,2000,10117.62294741746,31.064591906093035,8.55266345694013,730.1396754679865
1379581626,4421107785,24.924,700,0.0,2.99088,8.333333333333332,0.0
1870228398,827015987,159.121,900,0.0,11.456712000000001,13.888888888888888,0.0
1870228398,4554438764,491.088,900,2975.429942431964,79.76211875225202,6.156907660958223,507.69472020409114
1379581492,1379581500,48.233,700,10.595106437263269,3.472776013184754,13.888888836158284,0.10746737217822995
2985506539,2985506543,58.191,2000,32.92466087143223,3.491460010012704,16.6666666188705,0.38685924686751527
2985506539,3978868744,143.713,700,52.29436083799082,10.347359314285129,13.888857594961053,1.58044086518989
1379581500,3736716045,126.059,700,8.395069489863179,9.076248013582434,13.888888868104427,0.22254876224456005
3736716045,3736716046,15.203,700,1397.9917567215682,0.9390528091863061,16.189717821272986,4.31020830794481
3736716043,3736716045,85.671,700,1389.596687231705,5.2880871646460825,16.200754135211714,24.14008689727056
3978784924,1379581609,36.224,700,0.0,2.17344,16.666666666666668,0.0
3978784924,1379581609,107.485,2000,1339.7530857172364,9.749708642154275,11.02443200561636,33.40466366958941
1379581614,3978784924,9.323,700,1339.7530857172364,1.10235534926727,8.457345452350689,3.4193846821543064
1379581614,2985506543,1090.107,2000,8777.869861700225,93.47469127321101,11.662055099104828,2157.4232639521347
2985506543,3978868743,37.705,2000,8810.794522571661,4.341755538822702,8.68427521145605,89.28397902070284
4388633623,3117337962,189.21,2000,642.6628738443704,8.517994447763046,22.212975267868295,24.306813358588585
4274263633,4274224276,253.33599999999998,700,821.0519748778503,25.9219757178478,9.773020496488355,51.7261710951974
4054025652,4274263633,85.497,2000,812.2274853353456,5.2169950027100525,16.388169809552664,14.055950793859095
4368709385,1379780128,511.733,700,1762.5305689614895,48.33796167937612,10.586565552645883,213.9131696264696
1379780358,6027834414,25.671999999999997,900,1297.064103462587,2.02099656923406,12.70264402760934,7.229339434717014
1379780358,3126718360,15.273,900,302.9253597680912,0.91723077431232,16.651207556190755,0.9343102700713988
1384279479,1379780358,43.92,900,1594.9323751384502,3.0065760372519,14.607979128358977,14.518789712169681
2732584652,1379780358,15.025,900,5.057088092227341,0.983454540070914,15.27777786141146,0.015580026881068628
1384279479,6027834414,55.65999999999999,900,465.7567050255731,5.035390726032696,11.053759882473633,6.005184921471127
3126718360,3126718357,6.267,900,1518.636707180621,0.65075690831784,9.630324196172955,2.388665217973251
3126718360,6027834423,17.339,700,302.9253597680912,1.251575183215752,13.853742254180688,1.1054325129281568
6027834413,3126718360,33.631,900,1518.636707180621,3.492198288432408,9.630323716554027,12.818446221406932
1381254441,4274224216,640.512,700,655.4699180652902,48.68161343215282,13.157164581093362,89.92780410016665
1381254517,1381254441,580.756,700,1953.3484791094909,65.03604377052142,8.929755968078066,299.13384018696604
4274224216,4274224218,76.093,2000,655.4699180652902,4.59848683653453,16.547399765385546,10.081144481918528
1844870185,1381254517,18.25,700,4580.8326741519495,35.74757838261013,0.510524092140405,90.22021068793256
4368709386,1844870185,299.256,700,2088.450317882836,38.28360043795316,7.816819645399051,181.0613519423721
4368709386,4368709385,16.154,700,0.0,1.9384800000000002,8.333333333333332,0.0
1381308439,6292239174,1386.847,700,828.7405220918184,114.04386836274708,12.16064502116643,254.1672067580001
4275766257,1381308439,35.775,700,828.7405220918184,4.903111627402872,7.296387012699861,9.041304887155087
6292239175,1381308439,1406.294,700,979.4023458304418,129.32219088689484,10.874344073167956,321.85602427999623
6292239174,1381308794,50.889,700,125.60077337117104,3.6642827260121758,13.88784758303361,1.34416766732992
6292239175,6292239174,7.9,700,0.0,0.9480000000000001,8.333333333333334,0.0
1383622157,4275766257,107.129,700,828.7405220918184,8.809483363220838,12.160645021166433,19.633513064366724
1381308794,3743407947,18.176,700,125.60077337117104,1.308770123759502,13.88784758303361,0.4800957283772254
1381308800,1381308794,8.266,700,0.0,0.595152,13.88888888888889,0.0
3743407947,1381308800,10.518,700,0.0,0.757296,13.888888888888891,0.0
3743407947,1381395662,804.091,700,125.60077337117104,57.89889291284676,13.887847583033597,21.239032478354506
1381308800,6292239175,50.367,700,302.9253597680912,3.635624156700378,13.853742254180672,3.2111032573189062
1381395662,1381308800,794.686,700,302.9253597680912,57.36255124568865,13.853742254180656,50.664498642876
4366616513,1381395662,104.021,700,0.0,12.482520000000001,8.333333333333332,0.0
6027834423,1381395662,94.747,700,302.9253597680912,6.839090713659558,13.853742254180663,6.040510658192754
4366616512,4366616513,11.017,700,0.0,1.32204,8.333333333333332,0.0
3126718357,4366616513,25.522,700,0.0,1.67053092,15.277777678009096,0.0
3126718357,6027834423,16.439,700,0.0,1.183608,13.88888888888889,0.0
6027834413,6027834423,42.706,900,0.0,3.8435400000000004,11.11111111111111,0.0
4366616512,1381396012,343.965,700,0.0,41.275800000000004,8.333333333333332,0.0
1381396012,1384282209,1987.893,700,0.0,238.54716,8.333333333333334,0.0
4366616512,2732584652,22.837,700,0.0,1.49478546,15.277777722028418,0.0
4366616512,6027834419,45.295,900,0.0,4.07655,11.11111111111111,0.0
1384282412,1384282209,424.901,700,0.0,38.24109,11.11111111111111,0.0
1382546076,1382565330,55.995,1200,0.0,3.3597,16.666666666666664,0.0
1382565330,1382565358,141.741,1200,3801.275197634135,15.555361416410374,9.112035150174531,140.1638901613473
1382565316,1382565330,94.933,1200,3801.275197634135,10.418418984937926,9.112035150174528,93.87670881881165
1382565358,1382546108,54.455999999999996,1200,0.0,4.90104,11.11111111111111,0.0
1382565316,1382565324,57.568000000000005,1200,0.0,5.18112,11.11111111111111,0.0
4274471106,1382565316,517.087,1200,3801.275197634135,56.74769592938806,9.112035150174528,511.33352715065206
6032982297,1382565339,15.920000000000002,1200,0.0,1.4327999999999999,11.111111111111112,0.0
6032982297,8504991398,31.840000000000003,1200,0.0,2.8655999999999997,11.111111111111112,0.0
6032982299,6032982297,40.819,1200,0.0,3.67371,11.111111111111112,0.0
4335724067,4335724068,22.454,900,0.0,2.0208600000000003,11.111111111111109,0.0
6032982299,8504991398,25.861999999999995,1200,2501.557207200957,1.9704473883870361,13.124938099042598,13.870061399060582
1382565419,1382565439,217.00700000000003,900,759.6330606836289,13.114841658746244,16.546673276476714,33.31905673253685
4335724067,1382565419,537.923,900,905.8389096515948,32.74864724878749,16.425808245252526,98.59446177414851
1382690505,1382690336,1077.466,700,1145.1680849071884,117.77394928345237,9.148593611366545,320.1331275208688
1382690336,5049084202,31.911999999999995,700,1145.1680849071884,21.346022724778788,1.4949857597104526,30.160285046521285
5049084197,1382690336,33.208,700,0.0,2.3909759999999998,13.88888888888889,0.0
1382690505,1382690624,342.313,700,0.0,24.646536,13.888888888888888,0.0
1382690628,1382690505,347.781,700,1145.1680849071884,47.518369321802666,7.318874889093238,121.17163443382066
5049084202,5049084206,15.575,700,1145.1680849071884,1.702447464782898,9.14859361136655,4.627592389121822
5049084197,5049084202,23.391,700,0.0,1.6841519999999999,13.88888888888889,0.0
1382690624,1382690630,14.098,700,0.0,1.0150560000000002,13.888888888888888,0.0
1382690624,1382690512,457.65500000000003,700,0.0,27.4593,16.666666666666668,0.0
1382690628,1382690624,9.435,700,0.0,0.5661,16.666666666666668,0.0
5064701346,1382690512,14.024,700,0.0,0.84144,16.666666666666668,0.0
5064701346,1382690630,458.14200000000005,700,0.0,27.48852,16.666666666666664,0.0
1382690630,1382690638,9.356,700,0.0,0.673632,13.88888888888889,0.0
1382690630,1383622134,845.201,700,0.0,60.854472,13.88888888888889,0.0
1382690638,1382690628,16.027,700,983.9625162979088,1.479835524586212,10.830257642640003,3.6932900320906827
1383622134,2832484320,58.609,700,0.0,7.03308,8.333333333333334,0.0
1383622165,1383622157,61.041,700,395.0995081195669,7.37869779071496,8.272597920572299,6.706282905482517
2980077288,4366872319,15.661,900,2071.674003549582,1.3166133490212781,11.894912057242781,7.247058191652941
6027834419,2980077288,464.70099999999996,900,1639.1803924595645,50.0756774812876,9.279974298373709,195.78665934787784
5064784609,2980077288,28.864,900,0.0,2.59776,11.11111111111111,0.0
1384282412,4145455862,2757.528,700,0.0,198.542016,13.88888888888889,0.0
3737948908,1384282412,85.959,700,0.0,6.189048,13.88888888888889,0.0
4145455868,4145455862,38.271,700,0.0,4.59252,8.333333333333332,0.0
4145455862,4145455865,55.638,700,0.0,4.005935999999999,13.888888888888891,0.0
4080347307,4080347306,15.764000000000001,700,36.59129644452901,1.418760151366302,11.11110992567621,0.13325597741732956
3672903087,4080347307,8.608,700,38.38434295648446,1.032960675575766,8.333327883176146,0.09140133249630938
3672903087,4080324082,25.544999999999998,700,0.0,2.29905,11.111111111111112,0.0
4080300409,1385874449,36.262,700,1458.656580372398,3.314269161574314,10.941175333742404,12.31955588923205
1394788172,1394788148,812.7709999999998,700,0.0,73.14939,11.11111111111111,0.0
1394788148,3736790473,41.467,700,0.0,3.73203,11.11111111111111,0.0
3736790473,1394788148,10.56,700,0.0,0.9504,11.11111111111111,0.0
4080312172,1394788148,935.1939999999998,700,20.855419219613363,84.1674609476086,11.111110986015445,4.5057084884899465
4080324082,1394788172,121.69,700,0.0,10.9521,11.11111111111111,0.0
1394788172,4080330557,109.863,700,0.0,9.88767,11.11111111111111,0.0
3736790473,2832443285,1006.522,700,0.0,90.58698000000001,11.11111111111111,0.0
4080324082,4080347307,21.921,700,20.855419219613363,1.972890022211994,11.111110986015474,0.10561406058656078
4080330557,6047036754,105.17199999999998,700,22.64846573156884,12.620641000485138,8.333332672719015,0.6589233544226173
4080347307,4080330557,133.123,700,22.64846573156884,15.97476126637872,8.333332672719015,0.8340418905298187
1394788332,4365233862,393.249,1200,4007.443641829425,65.52879850587449,6.001162984313626,558.5691981264191
4080312164,1394788332,11.717,700,881.5804866482183,0.90649647182175,12.925588090213756,2.227348706524737
4365233862,6047036755,42.072,1200,4253.515938270561,8.218260447277729,5.119331550746389,71.730319737124
4365233861,4365233862,30.61,1200,246.0722964411351,2.755252369263582,11.109690110957558,1.7401936871308024
4080312167,6027804513,209.21100000000004,700,0.0,25.105320000000003,8.333333333333332,0.0
6047036756,4080312167,49.99,700,1098.3143018497503,8.628735231427932,5.793433065129219,20.000688604940134
6027804514,6027804513,24.292,1200,0.0,2.18628,11.111111111111112,0.0
2025595290,3977332107,959.994,2000,2362.3553377154285,43.84829875606124,21.893528990501554,453.0835719841555
4341815227,4341815229,21.299,900,0.0,1.91691,11.11111111111111,0.0
4224791297,4341815227,21.376,900,931.8897562851594,1.3892029326523319,15.38724076776021,4.078299666666043
4341500014,4224791297,26.082,900,0.0,1.56492,16.666666666666668,0.0
1403460890,2168736618,27.465999999999998,900,5.360849472040484,3.295920000300126,8.333333332574503,0.04073099177012364
1403460890,3265079415,434.98300000000006,700,688.495713451573,41.79876288857351,10.406599859416195,71.7252854448101
4337346119,1403460890,31.888000000000005,700,686.5826106292724,3.062058813395898,10.413908400614758,5.24135106020461
2168736618,3265079416,410.912,900,1621.9816724057105,43.46867418620437,9.453060340414314,169.26781409514092
3265079416,3265079415,16.9,900,0.0,1.5210000000000001,11.111111111111109,0.0
1404055331,4152172863,28.334999999999997,700,1157.8281741055876,3.9309039503629735,7.2082656706439225,10.096854636511795
1404055331,1404104190,1105.753,700,214.84373004397847,79.66532006806949,13.879979381934282,49.96835840368364
4624415035,1404055331,383.626,700,1108.075040587018,50.20833632499909,7.6406833621569294,125.2380639246492
4624253363,1404055331,44.473,700,264.5968635625479,3.206784700469886,13.868408438359902,2.475762863903705
4152172863,4488982995,45.208,700,1951.1731523222247,17.46861077112681,2.587956225730472,56.194884749315655
4152172863,3725402763,463.744,700,166.25009786293072,41.74656599964866,11.108554413886472,17.812915302201347
4059107832,4152172863,1114.703,700,959.5950760795675,100.7616354885014,11.06277200241759,247.6763372643834
1404104190,3725402607,51.14600000000001,700,214.84373004397847,3.6848757907068537,13.879979381934305,2.3112590776735846
1404104190,1405152379,467.37499999999994,700,1.2337943762038006,42.063750000029366,11.111111111103353,0.13321425986484098
4059107832,1404104190,33.439,700,1.2337943762038006,3.0095100000021002,11.111111111103357,0.009531001092528317
1404065131,3328933775,913.367,900,1312.748641308523,87.29521672397988,10.462967322573807,286.27193664164616
6467338702,1404065131,155.602,900,1278.27186904434,14.501239076626344,10.730255475258339,46.81994996562416
3328933775,3328935685,13.919,900,1327.0583965936205,1.344854428451382,10.349819062593948,4.437831358007436
1404083898,3328933775,18.245,700,14.309755285095603,1.094700013829232,16.666666456118392,0.05271715035125366
1404065134,3756733897,1151.718,900,1161.8569064080164,82.98674792523047,13.878336346396857,281.4681018498373
1404065134,7567390547,35.145,900,0.0,2.1087000000000002,16.666666666666668,0.0
3756733881,1404065134,17.912,900,1161.8569064080164,1.2906446099103481,13.878336346396873,4.377509633724826
3756733897,3756733856,22.781,900,3851.6206649248834,34.53295222949385,0.6596887473913463,90.71549282638168
3756733849,3756733897,39.374,900,2689.763758516863,15.996135030528606,2.461469594052236,69.38466548020361
7567390547,3725402806,2.174,900,1256.3946843326005,0.166275328366602,13.074699784725663,0.5864209526593042
3756733849,7567390547,1147.206,900,1256.3946843326005,87.74243530549207,13.074699784725405,309.4506142670078
4060113093,5134101378,2163.793,700,895.2840433023117,154.95711503947885,13.96381830836696,406.7046536596692
1404083878,1404083919,8.854,700,566.443469262836,0.547717494635088,16.165267837389234,1.0173440602696526
1404083878,1836159079,315.184,700,532.7122389275523,23.243854676104846,13.55988515639859,35.584830684683695
1404129800,1404083878,30.439999999999998,700,1057.4361740377092,3.017276631033126,10.088567845228443,7.850909013210638
3756611513,1404083878,617.472,700,41.71953415267921,44.45802457716319,13.888876212398731,5.417312304893719
1404083919,1657677575,30.489,700,1076.219355251466,3.0824722536866522,9.891086598925588,8.09969379597769
1404083919,1405150958,609.647,700,572.683771461592,37.76421560240381,16.143510206026736,70.83722953238973
1836159082,1404083919,315.197,700,1082.4596574502227,32.081373052018385,9.824922377509322,84.56912992235064
1836159079,1404083921,7.083,700,637.0915303297604,0.535288274933064,13.232122450068061,0.9645731052380399
1836159079,2839607608,618.704,700,15.959619530152125,55.68336108840288,11.111110893930158,2.2811188519943313
1836159082,1836159079,8.56,700,120.33891093235997,0.770448675979116,11.110409125074582,0.23797791780419192
1404083883,3746737678,1187.516,700,1357.1161336477728,102.76148216253797,11.556041962509887,364.971442716871
1404083883,1405095660,48.587,700,815.5774215332979,3.9645876833295244,12.255246668979172,8.733320945553107
1404083924,1404083883,10.05,700,1357.2334242863433,0.7247711973101281,13.866445075768686,2.869907230284487
4065954106,1404083883,931.407,700,815.4601308947273,75.99553215765052,12.256075765978233,167.3877128486744
3746737678,3797225272,23.305,700,188.54248471080925,1.678598840767944,13.883603058690408,0.9241385644350525
3746737678,3746745871,109.661,900,2840.785953377757,15.91196020016829,6.8917341811124055,99.21063582638219
3797225270,3746737678,49.47,900,1672.212304440793,3.473663756396184,14.24144749442403,17.26603659843748
1405095660,1405095661,9.703,700,1480.17465951234,0.7484899449234419,12.963433999093274,3.0934474807728423
1405095660,1404129800,935.416,700,1051.8476964419035,92.18830792328005,10.146796498081533,239.1589189322222
3797225270,1405095660,1194.067,700,1716.444934420945,130.3837442412233,9.158097176522663,531.3955533844367
1404083898,6743343989,721.847,900,1250.1698416256872,65.97046741270623,10.941971890000112,210.17809775722907
1404083945,1404083898,13.855,900,1250.1698416256872,1.2662251502091781,10.941971890000115,4.034120172870998
1425314570,1404083898,947.684,700,14.309755285095603,56.86104071831964,16.666666456118392,2.7382406091245532
6743343989,6467338702,30.233,900,1276.0979961802016,2.8131993194645277,10.746838942700524,9.073771281870794
6743343989,6982912069,939.171,700,0.6906072808382082,56.350260000000766,16.66666666666644,0.13096392349340005
1404083899,1404083941,8.163,700,488.2585178977011,0.74724956822148,10.924061180026722,0.9290840630319182
1404083899,1663070422,929.537,700,74.6496988673367,66.9272901603063,13.888758946814438,14.592276233286634
1405152383,1404083899,609.5,700,0.1215431866010157,54.855000000000004,11.11111111111111,0.01711381291577242
1709508289,1404083899,48.841,700,562.7866735784371,3.6228356300163123,13.481428634337487,5.837035531108404
1404083941,5413173063,628.807,700,488.2585178977011,57.56165126113517,10.924061180026673,71.56860987662782
1404083941,3792807188,48.867,700,461.5968192039145,3.5665493076964796,13.701478876107739,4.7642090867771465
1663070418,1404083941,930.7639999999999,700,461.5968192039145,67.9316450739519,13.701478876107736,90.74332998639262
1663070422,7126241447,11.557,700,529.1595976425746,1.064700186203232,10.854698956344485,1.430480575955744
1663070418,1663070422,9.544,700,454.5098987752377,0.870003848480424,10.970066415993275,1.0089064295037746
1657677575,1404129800,8.706,700,435.3783823230767,0.528014724795972,16.48817654349327,0.7665196294313226
1657677575,1405095661,935.438,700,1340.0828483242194,132.79227788885063,7.044370462437412,392.5988534520306
1405150951,1657677575,610.476,700,699.241875395829,39.2667354576349,15.546899758413733,87.20883284725846
1405150958,1404129779,6.066,700,218.2742428104004,0.364208907356532,16.655276346829872,0.26737539943329064
1405150958,1836159085,316.296,700,1272.3803074743057,40.75655723462432,7.760616240944265,117.2122242529604
1405150951,1405150958,32.232,700,917.9707788231132,2.817192613523946,11.441177236256456,6.733819597428861
1404083921,1404083935,8.584,700,1527.742347865103,2.0405236449721498,4.206763308600209,6.088946967360745
2839607611,1404083921,618.393,700,890.650817535343,66.20679393941023,9.34032541382276,140.9676251277597
1404083935,1836159082,7.02,700,536.9756513373048,0.5181008276614021,13.549486171807136,0.799120176398306
1404083935,1405150950,608.902,700,1075.5749070434094,76.89784194199761,7.918323643715277,187.95226223617473
1404083924,4065954105,931.022,700,1018.7760938386396,88.78970855312048,10.485697218422503,226.17897568183244
1405095661,1404083924,48.577,700,1354.9474513057685,7.049169054609468,6.891166834512982,20.96273939379252
1405150962,1404083924,606.776,700,1021.062066819215,38.76159460042046,15.654051549092308,126.4023107832836
4065954105,3952895393,6.333,700,1822.9974226444533,2.466546350862318,2.5675576693646764,7.387996225769269
4065954106,4065954105,6.835,700,804.2213288058123,0.692677805432598,9.867502533492232,1.3588611562191617
1404083927,1572825699,36.255,700,1047.422174210576,3.5569492670285876,10.192723392506181,9.205660825913416
1404083927,1405150963,610.154,700,182.67945084977023,54.93228531310385,11.107384237197401,25.754191153956395
4065954097,1404083927,623.733,700,1047.422174210576,61.19394944618793,10.192723392506174,158.37469159921255
1572825699,1572825453,7.142,700,591.4018134431074,0.666470110020792,10.716159498551539,0.9949714635496049
1572825699,1709508289,934.5470000000001,700,562.7866735784371,69.32106569326709,13.481428634337474,111.68862317501211
1405150952,1572825699,611.007,700,106.7663128109686,54.99278278068518,11.110676148845492,15.070643057883732
1405150963,1405150959,7.872999999999999,700,128.7560573463094,0.708628671548994,11.110191156660909,0.2341904609718815
1405150963,3952895404,622.892,700,428.72296768421046,45.30470884682899,13.748946099751794,56.33966668467389
1405150952,1405150963,33.579,700,374.7995741807494,2.432061771114102,13.806803922014618,2.651591393786965
1836159085,1836159082,608.963,700,665.8229170452774,58.05187761828849,10.489979394019704,96.66340207367112
1405150950,1836159083,7.794999999999999,700,608.7954483468712,0.730584766040454,10.669535367191568,1.1205899954624439
1405150950,4202201289,264.347,700,1898.9449533272184,93.59720751550975,2.824304346432512,303.90507311608263
1836159085,1405150950,7.84,700,1432.1654946306808,1.279956704431434,6.125207183068419,3.9169203033817794
5413173063,7189159864,27.414,700,0.1215431866010157,2.46726,11.111111111111112,0.0007697425221870141
5413173063,5413173059,933.723,700,1144.3722041174633,61.74142525318419,15.123120274128189,219.59559832461346
5413173061,5413173063,47.308,700,656.2352294063636,2.869808029759104,16.484726333409522,6.278345281038423
3792807188,1709508289,8.582,700,879.5497232139562,0.911646518713638,9.413736381190237,1.922181162108623
3792807188,1572825453,934.455,700,501.4880027230889,68.5628165865041,13.629180458492689,99.14873964830943
5413173061,3792807188,628.382,700,919.4409067331306,68.73124940654749,9.142595332191632,149.96642566397483
1404083945,1710500142,947.908,700,1.3397615613196825,56.874480000055215,16.666666666650485,0.25643042547282413
3328935685,1404083945,18.115,700,0.0,1.0869,16.666666666666664,0.0
5413173077,1404083945,535.209,900,1251.5096031870066,48.957955584565994,10.932012858983121,156.07852238753435
1710500142,1710500139,14.317,700,1.3397615613196825,0.859020000000828,16.666666666650602,0.0038730703839343237
1710500142,4341425372,609.191,700,667.0966708783518,46.47882106026049,13.106851380980054,87.170509692183
1425314570,1710500142,12.069,700,667.0966708783518,0.920816117402064,13.106851380980126,1.7269803419206027
1404090734,3748480495,5.411,900,2003.6434548140685,0.901568303223318,6.001763793884951,3.8424312680684882
3725402806,1404090734,40.931,900,4.885081145593106,2.4558600001542,16.666666665620188,0.04037383355522951
5941767199,1404090734,132.667,900,1998.758373668476,26.360673720358186,5.032762114025261,107.68473449610512
3748480495,3756733881,37.06,900,1159.3891484665292,2.6665654228413542,13.89802765855667,9.03384081862205
3748480495,3725402813,120.64600000000002,900,844.2543063475406,13.726202713012464,8.789466578810423,27.14897851736389
1404104118,4126740322,32.328,700,214.69710203497053,2.329106013414246,13.880003663985331,1.4598863688003798
1404104118,1405150948,465.71900000000005,700,29.04674695930093,41.91471177568346,11.111110640397719,3.1251000006393075
3725402607,1404104118,937.995,700,214.69710203497053,67.57887265072063,13.880003663985326,42.358516286281606
4126740322,1835606539,618.952,700,214.69710203497053,44.59307180199131,13.880003663985324,27.95098947481229
4126740322,4711675539,33.989,700,128.7560573463094,3.0590600334734583,11.110929379639094,1.011002495935276
1405150959,4126740322,465.683,700,128.7560573463094,41.91215550819446,11.110929379639087,13.851736600506856
1405150948,1405150952,6.59,700,106.7663128109686,0.59312321875971,11.110676148845531,0.16254402609373314
1405150948,1405152377,934.889,700,833.2010404143788,77.08586263185855,12.127891783020964,172.4655976121014
1405150959,1405150948,33.639,700,910.9206062660464,2.924433639760866,11.502740066534967,6.955254157505353
1404104167,1847875268,31.025000000000002,700,1894.386909228249,9.084404806559274,3.415193472840269,31.55585294887227
1404104167,1404129815,467.539,700,709.467427350894,30.193617992826226,15.484696140458679,67.82162645718353
5572388715,1404104167,29.633999999999997,700,1387.516210758523,3.763530918601164,7.873988719883937,11.848645446497988
5134107773,1404104167,935.655,700,1216.3381258206198,93.16117304208271,10.043400801505005,278.3311257178421
1847875268,1835638885,318.306,700,1734.1846591781043,71.14006907491401,4.474356071608646,244.94604835121606
1847875268,1404129783,31.701,700,457.1935902108164,1.9270979552801761,16.45012383160931,2.9319647854014756
1404129779,1847875268,468.37100000000004,700,296.9913401606729,28.168130431247285,16.62769210555876,28.09634035377343
1404129815,1405150951,6.077,700,694.4419511606732,0.39016808757044397,15.575338408225946,0.8618481256387269
1404129815,1405095651,933.138,700,1331.375003408869,130.78549173170677,7.134873965334308,385.3304988734425
1404129779,1404129815,32.187,700,1316.3495272186472,4.413853609048332,7.292267222913136,12.92616071547749
1404104174,3758460225,1694.543,700,666.377863132334,129.2554843064037,13.110027857564935,242.19295566751853
1404104174,3758457112,11.55,700,2141.917289366912,7.631381539913027,1.5134874255194994,20.3212429502093
4202201303,1404104174,16.211,700,2808.295152499248,28.79892207712574,0.5629030127094926,48.39112049199998
3758457112,1405078222,17.623,700,2863.4947328507296,33.713946365796,0.5227213631056602,54.26698976132285
1404104189,4152172832,35.298,700,567.1166425076801,2.620659847485834,13.469126881866652,4.2522859527657895
1404104189,1405095663,929.6020000000001,700,373.84200275602205,67.32521684424566,13.807634695787153,73.21778240750497
3952895410,1404104189,465.22700000000003,700,567.1166425076801,34.54024927379153,13.469126881866634,56.04505175781544
1835606539,1404104189,45.052,700,373.84200275602205,3.262832555509728,13.807634695787158,3.548408386624503
5134107777,4152172832,930.7299999999999,700,984.643137511007,85.99035528647967,10.82365570998332,214.69875680219994
1405095663,1405095667,462.66300000000007,700,546.4281247481917,27.90706457855382,16.578705320213075,51.08499690429854
1405095663,5134107773,48.251,700,1214.3905864250748,4.792050918989514,10.068966464608131,14.308444902370047
5134107777,1405095663,40.698,700,1386.976708417245,5.164425237315882,7.880450994998247,16.25631449265162
3725402607,1405149117,35.446,700,909.0726995312932,3.07724378611377,11.5187493951412,7.308991512989282
1405152377,3725402607,466.715,700,908.9260715222852,50.64174193403025,9.216013947703026,109.53003845848127
1405152379,1405152383,7.515,700,0.1215431866010157,0.67635,11.11111111111111,0.00021100952266124646
1405152379,4624415035,935.1260000000001,700,834.313291603981,77.15771121040859,12.11967002818315,172.79182623721945
1405152377,1405152379,47.949,700,833.2010404143788,3.9536137737581525,12.127891783020964,8.845491753462335
1404109773,7866036740,194.012,700,0.5996318582772971,17.461080000010885,11.111111111104185,0.026875449896808862
1405078222,1404109773,1124.72,700,2141.917289366912,152.01410772923998,7.398786973136044,726.9886035942632
7866036740,2390246539,23.166,700,1174.0634676231416,21.181447932943865,1.0936929370144488,24.935403547142485
4170800655,7866036740,18.171,700,1173.4638357648648,16.5837750057325,1.0957095108754697,19.538296639411232
1404124243,5182741151,18.213,700,911.8365324010908,1.980572002464708,9.19582826442814,4.2941633474636225
1404124243,5474383330,1458.545,700,566.660325741434,88.0496964189071,16.565020202463792,167.02791622084746
6839243004,1404124243,66.598,700,1478.4968581425253,5.132206513296072,12.976484836972892,21.20014841470136
5182741151,5182741152,66.93,700,0.0,4.0158000000000005,16.666666666666668,0.0
5182741151,3725402737,309.375,700,228.201033249588,27.866499521504068,11.10204027460503,16.31665402509333
5474383330,5182741151,1451.406,700,163.48626499313303,104.50567478786859,13.888298438779945,49.90028092102638
5474383238,5474383330,48.349,700,0.0,5.801880000000001,8.333333333333332,0.0
1710982589,5474383330,187.505,700,163.48626499313303,16.879082072973706,11.108720201095979,7.082482661052296
1405150961,1404129779,316.317,700,1395.0666245689197,48.764983191999654,6.4865602179043655,147.2466094944327
1404129783,5572388715,29.646000000000004,700,1729.5479343100783,6.57412734247527,4.5094958548274455,22.620677606345797
1404129783,4152145775,61.096000000000004,700,348.15539441752173,5.522980075241874,11.06214383678079,4.925340332567054
6831924584,1404129783,285.916,700,1620.5097385167835,52.79764444685315,5.415317349769403,177.85014082204236
5572388715,5134107771,937.5490000000001,700,1454.0217166618793,132.00647646464284,7.102295471473454,424.2887106954657
5572366905,5572388715,1706.065,700,1111.9899931103234,224.27781344151268,7.606927202564818,560.7666290399015
4152145775,2390246503,1634.5269999999998,700,348.15539441752173,147.75861027636628,11.062143836780791,131.76970272636228
4152145768,4152145775,83.793,700,0.0,10.05516,8.333333333333334,0.0
1404129800,1404129816,661.678,700,429.7899047272714,48.130570175255734,13.747562050286563,59.99869356859049
3756611513,1404129816,26.24,700,0.0,1.88928,13.888888888888888,0.0
1404129816,4194296202,313.522,700,429.7899047272714,22.805643564523116,13.747562050286565,28.42910056706079
1405150955,1405150951,933.162,700,922.7707030582694,81.86471648586382,11.398830168319655,196.33665939635478
1405095651,1405095667,47.802,700,1524.397583684056,9.041198056322399,5.287131163615274,28.493045013075548
1405095651,5134107773,462.69700000000006,700,1059.6106514095484,29.844594604648805,15.503544481985593,100.2196628773893
1405150955,1405095651,5.784,700,1252.633231684737,0.39788922401121,14.536709342590902,1.503626918424135
2839607608,3756611513,312.966,700,41.71953415267921,22.533572566555975,13.888876212398737,2.7457675211400128
4194296202,4059158198,7.270999999999999,700,445.7495242574237,0.529738791289314,13.725632556195006,0.6841453919070902
2839607608,4194296202,21.979,700,15.959619530152125,1.9781100386647021,11.111110893930169,0.08103505270368933
1404132324,1404132325,5.561,700,620.2768514883752,0.522810905784306,10.636732972617597,0.8159130829697165
1710500139,1404132324,937.0710000000001,700,0.0,56.22426,16.666666666666668,0.0
3792809300,1404132324,41.535,700,620.2768514883752,3.90486440779557,10.636732972617589,6.094038824158811
1404132325,4112895624,277.061,700,620.2768514883752,20.838052489481154,13.295916215771971,36.67142281284496
1404132325,3725402736,48.749,700,0.0,4.38741,11.11111111111111,0.0
4112895624,2465762535,24.109,700,620.2768514883752,1.813263532106286,13.295916215772012,3.1910349439108328
3756750927,4112895624,51.215,700,0.0,3.68748,13.888888888888891,0.0
3725402736,1663070418,4.085,700,916.1067179791524,0.44566766655474,9.166022816012953,0.9697259298802903
3756750927,3725402736,284.424,700,916.1067179791524,24.8242017903876,11.457528520016073,59.25826949674979
1404133981,1835638885,29.516,700,753.1140545199454,2.913904369566636,10.129364679318456,5.408687801965094
1404133981,6831924584,32.318,700,1620.5097385167835,5.96788662835728,5.415317349769402,20.10297028178474
3759042632,1404133981,5.229,700,2373.6237930367306,3.31422564740427,1.5777441116887734,10.030620836933874
1835638885,1835638884,5.724,700,1352.008492549599,0.6891744600468059,8.305589269241418,2.1458683823325018
1835638885,1674134014,169.338,700,159.7851871563755,15.243413071648433,11.108929424405321,6.251411000818013
6831924584,1405080833,28.589999999999996,700,0.0,3.4308,8.333333333333334,0.0
1405078205,4334008305,17.901,700,3035.438248179584,42.818899152319936,0.41806305987271325,60.24564936266811
1405078222,1405078205,19.037,700,721.5774434838203,1.853271630257244,10.272104579379743,3.314842982364175
6617232570,1405078205,969.382,700,2313.860804695763,157.38405670524546,6.159340534826177,779.0987046572731
4334008305,1405078221,35.803,700,1281.7255754975358,5.84236020733353,6.128174013484969,16.002451406411076
4334008305,5794928721,77.6,700,1753.7126726820466,17.92447002354318,4.329277233752242,61.874990785681454
1405078221,4152128995,1.7000000000000002,700,3001.627867681936,3.8949065802692635,0.4364674646143824,5.627126270070966
1835638884,1405078221,368.944,700,1719.902292184402,80.49470969634808,4.5834564953619354,276.56990752706616
4152128995,4202201303,8.206,700,1720.0464256460502,2.686180573211508,3.054895148090949,8.14399614266013
4152128995,4829727160,466.307,700,1281.5814420358863,60.86158121548801,7.661762817975136,175.7077649163936
1405093903,5134101378,14.505,700,727.4424944358793,0.884803497061698,16.39347046905778,2.1356337089087707
5182741188,1405093903,15.246,700,1652.8620598096134,2.971728893647242,5.130346860573941,10.084127047248295
5134101378,5182741187,15.274999999999999,700,240.13389376041985,0.917418164370858,16.649986443722973,0.740747516203021
5134101378,1674266634,921.9099999999999,700,1382.5926439777716,67.34349745020117,13.689666187618624,269.28831070176517
1405093905,5134107777,467.908,700,1073.5474392971787,39.309421028734036,11.903202534017812,112.16630934653823
1405093905,4226124419,29.866,700,107.56024743377704,1.792032261936606,16.665994599742604,0.6486450376901376
3757448211,1405093905,16.104,700,541.7836763325431,0.9913220362026299,16.244973290100738,1.768419252220587
5134107771,5134107777,47.257,700,1298.072406631074,6.313009550131782,7.485653177732565,18.350581032513006
4226124419,4226124418,16.754,700,1321.1726694785857,1.927986062153796,8.68989684566689,5.9462578072300785
5134107771,4226124419,467.283,700,1213.6124220448082,31.656578192544274,14.761007875135855,117.22565155007243
1405095667,1405150962,7.136,700,1060.6665926480036,0.46041007518671395,15.499226417028513,1.5472779498526823
1405095667,3952895410,931.4690000000002,700,1010.1591157842458,88.1052075227105,10.572235469281418,223.33002084254312
5134107773,5134107771,41.387,700,1057.6631120140044,2.6681526986249877,15.511481041294404,8.946970586433178
1405095661,1405150955,607.457,700,1465.3100565307911,46.44728163454805,13.078418771189531,191.08336161767542
1405150962,1405150955,47.79,700,710.0938782122151,3.704456517780708,12.900677810798106,7.322937297735759
3952895403,1405150962,931.399,700,670.4893523834276,71.14401513597356,13.091740720844465,134.01113884153733
3952895410,3952895409,41.83,700,1020.4641286549286,3.995738134476426,10.468653998889023,10.188319331286483
3952895403,3952895410,8.243,700,577.4216553783627,0.61337361070527,13.43879139260984,1.011849105416654
1405098701,7566219063,304.546,700,916.1067179791524,26.58042696275764,11.457528520016076,63.45058413550589
5413173059,1405098701,17.595,700,195.0197886351804,1.2673920909244438,13.882838725280426,0.7216958368550828
5413173069,1405098701,20.17,700,721.0869293439723,1.570534077909516,12.842764944551599,3.1440166630274913
7566219063,3756750927,16.46,700,916.1067179791524,1.436609995885644,11.457528520016115,3.4293558768475867
2465762535,7566219063,46.984,700,0.0,3.382848,13.88888888888889,0.0
1405100320,5413173075,29.662000000000003,700,0.0,2.66958,11.11111111111111,0.0
1405100320,5413173072,925.0290000000001,700,0.0,55.50174,16.666666666666668,0.0
4341425376,1405100320,17.723,700,0.0,1.59507,11.11111111111111,0.0
5413173075,4341425370,17.415,700,570.9241604937519,1.6175211193932841,10.76647457099799,2.3360825831425553
5413173070,5413173075,924.6,700,570.9241604937519,55.82677441251111,16.561945584891106,106.68176798510112
5413173072,5413173071,34.781,700,1.5335353959193463,2.086860000000684,16.666666666661204,0.01076990121523152
5413173072,3793010430,320.127,700,1126.652364783902,34.238076307103164,9.350028813785464,92.25005052499387
5413173070,5413173072,26.689000000000004,700,1128.1859001798214,2.859518901440616,9.333388209657986,7.710279653729828
1405149117,4059107832,54.58800000000001,700,957.0130099095452,4.9236239367078065,11.086955604594856,12.082400251143115
1405149117,3757448177,471.877,700,909.0726995312932,51.20749048059048,9.214999516112956,110.76735920279906
1710920312,4059107832,474.898,700,3.8158605462264745,42.740820002730146,11.11111111040137,0.41863476116306453
3757448177,3757448178,17.452,700,911.8365324010908,1.8978170859833101,9.195828264428155,4.114738853562563
1710920312,3757448177,60.463,700,2.763832869797687,3.6277800000637743,16.666666666373676,0.03374250495145519
1405152392,1405150952,934.8589999999999,700,374.7995741807494,67.71002219488255,13.8068039220146,73.82185529063666
1405152392,1405152377,6.9990000000000006,700,908.9260715222852,0.75943895481456,9.216013947703035,1.6425457488422495
1836159083,1405150961,7.945,700,813.9491247292293,0.647686624678338,12.26673470977688,1.4246501741625182
1836159083,4829727160,300.951,700,953.1638948385656,33.8212901847711,8.898270833426423,75.82166890636996
5460585605,1836159083,264.126,700,1158.3175712209234,29.331100887714218,9.004980788519712,80.21908395307678
5460585605,4202201289,8.138,700,0.0,0.48827999999999994,16.666666666666668,0.0
4202201289,4353244477,1462.907,700,810.6962264740231,119.03673079962977,12.28954281735491,261.0609730258813
1405150961,1836159085,7.881,700,825.608104201653,0.808577309245716,9.746748900673229,1.6207843232699082
3952895409,1405150959,622.731,700,910.9206062660464,54.13762254888451,11.502740066534953,128.75687079751077
1674134014,1405150961,301.062,700,1406.7256040413436,59.06318758300537,5.097286691086522,170.31901382601117
3952895404,3952895403,41.812,700,429.895950201728,3.041442541619496,13.747423937108508,3.7923166566115967
3952895404,4065954119,605.985,700,559.2843321813402,44.9170921399899,13.491189458822708,71.95334004131756
3952895409,3952895404,7.951,700,560.4573146988578,0.589489608619398,13.487939199846924,0.946142403110427
1405152383,1405152392,47.997,700,404.1759224890784,3.48356849177655,13.778112907297107,4.089904065813483
4624415034,1405152383,933.5860000000001,700,404.1759224890784,67.75862603837126,13.778112907297094,79.55241321721246
4624415035,4488982991,41.996,700,31.16899643083584,3.023712859816578,13.888884939473892,0.2752693231003494
4624415034,4624415035,10.447,700,304.9307454138723,0.942679137006792,11.082243777210834,0.7369330473344573
1709508289,1405152392,609.828,700,879.5497232139562,64.78065406829451,9.413736381190185,136.58819549363557
4232296000,1408095109,9.395,700,1480.1287713167274,1.3788173783050561,6.813810260753332,4.467343111749602
2833362059,1408095155,12.003,700,546.7437807311105,0.865670158817502,13.86555823570954,1.3807963820020306
1408095155,6997797613,989.368,900,2165.390361689564,87.78607435559768,11.270215774683551,491.2933376682645
4232295990,1408095155,109.20400000000001,700,1079.2017669820546,8.063521319138214,13.542966611970355,24.9880392553383
4375940784,1408095155,118.614,900,2041.1886202163132,9.807451269156198,12.094273705242195,53.672303674910395
6816453258,2833362059,12.208,700,0.0,0.878976,13.88888888888889,0.0
2833362059,4375940783,118.923,900,2224.286488463789,8.204342488733538,14.495128666716296,54.93871173992166
6997797614,2833362059,989.426,900,2511.2631896278785,83.08940269951066,11.907968619996195,554.7225816277393
6997797613,6997797628,14.839,900,2167.291423958823,3.056155074830988,4.855447330604004,13.42185186489825
6997797614,6997797613,30.884,900,1.9010622692591244,2.779560000004002,11.111111111095113,0.013563517681633002
4232295990,4232295999,691.477,700,1241.9767266728904,85.47565642943047,8.089753608045001,242.66277607555182
2833317278,2833317272,11.922,700,0.0,0.858384,13.88888888888889,0.0
2833317278,1408095275,310.835,700,895.7909979211784,19.36478886946351,16.05155636321748,56.54864198150621
2833317250,2833317278,177.516,700,895.7909979211784,15.26069069194746,11.632238906045652,35.896965586411596
2833317250,2833317251,10.864,700,0.0,1.30368,8.333333333333334,0.0
2833317251,2833317269,571.143,700,312.11705173698346,41.23987275049125,13.849291035777906,37.521391088357994
1408095275,2833317266,19.043,700,24.319607797117165,1.142580023786028,16.66666631970296,0.09351209490274767
1408095275,4232296000,391.455,700,1220.4231522867742,39.18546760063709,9.989800402270447,117.21632612127803
2833317266,4226733450,341.427,700,750.0506916811194,22.438995295390285,15.215788207332992,52.55693670026023
4232295999,2833317266,394.161,700,1281.810371503096,42.88474639720724,9.191170127233603,130.68405836085
4232295999,4232296000,15.937999999999999,700,259.7056190299538,1.149108772179864,13.869879323752397,0.8708204612873419
1410325063,6617232570,724.744,2000,2311.096962548181,52.89917041170758,13.70047950392055,353.7736335302315
1410325063,4374868755,1128.216,2000,5971.254007231483,72.78586012098702,15.500483172482161,1377.1626064404109
4289513809,1410325063,276.424,2000,8153.085631392498,38.93447346213821,7.099723597618657,701.6392909543084
6617232571,6617232570,197.85,700,2.7638421475819555,23.742000006678275,8.333333330989289,0.1512673666449721
4374868755,4375920182,43.196,2000,5971.254007231483,2.7867518076265743,15.500483351902531,52.72741727414372
4374868755,4284437401,45.542,2000,0.0,2.73252,16.666666666666668,0.0
3475457101,1410761960,27.959999999999997,900,2593.862948297649,4.401804914908872,6.351939838428493,24.596065526375437
1410761960,6986230237,157.946,900,3941.016506839638,59.264693257875095,2.6650943642404177,389.9387735735063
4351788307,1410761960,70.267,900,2474.921593558682,7.660943981149019,9.172107272015461,45.04361777111711
3475457101,8742738162,200.578,900,2994.971951431842,33.12274763253956,6.055596662003776,211.43137724248427
3344186648,3475457101,157.615,900,4287.5550791262485,79.05843956959257,1.9936517955335644,493.19413475468923
6986230237,6986230238,245.61200000000002,900,3941.016506839638,92.15883808677152,2.665094364240418,606.3695317066341
3344186648,6986230237,22.117,700,0.0,1.5924239999999998,13.888888888888891,0.0
1412831598,4497467907,58.692,900,1194.977737142469,3.571001820659364,16.435723908189686,14.189953735465586
8088707310,1412831598,45.157,900,38.173024912888856,4.064145223345854,11.111069491464674,0.3982217358155571
4497467907,4721263431,199.104,700,442.7334349040652,14.158797755949355,14.06221089049308,18.467089256425727
1414370492,7036248557,355.733,900,1784.849317870997,45.226374767924554,7.865609433110985,183.10673874520407
1414370492,3224340729,391.117,900,1378.7191652339998,49.22378044337642,7.945692030905948,154.36543097810363
4334107396,1414370492,283.613,900,3163.568483104997,81.20639805402254,3.4924957490581776,474.5774342575464
7036248557,3224340729,37.798,900,54.640166313910456,3.40187349036978,11.110936402250337,0.4771191635550427
4363889782,4363889779,13.958000000000002,700,0.0,1.2562200000000001,11.11111111111111,0.0
4363889782,4363889775,1.27,700,890.9172451402935,0.13599550717911,9.338543797093044,0.28962916332283023
4363889774,4363889782,55.03099999999999,700,0.0,4.952789999999999,11.111111111111112,0.0
1422684264,5589324858,1023.516,700,1581.276505152331,212.50691265980356,4.816389204423285,679.5954608720176
2687164513,1422684264,223.82699999999997,700,1851.012091985495,60.927569607675295,3.6736571217474525,211.73398261206805
5589324858,3951181886,43.787,700,2057.9917985823104,25.238709926030687,1.734914348963573,70.02519047159203
5984044880,2687164513,169.394,700,1581.276505152331,29.30860872643479,5.779667045307945,97.75609334491655
3760433268,1425314570,14.181000000000001,700,37.49772903618076,0.850860506818062,16.66665673910788,0.10737117600430938
6982912069,1425314570,629.305,700,643.9086971272666,47.656699902017856,13.204963862244986,86.68115186798153
1835606557,1425314572,11.507,700,0.0,0.828504,13.888888888888888,0.0
6982912056,1425314572,548.299,700,0.0,39.477528,13.88888888888889,0.0
1835606557,6982912055,533.47,700,0.0,38.409839999999996,13.888888888888891,0.0
4884699284,4143720017,18.833,900,1345.2420315492448,1.8455856317452322,10.204349056505734,6.137514472441804
4284967347,4884699284,19.155,900,1452.0808473761304,1.512699283737486,12.662794387442945,6.046443560424997
1426686873,1426686862,154.22,900,1412.6274507577843,19.973625458947694,7.721182131755316,63.688542815998645
1658531621,1658531532,57.198,2000,9572.81638668159,12.993397796152259,4.402081803186082,245.91457175313178
6632176649,4115494080,54.27600000000001,700,2498.369422170829,16.211087441708372,3.348078911742656,73.76730219705293
6632176644,6632176649,91.432,700,42.94330529624385,6.5831107450737845,13.88887465829427,0.8256972865718408
1439430739,4358010936,185.518,700,172.33534576319786,16.701057109201848,11.108159129507102,7.386918334883126
1440184124,3996636596,168.612,1200,5319.192632674572,20.831113169752125,8.094238585618818,253.32179752354352
1440184124,3996636598,296.899,700,3.4098283807011387,35.62788000145109,8.333333332993925,0.2800510545953701
3996636596,3996636598,107.25000000000001,1200,877.0404518557567,6.56782148799582,16.329615565225645,19.049655967567283
3996636596,1468860820,773.659,1200,4442.152180818815,64.37143605922759,12.018669263307459,764.0156092971125
1442029853,4358001352,1014.1950000000002,700,1.654322019086635,91.27755000020598,11.111111111086037,0.3876001773437974
1843209547,1442029853,229.202,900,1094.636980091737,19.114871364401356,11.990768634041403,55.8350512304269
4358001352,2023009302,415.375,700,980.3155131735376,47.78583694761033,8.692429107297912,109.3665748556906
1451368172,4337346119,416.091,700,0.0,37.44819,11.111111111111112,0.0
6302477702,1451368172,231.48700000000002,700,431.4865026150391,18.712361359781664,12.37080641770489,21.92454751744364
4332507087,2991672836,114.44699999999999,900,3912.128872778376,71.82302844018307,1.5934582888734048,360.4089757877235
3355971290,4332507087,19.144,900,856.812402050792,1.825339831079268,10.487910072438805,3.9109270073566464
1451822893,1970215312,13.683000000000002,700,0.0,1.64196,8.333333333333332,0.0
4331439683,1451822893,438.608,700,1246.9012499394485,54.578905634358094,8.036218295368144,155.2759727133152
1468860806,3996657169,782.49,1200,3429.3617334921955,68.77195742915286,11.378038800278464,612.4081901118716
1468897601,1468860806,49.641,1200,140.81311543542654,2.233875638447478,22.22191743605746,1.3973056419073449
3996657166,3996657169,81.28,1200,163.18606957994356,3.657690483591156,22.221672491051923,2.651394600476042
1468860820,4362196490,738.046,1200,3359.5097397912064,42.43610348166918,17.391936097969232,498.13153421266196
1468897324,4358119064,247.81299999999996,1200,3604.913790119701,35.09690959409689,7.060821105504992,279.28657005315443
1468897324,1757614262,21.669,1200,0.0,1.9502099999999998,11.111111111111112,0.0
4358119064,1756592910,3.674,1200,3689.89865506022,1.795650489969234,2.046055187534267,9.771498722284724
4358119065,4358119064,17.865,1200,241.56565032990105,1.608040997436456,11.109791372533683,0.9970287093092778
4358119065,1757614262,238.004,1200,3287.2304580986383,30.924679816464234,7.696247832234214,229.2686485241955
1468897601,3996657166,746.479,700,163.18606957994356,67.19746378868305,11.108737709915133,28.144381773923474
4261132461,1470172113,15.222,700,0.0,1.8266399999999998,8.333333333333334,0.0
1470172113,4363663820,388.601,700,1198.2684333940765,50.39817857868045,7.710615957942314,136.26677591495954
4261132461,2542288871,377.47,700,1154.083957935804,46.33732605983941,8.146132547927781,122.47861822319513
4368078509,4368078528,210.67299999999997,700,1287.3352501802387,25.199605482031195,8.360170564980562,74.85266246052771
4368078508,4368078509,32.255,700,0.0,3.8706,8.333333333333334,0.0
4368078508,1470172131,12.669,700,1022.6912540113678,1.102540341126198,11.490736009767367,2.942390629892652
4938677951,4938677950,12.003,900,0.0,1.08027,11.11111111111111,0.0
4938677951,4341204495,21.524,900,0.0,1.9371600000000002,11.11111111111111,0.0
4151736116,4151736118,84.033,700,0.0,10.08396,8.333333333333334,0.0
4151736116,885797792,134.673,700,0.0,16.16076,8.333333333333334,0.0
2887270168,1482250956,115.598,900,3144.6792272159605,21.707841905068218,5.325172373445877,141.35806542535735
1486993199,3736716073,41.291,900,1197.185390762275,3.646284796510482,11.32412916278941,11.308574597213411
1487317558,2981980782,60.70000000000001,2000,0.0,3.642,16.666666666666668,0.0
2981980782,1273691531,27.425,2000,0.0,1.6455000000000002,16.666666666666664,0.0
2981980782,5650038993,16.339,2000,2048.519325365461,1.022470451979468,15.97992388764707,6.8027898198684005
1487395422,6292469243,279.434,700,111.20728520633604,22.355750112690064,12.499424022519447,6.791329709690818
1487409326,3951062360,280.136,900,1886.4545934517944,40.277551834598384,6.955139705372148,167.12479237749812
3951062361,3951062360,23.996,900,0.0,2.15964,11.11111111111111,0.0
3951062360,4335637474,593.879,900,1886.4545934517944,85.38706987313108,6.955139705372149,354.2989996728597
1556533902,4286719073,2542.029,900,0.0,152.52174,16.666666666666668,0.0
1556533902,4286719026,36.565,900,0.0,2.1939,16.666666666666664,0.0
4286719014,1556533902,94.595,900,0.0,5.6757,16.666666666666668,0.0
4286719073,4286719081,85.782,900,0.0,5.14692,16.666666666666668,0.0
4286719074,4286719073,48.223,900,0.0,2.89338,16.666666666666664,0.0
4286719026,4286719019,98.235,900,0.0,5.8941,16.666666666666668,0.0
4286719074,4286719026,2540.161,900,0.0,152.40966,16.666666666666668,0.0
1556534101,4286719087,40.722,900,0.0,2.44332,16.666666666666668,0.0
4286719081,1556534101,50.812000000000005,900,0.0,3.0487200000000003,16.666666666666664,0.0
4286719087,4286719074,194.723,900,0.0,11.68338,16.666666666666668,0.0
4286719081,4286719087,44.209,900,0.0,2.65254,16.666666666666668,0.0
1557226699,1831118251,1681.825,1200,0.0,100.9095,16.666666666666668,0.0
1831118251,1557226699,1677.733,1200,0.0,100.66398,16.666666666666668,0.0
4285378993,1570774999,14.177000000000001,700,0.0,0.85062,16.666666666666664,0.0
4785198885,1570774999,2097.812,700,0.0,125.86871999999998,16.666666666666668,0.0
8198057045,1570774999,57.924,900,0.0,5.21316,11.11111111111111,0.0
4285378990,4285378993,29.167,700,0.0,1.75002,16.666666666666668,0.0
4285378993,1754173015,42.034,900,0.0,3.78306,11.11111111111111,0.0
6013907478,1571275956,39.052,700,7.795456097088228,2.8117440031283523,13.888888873436082,0.06401943556343373
6013907479,4379572810,183.054,2000,5080.467207276425,21.630047973392514,8.462949329801663,254.47687385663798
6013907478,6013907479,12.246,2000,4957.209260800256,1.363180100443074,8.983405784767315,15.94300590682101
8156645716,8156657717,7.806,900,0.0,0.70254,11.11111111111111,0.0
3759247709,1572589640,8.922,700,0.0,0.642384,13.888888888888891,0.0
1572589640,8013723183,1818.029,900,0.0998344734727777,130.898088,13.88888888888889,0.03816878787940587
3756733856,1572589640,1313.109,900,2072.629610942393,286.90452879051986,4.576815171010256,1187.4998883078683
3759247709,3759247724,1298.518,900,2177.985021701821,325.4443031654259,3.9899853442509126,1364.0928534586628
5467901749,3759247709,1814.4629999999997,900,0.0,186.63047999999998,9.722222222222223,0.0
5467901749,8013723183,8.527,900,0.0,0.76743,11.11111111111111,0.0
8013723183,8013723180,153.33,900,0.0998344734727777,15.771085740000002,9.722222206370429,0.0038190924795339946
1573127003,8742782794,25.429,900,1515.259258344583,1.700909914549686,14.950233273660642,7.940004198934949
8742782794,8742738144,141.382,900,1515.259258344583,9.45684240586983,14.950233273660633,44.14541168169496
8742782795,8742782794,39.925,900,0.0,3.5932500000000003,11.111111111111109,0.0
4353244477,1573127009,11.293,700,0.0,1.35516,8.333333333333334,0.0
1573127009,5460585605,1468.914,700,1158.3175712209234,163.12239131844592,9.004980788519712,446.1315261876901
1573127455,1573127009,1676.877,700,1158.3175712209234,186.2166104938081,9.004980788519712,509.2930527172014
4353244477,1573127222,1674.37,700,810.6962264740231,136.24347340533342,12.28954281735491,298.79729976365195
5460585605,4202201303,505.33799999999997,700,1088.2487268531956,43.1323703722358,11.715980263521173,123.71630381375844
4291281780,1573127030,8.569,700,53.47706497732896,0.6169695202219799,13.888854666462217,0.09636627482269014
3664624076,1573127030,10.237,700,0.0,0.7370639999999999,13.88888888888889,0.0
4354250482,1573127030,321.038,700,1497.1960097066733,58.1074555645116,5.52490204365565,181.66274458351782
1573127031,4291281780,9.475,700,1131.5989571548473,1.0192202404358819,9.296322447391645,2.7526757815911003
4296962146,1573127031,122.613,700,804.3349929665168,9.94138158889761,12.333597589386612,21.675562744471645
4291281780,3664624076,7.113,700,1078.1218921775176,0.720599910039876,9.870942114892003,1.8953466113357433
1573127132,1573127258,10.906,700,1793.136037552786,2.692545999448458,4.0504414788954355,9.331520356362626
1573127132,1573127299,2186.743,700,0.0,157.445496,13.88888888888889,0.0
1573127333,1573127132,44.223,700,824.4827841009277,3.627339104494212,12.191581411621662,8.054058934115638
4203559429,1573127132,301.953,700,968.6532534518584,22.922674449417823,13.1726775890092,62.62305659858343
1573127501,1573127258,2182.249,700,0.0,157.12192800000003,13.888888888888886,0.0
1573127333,4203559434,313.167,700,942.239868018412,23.252201812675008,13.468272919826866,62.68258479086271
3456196226,1573127455,9.723,700,1142.4857964956225,1.05939978281469,9.177838392761636,2.8760226904955863
3456196226,1573127339,927.857,700,10.840431815660873,66.80570427795469,13.888888831102179,2.11521569965223
4296962146,3456196226,8.742,700,6.930301110186515,0.629424000437442,13.888888879236283,0.012740601634587819
1573127455,1573127222,8.716,700,0.5690676026802076,0.627552000000018,13.88888888888849,0.0010430571712298363
1573127222,4296962146,9.547,700,811.2652940767031,0.777090750001854,12.285566389739195,1.7051310865853482
1573127229,4362005184,649.27,700,0.0,38.9562,16.666666666666664,0.0
3756611503,1573127229,58.634,900,0.0,3.51804,16.666666666666668,0.0
6986230275,1573127229,23.26,700,0.0,2.0934,11.111111111111112,0.0
4362005184,2576529631,1001.5559999999999,700,0.0,72.112032,13.88888888888889,0.0
4203559434,4203559436,68.044,700,1552.3302504714882,11.225163599318238,6.061737933523985,37.147120290003464
4203559429,4203559434,35.79,700,610.0903824530754,7.163028567010002,4.996489915569259,8.916320972997724
8198057045,4285378990,43.033,900,0.0,2.58198,16.666666666666668,0.0
1574755510,7566218814,79.416,700,1348.766877853709,121.1703669099006,0.6554077702764723,110.87656919823635
1574755563,1574755510,77.671,700,0.0,6.99039,11.111111111111112,0.0
7566218814,1574756124,72.215,700,0.0,6.49935,11.111111111111112,0.0
7566218814,1574756132,1067.937,700,1348.766877853709,127.96411333770821,8.345597622214777,398.0391334034807
1574755563,1574756032,468.104,700,1179.4434090212944,66.69156816426269,7.018938268883561,173.3878587688477
1574756124,1574755563,108.02499999999999,700,1179.4434090212944,100.4143196920164,1.0757927786726686,117.37330855366561
1574756032,1574756112,34.405,700,1544.3001105219969,8.402422521561624,4.094652454302631,25.15595170194226
6291571872,1574755567,8.44,700,0.0,1.0128,8.333333333333334,0.0
5711796795,1574755567,115.274,700,450.3976092611699,7.638754242473454,15.090680540427217,10.675279003894348
4682171796,1574755633,780.107,700,1324.3423658665854,135.2782938411558,5.766682723807887,377.70380882214
4284724853,4284612890,341.868,900,2254.268405501524,78.91417626370614,4.332149382863551,350.225371361239
4354712572,4284724853,239.933,900,102.12228486111914,21.594228946963668,11.110977872341982,5.660511613003911
1574755751,1574756124,980.928,700,1179.4434090212944,93.16964688222258,10.52840740332534,275.2476507649622
5582931369,1574755751,57.867000000000004,700,825.2311473315258,11.234111568159882,5.1510081281379385,19.05080039952563
3170902542,1574755751,64.271,700,354.21226168976915,3.8745492032525943,16.587994274545792,4.599809580787461
4284612890,4354712572,581.207,900,2096.458580429885,109.14413798919648,5.325132533068612,473.82017630159794
1574756029,5582931370,64.76,700,825.2311473315258,12.572296216393344,5.151008128137942,21.320093211558913
5582931370,5582931369,5.01,700,825.2311473315258,0.972625139656122,5.151008128137957,1.649377192555742
5582931370,4284464006,62.934,700,766.4132793350661,20.112748769883314,3.129060116051214,27.41216592210609
3170902542,5582931370,61.584999999999994,900,766.4132793350661,5.944126122640991,10.360648265087217,11.333063198526917
1574756112,4682171796,32.361,700,408.16466301014594,2.9368445533352396,11.01896930950911,3.0648270526744286
1574756046,4356638936,152.553,700,963.8391540197896,17.299666585823697,8.818262435474354,39.10409638236496
4682171792,4682171796,46.442,700,916.1777028564392,24.50105755069988,1.895510016410429,31.792573862462792
1574756132,5582931369,50.234,700,0.0,3.01404,16.666666666666668,0.0
1574756132,4284464006,52.764,700,1348.766877853709,6.322375267596156,8.345597622214779,19.666082207940427
4284464006,1841300518,136.383,700,2115.180157188777,57.531605303957825,2.370575256495019,192.89287951472735
1575374999,3304660120,14.266999999999998,700,958.814867606996,1.1716256412389459,12.177097784334281,3.0232922315999677
3304660120,1577491991,990.2999999999998,700,968.6190443537376,82.01030306257428,12.075312040298106,212.79269511866826
1752556174,1575375027,6004.958,700,804.9341005912514,487.04067588624093,12.329479440445319,1062.5014291079726
1752556174,2887143258,138.679,1200,282.5905785285992,8.35035787795173,16.607551679451703,7.916946617463827
5016567042,1752556174,218.23699999999997,1200,236.05406293863885,13.095638295887106,16.66486161797404,10.402126949390444
1575375039,1575375244,18.534,700,0.0,2.22408,8.333333333333334,0.0
1575375039,6013983551,657.899,900,2006.687157471507,64.09663512652862,10.26417375422732,318.7256697983456
1575375244,1575375105,16.458,900,677.6895815647273,1.19041932157185,13.825380436759524,2.3488859520855048
1575375244,7566548113,488.92699999999996,700,178.1173597263979,58.68903198391446,8.330807025987506,24.095703631871682
1575375276,1575375244,640.311,900,855.8069412911253,46.64098149524301,13.728506122138668,115.6646481900427
6013983551,5045615973,19.845,900,1757.5267976872683,2.443282711421046,8.122269235252714,9.826747114004442
6013983551,5045616007,304.487,700,253.0326050904094,21.928412306372184,13.885501410036834,16.203372438239857
6013983550,6013983551,21.358,700,3.87224530617172,1.537776000020574,13.888888888703068,0.017392037942135934
1575375179,1577277230,11.893,700,0.0,0.9514399800000001,12.500000262759611,0.0
1575375179,4276378235,401.605,700,958.8740370200292,36.28020743392044,11.069534283437326,89.13702805056136
1575375400,1575375087,12.544,900,675.7738371203079,1.539891388641714,8.146029059273223,2.3833170319299968
1575375400,4368167757,1043.852,700,380.3651456328685,75.63131131628487,13.801849813692689,83.66216353780156
1575375074,1575375201,11.403,900,2174.9713364291647,0.763213865417502,14.94076629983943,5.111437548775493
1575375074,7566548112,299.029,700,772.998422717107,19.871721316156837,15.047966667933915,47.55854597222301
4355975718,1575375074,603.728,900,2593.320775653403,66.37443883601735,9.09579064753454,407.7784015391584
4374677113,1575375074,9.184,700,354.64898349287125,0.553666347073398,16.587607407503317,0.6581020257497865
1575375201,4374677114,9.135,700,988.1315206755638,0.7055319698889959,12.947676915954984,1.9451308083257974
1575375201,5711943167,162.698,900,2127.6716286058654,10.58912625952809,15.364629338856396,70.8941179338692
4276378236,1575375201,298.334,700,940.8318128522648,22.125520407498936,13.483705445359222,59.601009322472635
7566548112,4276378231,0.881,700,969.1580066112696,0.080292128163882,10.972433041030072,0.19856265292234543
4276378236,7566548112,20.0,700,196.15958389416213,1.4406423544442999,13.882696103096745,0.8251391093515964
4368167758,1575375087,1039.343,700,19.24255547234254,74.83269909112448,13.888888315178667,4.205800596396385
4276378223,1575375105,484.426,700,409.22653707121214,29.311148464662637,16.52702215281743,40.075642944476755
1575375297,1575375357,358.951,700,131.8585083928308,25.84682582631214,13.887624051483602,9.953658286463341
1577492042,1575375297,419.751,900,1743.1313774361145,60.985941123920455,6.882750225122974,233.25081032419484
1577491991,1575375114,13.038000000000002,700,1522.7485970757157,2.23580917034154,5.831445801793687,7.195600053925639
1575375357,1575375128,14.931000000000001,700,915.5811396475054,1.30263755554245,11.462129228864713,3.1083917639141068
5045616007,1575375128,1219.395,700,0.0,87.79644,13.888888888888888,0.0
1575375131,5380586778,14.514999999999999,700,609.2554960359453,1.3605789863706481,10.668252372998088,2.0883572872279488
5380586778,1577564138,13.086,700,110.71765886308664,0.785195546746506,16.66591214662697,0.29255151435535764
5380586778,1746796489,395.63,900,1683.487646943158,53.711899853871934,7.365779298001878,201.66838158609698
1746796486,5380586778,344.888,900,1184.9498097702988,30.22960985683762,11.408946447980371,93.13984161190555
1575375327,1575375399,611.492,700,983.4145308318424,51.30342692917949,11.919125808966301,134.1960725369083
6008202064,1577492042,32.52,900,1743.1313774361145,4.72485546276219,6.8827502251229795,18.07099054378149
1575375329,1577277230,408.485,700,25.5058939637513,29.410923750117917,13.888887117949238,2.1910067251177634
4276378235,4276378236,15.820000000000002,700,1136.9913967464263,1.712551069193112,9.237680723561589,4.637098002325629
1575375329,4276378235,28.625,700,178.1173597263979,2.0616249958045443,13.884678376645876,1.0723090569922777
1575375189,4375855314,10.763,700,333.5237593301003,0.648187497333276,16.604763350543355,0.7252031182943709
1575375189,4194294462,95.474,900,626.5638686020309,4.369335445953054,21.85092016417039,11.950496334437904
1575375197,1575375189,31.43,900,0.0,1.41435,22.22222222222222,0.0
4375855314,4375855313,31.237,900,1817.7861194437523,1.739924811254292,17.95307463745034,11.375848260439982
4194294462,4375855314,95.844,900,1484.2623601136506,4.76886084211944,20.09788148009866,28.380527381298958
5711838590,4194294462,166.259,900,1484.2623601136506,71.53717988757573,2.3240921750240133,166.7568906308192
4375855311,1575375197,99.769,900,0.0,4.489605,22.22222222222222,0.0
4375855313,1575375197,10.577,700,717.8490807785855,0.685391554884714,15.4320547497541,1.5535278899948346
4374677114,4374677113,11.235,900,2904.8000132583,1.587092946310866,7.078980488266492,10.182903512185849
5711943167,4374677114,160.888,900,1916.668492582736,11.529698980200743,13.954223807254921,64.753774116055
7566548113,1575375329,1.008,700,203.6232536901492,0.07261359037293,13.881698932983454,0.04317032522793568
4276378223,7566548113,25.859,700,25.5058939637513,1.8618482373999,13.888887117949258,0.13870091412125332
1575375276,5045616014,37.048,900,0.0,3.3343200000000004,11.11111111111111,0.0
6013983550,1575375276,10.702,900,855.8069412911253,0.816115875134244,13.11333393464453,1.964212941470575
5045615973,1575375302,747.803,900,1757.5267976872683,92.06823590066985,8.122269235252713,370.29332184902313
4368167757,4368167756,96.819,700,380.3651456328685,7.014929252740218,13.801849813692694,7.759804082922118
4368167758,4368167757,17.656,700,0.0,2.11872,8.333333333333332,0.0
1577492228,1577491942,17.547,700,788.2646435254753,1.410343503724962,12.441649820526225,3.0287283797895483
1746771546,1577491942,124.372,700,1580.2082842554016,25.77713020178239,4.824897070636674,82.41470191623245
1577492201,1577491985,13.281000000000002,700,862.4970846639931,1.1156612235745862,11.90415129554076,2.5577206793053278
1577491985,1745492187,355.012,700,1641.985585841761,81.54010500959167,4.353832999825539,263.9383536503382
4356601163,1577491985,638.06,700,936.402467979244,47.151832760815125,13.532029671819052,126.71667959633282
1577952901,1577492201,56.983,700,862.4970846639931,4.786817521493166,11.904151295540743,10.974068027170825
1577492201,4051135788,690.832,700,1250.0913379443637,71.94745898182258,9.601895741370626,217.15361961747297
1577491991,4939211132,238.986,700,463.1301383689847,17.445493572481595,13.699010521374696,23.37832404764447
1577492208,6302571555,269.431,700,1262.0208971336117,38.02767535546932,7.085129382257891,106.02533376168172
1577492228,1746771546,123.57699999999998,700,1688.4494688625327,30.684498697406333,4.027342966187861,99.97182343051318
4272328591,1577492228,1007.87,700,1169.474699226247,113.46203919767449,8.882882831358959,311.91405336484365
6300395390,5711782270,26.338,700,824.9898896984172,2.1609933195683704,12.187913660584877,4.8003622375817345
6300395395,6300395390,17.939,700,4.42677581949075,2.15268000024906,8.333333332369186,0.021967554643100545
1577492204,4356625958,11.818,700,966.9143821253416,1.074975784020396,10.993736022406782,2.654665829906609
4356610910,4356631543,80.867,700,1451.176401391856,15.11339000509479,5.3506857146371125,45.46568074220729
4356625958,4356610910,5.051,700,966.9143821253416,0.45944344940658,10.9937360224069,1.1346012105989352
2887298636,4374900293,508.426,900,1550.5668435783173,34.345922098601804,14.803096523086143,162.84381207683353
1746707950,2887298636,80.341,900,1990.8055216613664,6.469514582973822,12.418396924467537,35.050516950893666
1577952883,1577952901,10.942,700,862.4970846639931,0.9191751455728561,11.90415129554078,2.1072644885896294
1577952901,1577564041,424.32,700,807.1814592544458,34.45841257970888,12.313974099023481,75.32847138329485
4051135788,4356601165,64.258,700,188.20893525044036,3.87880026617982,16.566462717939036,2.444041011818836
4051135788,1577492203,287.151,700,1061.882402693924,23.82902136868317,12.050473897236195,67.70589489954659
1577492203,2865056328,404.12699999999995,900,2632.604962185932,32.27341669074459,12.521977572826867,232.33800234997318
2865056328,1577952906,105.207,900,2176.4309986424755,9.397075722327966,11.195716955863452,52.688726302705014
6302571554,6302571555,12.401,700,0.0,1.48812,8.333333333333332,0.0
6302571555,5809906370,110.47299999999998,700,1262.0208971336117,15.592234649820925,7.085129391717355,43.472862012026525
1746771540,1746771546,89.538,700,1580.2082842554016,18.557494323538993,4.824897070636674,59.332064935641625
1577563997,1577564097,37.754,700,1174.2556162595,4.750445731367899,7.947464750666391,12.68886062752894
1577563997,1577564089,468.6460000000001,700,0.0,28.11876,16.666666666666668,0.0
1577564011,1577563997,374.04,700,532.7932797553141,27.584702125199748,13.559689653429292,42.2364065375717
1577564097,6290715358,14.839,700,1174.2556162595,1.867136265120852,7.947464937187932,4.987286105706309
1577564089,1577564066,312.342,700,540.8108823810431,28.835263834224293,10.831945280461916,39.55683814097877
1577564013,3304645708,15.812,700,1844.2326585589483,5.67369251335041,2.7868975914351672,17.795386670533507
1577564056,1577564013,10.457,700,281.0669862441701,0.838132954245924,12.47654080062782,0.6428233800904658
1577564004,1577564085,1110.749,700,529.6225290427461,81.86970978162012,13.567276627251035,124.65531968712642
1577564059,1577564004,517.359,700,0.0,41.38872,12.500000000000002,0.0
1577564066,1577564004,9.173,700,529.6225290427461,0.8451401349751381,10.853821301800851,1.1364415038899842
1577564085,1577564056,15.604000000000001,700,529.6225290427461,1.150120280488566,13.567276627251099,1.751180157171348
1577564085,1577564059,433.562,700,1559.9630637582145,96.56813317023321,4.489700543715636,299.3589354130759
3304645708,1577564085,10.525,700,1559.9630637582145,2.34425428632723,4.4897006529482075,7.267133047398589
1577564011,1577564030,14.834,700,1032.1769912823693,1.433290730696166,10.349609944658578,3.6786652198713132
1577564059,1577564011,9.191,700,2210.230556211185,6.021889062767892,1.5262652473666567,16.632420985683023
1577564066,1577564011,514.375,700,11.188353338297183,41.1500001742713,12.499999947062182,1.2577085552680545
1577564030,1577564041,9.868,700,976.9992778323202,0.9055310755383,10.897472507096337,2.2503441284788304
1577564030,1577952883,419.99099999999993,700,862.4970846639931,35.28105360667983,11.90415129554074,80.88394441850213
3304645708,1577564076,813.8760000000001,700,284.2695948007341,58.71436063441886,13.861617348906274,48.683687754780216
1577564041,1577564059,14.401000000000002,700,650.2674924529703,1.214141858896146,11.86105222753202,2.094502373474027
1577564041,1577564056,433.612,700,1133.913244633796,51.96661134813459,8.344049934200012,135.88810346586962
1577564036,5937055839,1049.959,700,297.2141399039924,75.77477639544125,13.856312746086408,65.67331936006345
1577564076,1577564036,26.783,700,284.2695948007341,1.932169913932392,13.86161734890628,1.6020809178993833
1577564077,1577564138,576.893,900,1080.7939486443108,47.78508154912843,12.072659108196547,138.3305191240037
4272328375,1577564077,50.99399999999999,900,827.3335035005946,3.861225604241058,13.206687520146367,9.024399450942358
1841059573,1577564064,184.786,900,1683.487646943158,25.087094321455854,7.365779298001878,94.19279013160913
1577564076,1746796486,605.906,700,0.0,43.625232000000004,13.888888888888886,0.0
6290715357,6290715358,10.088,700,0.0,1.21056,8.333333333333332,0.0
1577952906,1577952951,9.668,900,2176.4309986424755,0.863544517793172,11.195716955863515,4.8418318733026435
1577952906,6129242513,63.861999999999995,700,668.4477761064445,5.416269876640374,11.790771408091759,9.574496796987711
7302541709,1577952906,12.629,700,668.4477761064445,1.0710919466025421,11.790771128527899,1.8934001659949322
1577952951,7302541708,12.679,700,3.0534119883591364,1.0143199800265619,12.50000024614321,0.008460662927815417
6129242514,1577952951,64.022,700,1174.2556162595,8.05565068038709,7.94746477225892,21.517355339536667
6129242513,6129242511,63.11899999999999,700,668.4477761064445,5.353254533776663,11.790771315233956,9.46310271480452
6129242514,6129242513,9.731,700,0.0,1.16772,8.333333333333332,0.0
7302541708,7302541709,9.666,900,2447.194532533288,1.032965230829136,9.357526963653306,6.047051568586791
4361878105,7302541708,353.667,900,2444.141120544929,37.712353208990706,9.378014626668405,220.66502721129913
3003540273,3003540274,17.906,700,1491.5986052302646,3.211938815405814,5.574825994229799,10.024290275491321
1941296732,1941296720,9.397,700,0.0,1.1276400000000002,8.333333333333332,0.0
1941296720,1804901764,112.776,700,1140.8778961818882,12.264446609135543,9.195359855535218,33.26982541978928
1938227611,3738207169,45.1,700,942.8982917954232,4.249935870562716,10.611924832180703,10.071980191651576
1938227632,1938227611,56.162,700,788.0570655633525,4.513536302158919,12.44301501976101,9.690932437587284
1578886499,1578886282,12.758000000000001,700,835.2641312150001,1.170312527871948,10.90136155612951,2.486842992346124
1804901725,1578886282,304.544,700,1087.1388852871844,31.154938379103495,9.77514371218485,82.32263419904774
1578886499,1804901715,393.603,700,1527.1232750839636,74.77612105443237,5.263752578359628,235.8357950280984
1804901715,1804901725,85.576,700,1140.8778961818882,9.306432955800725,9.195359855535223,25.24560704515045
1804901730,1804901715,36.302,700,1140.8778961818882,3.947860722182364,9.195359855535221,10.70938144985804
5711796795,5711796794,29.925,700,0.0,3.591,8.333333333333334,0.0
1756940732,1617053754,1654.62,700,0.0,148.91580000000002,11.111111111111109,0.0
1617053825,1617053754,1050.122,700,0.0,94.51098,11.11111111111111,0.0
1617053825,1756940732,1322.787,700,0.0,119.05082999999999,11.111111111111112,0.0
1760799303,1756940732,5383.706,700,663.3128242322817,410.23479959751273,13.12347466690303,765.6379405675481
1617053836,1617053825,67.455,700,985.1405209496284,7.793704934284632,8.655062074940043,17.901227420896845
1757278876,1617053836,434.7579999999999,700,425.65760541153,39.51521539442836,11.002293563640825,42.97402254625516
1617053951,1617053836,1235.109,700,559.4829155380984,91.55302877487999,13.490640523067926,146.7082671590645
1758292907,1757278876,421.853,700,0.0,30.373416,13.88888888888889,0.0
1617053926,1757278876,1168.748,700,425.65760541153,84.9821352785823,13.752866954551031,104.94604652248856
1617053971,1617053951,364.722,700,452.2519677642464,26.59095537378703,13.716017152190686,34.82608789637323
3739702478,1617053951,388.366,700,0.0,34.95294,11.11111111111111,0.0
1758293457,1617053885,512.773,700,634.1784478867547,38.718848680437695,13.243498127543068,69.48932531422042
1759542687,1617053885,218.45799999999997,700,610.5050169312077,20.484109510475662,10.664754544896356,31.501035178285232
1759542884,1758293457,20.384,700,0.1894990794654378,1.83456,11.11111111111111,0.0008923576825813642
1758293496,1758293457,96.41,700,636.7973867133572,7.285421273460174,13.23327730562526,13.122776897401634
1617053892,1759542687,15.125,700,610.5050169312077,1.4182229826600241,10.664754544896386,2.180982875754441
1758293414,1617053892,636.728,700,610.5050169312077,59.703952615084596,10.664754544896352,91.81440426534702
1617053933,1758293414,232.268,700,638.2623365746875,21.94932836222869,10.582009443154368,35.1682947842759
1758293496,1758293414,502.287,700,3.6929201161427687,36.164664002026456,13.888888888110637,0.39007568636836776
1617053926,3739702478,36.796,700,638.2623365746875,4.636296498967092,7.936507082365781,6.728731638884882
1617053934,1617053926,16.757,700,425.65760541153,2.030728096594536,8.251720172730627,1.9869760973316073
3739702478,1617053943,32.814,700,638.2623365746875,4.134564444969731,7.936507082365778,6.000559843416911
1617053933,1617053934,26.795,700,425.65760541153,2.234536584305436,11.991300651865911,2.538187920477231
3739702477,1617053933,27.25,700,638.2623365746875,3.5316035473908123,7.716041632173748,5.087121998946959
3739702477,1617053934,18.203,700,0.0,2.18436,8.333333333333334,0.0
1617053943,3739702477,40.032,700,638.2623365746875,5.044032542848428,7.936507082365774,7.320485513855849
1617053971,1617053943,434.407,700,0.0,39.09663,11.11111111111111,0.0
1758293496,1617053971,916.143,700,452.2519677642464,66.7936610048403,13.71601715219069,87.4794408992248
1759542884,1758293496,105.29499999999999,700,708.4522826715759,8.15662266839199,12.909141967303734,16.09314678569016
4347881487,4347900329,1073.509,1200,2640.0005370389867,85.97056477099399,12.4869366958282,619.6310461516433
4347881487,4347881889,57.06000000000001,1200,0.0,5.1354,11.111111111111112,0.0
4201081573,1617054227,162.866,1200,1802.5913559896385,10.482923117744141,15.53631541228433,59.9862526621104
1617054227,1617054254,327.374,1200,1802.5913559896385,21.071534100109112,15.53631541228433,120.57728119439126
1617054471,6016375936,388.118,1200,4341.312448916297,80.28715984318418,4.834122925235703,705.5441637556081
5436128346,1617054471,27.157,1200,0.0,2.44413,11.11111111111111,0.0
6016375940,1617054471,166.36,1200,4341.312448916297,34.41368839247889,4.834122925235703,302.419179430954
6016375936,6016375933,68.058,1200,0.0,6.12522,11.111111111111112,0.0
6016375936,6016375928,177.273,1200,4341.312448916297,36.6711816686698,4.834122925235704,322.2574849438777
1617117595,1814004171,14.064,700,0.0,1.1251200000000001,12.499999999999998,0.0
1617117595,1814004002,542.063,700,300.5100222855953,39.12443017305736,13.854847153103998,34.282332423228674
1617117596,1617117595,13.802000000000001,700,0.4507113565472685,0.993744000000012,13.888888888888722,0.0013081801476402825
1814004295,1617117595,286.324,700,300.0593109290481,22.961863563820486,12.46954539226259,18.79496807222378
1814004171,1814004174,13.809,700,491.7411069789042,1.011763191865884,13.648450656258381,1.4360314018212095
1814003996,1814004171,551.05,700,491.7411069789042,40.37454608427095,13.648450656258326,57.30502599562452
1814004002,4337556019,42.718,700,1886.941166506312,16.470383180201356,2.5936251471884555,51.28794434330957
1814003996,1814004002,16.62,700,1586.4311442207177,3.86694796924602,4.297963182380387,12.051989710344031
1617117596,6228632708,271.882,700,0.878417714361459,21.7505599800039,12.500000011491716,0.052193392888078956
1814004174,1617117596,14.258999999999999,700,0.878417714361459,1.140720000000204,12.499999999997765,0.002737311000641133
6228632708,6228632715,7.153,700,0.0,0.57223998,12.500000436879645,0.0
4361820077,1621906845,12.888,700,0.0,1.1599199999999998,11.111111111111112,0.0
1623011785,1623011784,30.985,2000,0.0,1.8591,16.666666666666668,0.0
1623028404,1673695312,565.051,2000,611.6489750901824,40.69756795142625,13.884146607345311,72.68810339998015
1623028404,4031954815,616.324,2000,8875.493918472,53.98467427908885,11.416647562116257,1246.2706944118136
3953009381,1623028404,110.07300000000001,2000,9487.14289356218,11.073606490850075,9.940122045238953,256.99699317955583
1673695312,4459619573,1082.985,2000,944.328587302874,78.12624358445021,13.86198734653551,215.1972645364561
1673695312,1673695393,82.037,2000,602.2780156900404,5.9085606598200116,13.884430527704701,10.391480763782607
1673695318,1673695312,35.242,2000,934.9576279027324,2.54215572933048,13.863037418750729,6.933193055435739
4031954815,4459619573,406.88200000000006,2000,7960.615902991938,29.524884812125794,13.780985178743004,682.8333272911424
5581400124,5581400123,30.842000000000002,900,230.172842760914,2.77663900878525,11.107673666766297,1.640247713131305
1641249722,1641255311,12.991999999999999,900,1440.930390273763,1.150026220269792,11.297133727048523,4.287824590530115
1641249722,5599156591,61.300000000000004,700,1392.554428050366,9.414127271508042,6.511490468747445,28.39959255576953
1641255311,4022602745,18.465,900,1744.666134342223,2.239638587579118,8.244633800473713,8.979741628308291
5599156590,1641255311,61.802,700,303.7357440684599,4.461154186795638,13.853365611734482,3.9507059879291426
5599156591,5599156588,22.379,700,1392.554428050366,3.4368475401154677,6.511490468747454,10.367936081656858
5599156590,5599156591,13.372000000000002,700,0.0,0.962784,13.88888888888889,0.0
4022602745,1641262397,257.511,2000,279.4056125016534,15.454336771619435,16.662701467260433,14.528504314063916
1641262397,4374564407,602.005,2000,8501.441816633938,95.30478106120587,6.316629588744191,1743.217017240121
4374564407,3949418115,106.24400000000001,2000,9013.94989130975,19.995966886046595,5.313271451461456,373.0464409569305
4267524449,4267524453,44.156,900,39.896244805706,5.29872148011441,8.333331005547885,0.487323985329152
3484320795,4927553715,105.312,900,2454.7498937021014,13.57858733748183,7.755740518698925,75.32659816003385
3484320795,3484320798,63.371,900,22.272150943605084,7.60452020630829,8.333333107252567,0.3904349496266821
7126241447,4624415034,596.102,700,487.2882421108983,54.56052104916181,10.925518828217966,67.7065586596667
7126241447,4382765230,61.089000000000006,700,41.871355531676414,5.498015091523158,11.111100821492297,0.5909118497186597
4341620362,4284792022,102.75699999999999,700,1217.1498951860829,12.290592351663289,8.360622259682534,34.5179971075905
4341620363,4341620362,10.149,700,0.0,1.21788,8.333333333333332,0.0
1673695393,2972496838,61.15800000000001,2000,780.867082213401,4.40737133652975,13.876298439639584,10.045713177961114
4829727160,1674134014,7.263,700,1246.9404168849685,0.9038311677073081,8.035792811199018,2.571426060994192
4829727160,1835638884,169.655,700,987.804919989484,19.64888865134164,8.634330572605482,45.21987065245448
1674175867,3757641389,11.976,700,445.7495242574237,0.872528093038212,13.725632556194975,1.1268498436912833
1674175867,2839607603,27.06,700,0.0,3.2472000000000003,8.333333333333332,0.0
3757644283,1674175867,12.519,700,445.7495242574237,0.9120891112846861,13.725632556194943,1.1779419833977274
3757641389,5502413843,24.274,700,0.0,1.747728,13.88888888888889,0.0
3757641389,7847837435,180.37,700,445.7495242574237,13.141106558225053,13.725632556194894,16.971435062341104
2839607603,3757644282,43.262,700,932.370351688022,3.824061219487968,11.313103404184693,9.232108791912223
5502413843,2839607603,26.799000000000003,700,932.370351688022,2.368846022399748,11.31310340418471,5.718905356073584
1674179857,3739384714,29.027999999999995,900,548.5581085335878,2.6176720655585997,11.089242377580078,3.6823994351223392
1674179857,5413129573,128.692,700,932.370351688022,11.375481634190418,11.313103404184687,27.46286682651673
7567398769,1674179857,4.841,900,1480.9284602216094,0.481329944807964,10.057550028248112,1.7518339472830489
3739384714,7567398770,6.949000000000001,900,994.3076327910114,0.6387230975771461,10.879518881279674,1.6141936097706362
7711686649,3739384714,130.234,700,445.7495242574237,9.488378729854638,13.725632556194897,12.254021588451138
7015621728,5413129573,19.852,700,0.0,2.3822400000000004,8.333333333333332,0.0
5413129573,7847837434,241.17899999999997,700,932.370351688022,21.318553484695332,11.313103404184684,51.46758740521931
1674266625,5182741173,16.348,700,83.25632230082604,1.1770730388441841,13.888687838821594,0.2862271642794768
1674266625,4060113156,624.024,700,1547.0148435939673,50.2040513748807,12.42975383281969,211.47370213131828
1674266634,1674266625,47.321,700,1630.2711658947935,4.032845769200286,11.733897775461857,17.342604535521073
5182741173,5182741174,47.339,700,959.8802919366112,2.983838614597578,15.865134182662382,9.247328101344378
5182741173,3757448199,310.693,700,452.4419840700589,22.65231224389386,13.715730061232497,29.679705667043553
5463384501,5182741173,624.149,700,1329.0659537058443,44.40294085599274,14.056478872069196,173.80575811627548
4060113156,4711675527,17.132,700,2380.751434197848,2.9932008086530737,5.723638704918472,14.998459553949568
4060113156,4711675544,586.904,700,0.0,52.82136,11.11111111111111,0.0
5463384501,4060113156,17.055,700,303.7478474336332,1.538886599052594,11.082687970965376,1.1983702073213016
3757448200,3757448199,46.169,700,536.2894680199402,3.4070106822150663,13.55117559243555,5.248701263797806
3757448200,5182741174,310.301,700,490.114546520168,22.730072836332845,13.651562062044952,32.15979569246777
3757448211,3757448200,943.368,700,568.977143636607,70.06719838406198,13.463760814712206,114.03427394956645
5182741174,1674266634,16.295,700,247.6785219170216,1.17457019210247,13.87315982438827,0.8490317279117083
3725402813,3756733881,132.576,900,2.467757941488188,7.954560000520404,16.666666665576297,0.06606072273401158
5581167462,1707756142,68.155,2000,9110.164396480495,8.385583977174173,8.127639075050716,174.85340967975304
4368666511,1707800056,28.987,700,932.7831873980316,2.352017496603912,12.32431308094198,5.944584199265327
1710500139,3760433268,12.262,700,566.4955927203684,0.910257912536514,13.47090734518402,1.4754962373326361
4341425370,1710500139,611.03,700,565.155831159049,45.34636331538976,13.4747299524376,73.3446971151191
3760433268,5113153184,619.353,700,566.4966328025716,45.97709129873752,13.470904367910867,74.5273828290549
3792809300,3760433268,940.367,700,37.498769118383926,56.42205361172448,16.666656738006292,7.12016862317921
4341425372,5413173076,25.412,700,672.8650002130552,2.428323094938882,10.464834787826943,4.082012541382669
4341425370,4341425372,16.982,700,5.768329334703179,1.5283800005098018,11.111111107404922,0.022629832329736328
3725402737,1710920312,15.313,700,3.8158605462264745,1.3781700000880321,11.111111110401376,0.013498802053683123
4335726758,1710920312,1307.457,700,2.763832869797687,78.44742000137914,16.66666666637366,0.7296507665235722
1710982589,1710982611,57.441,700,382.0404382735085,5.202869967378306,11.04025285278159,5.086698536134996
3725402773,1710982589,8.449,700,545.5267032666417,0.7807001842211699,10.822336372866058,1.0798841161132462
1710982611,3725402776,14.294,700,948.7007640149424,1.600429458043434,8.931352724208653,3.5753839038732327
5474383238,1710982611,193.681,700,566.660325741434,17.972785523550755,10.776348482332295,25.773741982727117
3725402776,4488982995,470.93,700,948.7007640149424,52.727735041024,8.93135272420862,117.79456708066515
3725402776,3725402763,58.391,700,0.0,5.25519,11.11111111111111,0.0
3509285998,1712297563,11.562,700,870.5037326961447,0.9764837746636621,11.840442514246988,2.252954090872673
1712297563,1712297586,131.079,700,870.5037326961447,13.838059667351905,9.47235401139759,28.941089574958465
3509285998,4105902193,33.747,700,1402.0114788329752,4.381859248274358,7.701525331579301,13.857888201716838
3455030576,3509285998,30.722,700,720.1849610576319,2.809246712045508,10.936027750168753,5.154581977496509
4105902206,3509285998,28.816,700,1552.3302504714882,4.753752193844489,6.061737933523983,15.731459324506812
1712297586,4196284004,19.557,900,2389.2678977606106,2.006226447585138,9.74815182181475,11.63852922965324
7287228776,1712297586,47.413,900,2493.2362255413955,5.238832116224741,9.050299560690489,30.891550923152515
4196284004,6986230245,977.7530000000002,900,2389.2678977606106,100.30137177510426,9.748151821814739,581.868735996376
4194419105,4196284004,28.164000000000005,900,0.0,5.06952,5.555555555555556,0.0
1713766775,6986230251,23.505,900,0.0,2.11545,11.11111111111111,0.0
6986230251,8737538757,57.293,900,2060.6750606321675,4.787543651683908,11.967097152179178,26.29793253893543
6986230249,6986230251,328.096,900,2060.6750606321675,27.41650676248205,11.967097152179173,150.59861543809134
1717282079,1717282085,76.218,2000,9695.022118766414,18.03675441694461,4.225704815739858,341.9711244571422
5052471339,1717282079,1002.1439999999999,2000,7882.272328715205,129.01203740155768,7.767833298227567,2299.040837227761
3990641391,1717282079,603.319,2000,1812.749790051208,51.46175057176063,11.723639271825862,245.96104041585673
1717282183,1717282190,281.153,2000,2196.539948152865,26.74124661926016,10.513832956370177,147.03908413780204
1717282183,2990330546,582.041,2000,8034.489483221731,78.8048776947601,7.385849924854351,1413.0672337519243
3738262366,4373191055,178.504,700,1555.7102620009373,35.5336656411158,5.023517748010046,112.93216868290189
4355852528,1726146240,604.952,900,1444.1521135170944,71.60529219581022,8.448425827880317,239.34449921317233
4357818355,1726146240,29.694,900,1711.089157209114,43.085171499296564,0.6891930324679061,52.09113429121251
1726146781,5049902694,264.977,700,0.0,19.078343999999998,13.88888888888889,0.0
1726146781,4044789657,39.99,900,1120.6255410248343,2.81659678973607,14.19798536507857,9.361706761342491
5711943178,1726146781,359.7,900,1099.9370386651656,25.06504616915525,14.350661777062378,82.39979504694425
4044789657,3170902542,675.733,900,1120.6255410248343,47.59358335880782,14.19798536507856,158.18990234964355
4044789653,4044789657,51.413,900,0.0,4.62717,11.11111111111111,0.0
1727274154,7287228784,50.965,700,435.09801461645344,5.37927294410862,9.474328692656668,5.623571147740646
4354250473,1727274154,24.364,700,1078.1218921775176,2.4682547741053917,9.870942114891939,6.4920884069428055
7287228784,6986230257,27.037,900,2110.567339139389,2.32325193928104,11.637566956413234,12.878791304330283
7287228784,7287228776,27.842,700,1072.456677469105,2.803585902233892,9.930853189772264,7.352568491103895
1727538025,3756611503,142.953,900,1489.3186953175975,9.496202808572477,15.053701240558228,43.800500887359995
3746737679,1727538025,48.053,900,0.0,4.32477,11.11111111111111,0.0
3797225271,1727538025,36.686,900,1489.3186953175975,2.43700864084902,15.05370124055822,11.24051384408644
3756611503,6986230275,50.477,900,1489.3186953175975,3.353128854716676,15.05370124055822,15.46604746518975
1727538153,1727538072,55.18599999999999,900,0.0,4.966740000000001,11.111111111111109,0.0
1727538153,3797225272,49.471,900,1765.198283133837,3.595894959538752,13.757632121252417,18.419612158041957
6829165680,1727538153,258.744,900,1765.198283133837,18.80730620789746,13.757632121252414,96.33854436377695
3797225272,1727538072,28.247,700,0.0,2.033784,13.88888888888889,0.0
3797225272,3797225271,50.19,900,1953.7407678446468,3.966980771742186,12.651939318061773,21.323667971914016
1738600361,1738600393,30.586000000000002,700,0.0,1.83516,16.666666666666668,0.0
1738600361,4201360291,33.341,2000,465.4075463361298,3.0007578654779277,11.110859820970532,3.5847563012715256
4201360293,1738600361,44.161,2000,465.4075463361298,3.9745798895465283,11.110859820970528,4.748100627469242
4201360294,1738600361,31.212,700,0.0,2.80908,11.111111111111112,0.0
1738600393,4201358383,216.04700000000003,700,0.2191282187284212,12.962820000000006,16.666666666666657,0.009559218739486505
4374506883,1738600393,93.78,2000,0.2191282187284212,8.440199999999999,11.111111111111112,0.004747347126136344
4201360291,1738600459,139.443,2000,1604.0838363989349,12.589923601739226,11.075762205636956,51.75980727335191
4201360294,4201360291,32.042,2000,1138.6762900628044,4.097435198817144,7.82001384896824,10.566920667348999
4201358383,4201360290,34.104,700,0.0,3.06936,11.11111111111111,0.0
4201358383,4199787081,57.719,700,0.2191282187284212,3.46314,16.666666666666668,0.002553835722895585
1738600416,3777709478,40.394,700,466.1954622741768,2.949758020388592,13.694004633871161,3.97809024582057
3777709477,1738600416,41.829,700,0.0,3.011688,13.88888888888889,0.0
3777709478,4201358373,441.546,700,466.1954622741768,26.567234646715452,16.619945804355254,41.58034692350499
3777709478,7566176122,52.925000000000004,700,1129.2033585825743,5.677220893680678,9.322342919387,15.315277508108721
4374506883,1738600459,187.503,2000,6261.603290966976,10.415980237351393,18.00147424700556,235.16799626435522
1740887207,4358122016,543.815,700,766.9752226718225,54.045969019475635,10.062082517274037,101.89166714595356
2477162366,1740887207,370.756,700,1302.4885174925034,55.37911426079335,6.694870529239999,157.251296708142
2477162366,2477162365,14.386999999999999,700,0.0,1.72644,8.333333333333334,0.0
2477162365,6292597680,136.758,700,771.9180094655848,12.11095167248928,11.292093610665926,24.184698070094157
4358122016,4372846086,464.1960000000001,700,0.0,41.77764,11.111111111111112,0.0
2832443285,4366590208,80.327,1200,3383.8220194490523,9.17392755495216,8.756009846255962,72.63914967168854
6027804512,2832443285,37.186,700,673.4570300642966,4.738870462377768,7.8470176163755285,7.234697609199214
6027804512,4080312172,41.124,700,20.855419219613363,3.701160041669916,11.111110986015449,0.1981329605201282
4145398823,6027804512,36.942,700,0.0,4.43304,8.333333333333334,0.0
4358119065,4358119066,30.583,1200,0.0,2.7524699999999998,11.11111111111111,0.0
4765289121,1745996650,2054.243,700,0.0,147.905496,13.88888888888889,0.0
4765289121,6292470215,1539.19,1200,0.0,79.15834284,19.444444448655414,0.0
2887143239,4765289121,67.968,1200,0.0,3.4954971599999998,19.444444349083668,0.0
4374900353,1746707950,78.197,900,2767.600205742318,35.041281956224395,2.231567900332192,149.3776520289092
4355975715,4355975718,30.15,900,2593.320775653403,3.590946762424776,8.396114449672682,21.514604659509153
4355975714,4355975715,34.376,900,0.0,3.09384,11.11111111111111,0.0
1746771522,5711838605,121.754,900,1580.2082842554016,6.222949451406396,19.565320424141227,38.39427042976579
3649829081,1746771522,9.093,700,1471.707314956775,0.890661897917136,10.209261248588833,3.240990687485691
7383217303,1746771522,15.055000000000001,700,545.435874591738,1.357208146936686,11.092624247784094,1.898655024058302
5711838602,1746771522,206.48600000000002,900,2203.571971578553,14.063242078623139,14.682674083657385,94.18213688228697
5711838605,5711838613,19.352,900,1580.2082842554016,0.9890970135159121,19.565320424141262,6.102517546502184
5711838608,5711838605,23.104,700,0.0,1.663488,13.888888888888888,0.0
3649829081,5711838613,144.711,700,0.0,17.36532,8.333333333333334,0.0
4374853083,3649829081,223.96,700,15.2143221202345,16.12512416492783,13.88888530155404,0.7165559901362751
7383217303,5735144312,208.754,900,2082.345386761458,13.240641191088457,15.766154900451555,88.56657008414795
5711838608,7383217303,137.222,900,1682.1968813139897,7.251888453906438,18.922243615879314,46.1082346007267
1746771540,4352933909,166.28,700,1688.4494688625327,41.28776749237096,4.027342966187861,134.5178698303546
4352933916,1746771540,160.885,700,1580.2082842554016,33.34475277806709,4.824897070636673,106.60992279446383
4352933909,5735144313,327.25,700,6.252587548543362,23.56200001084989,13.888888882493298,0.4302951655470214
4352933909,5711838608,8.105,700,1682.1968813139897,1.9914441652611419,4.069910741854606,6.483500228738634
4352933916,4352933909,10.101,700,0.0,0.727272,13.88888888888889,0.0
4356601165,4356601163,117.09700000000001,700,0.0,8.430984,13.888888888888888,0.0
1841059573,1746796489,11.571,900,0.0,0.8331120000000001,13.888888888888888,0.0
2887143258,2887143239,67.059,1200,282.71767526211886,4.024436729502012,16.662952981322668,3.8282397782974047
4375805782,2887143258,691.835,900,0.1270967335195301,41.5101,16.666666666666668,0.01775467672761547
1752585667,4341832541,399.206,900,0.0,23.95236,16.666666666666668,0.0
1752585667,4341768998,64.304,900,0.0,7.71648,8.333333333333334,0.0
4341832541,4341753125,945.3999999999999,900,107.25265103466528,56.72482755187764,16.66642351861511,20.47388932428248
4341832541,5058538520,22.618,900,0.0,2.0356199999999998,11.111111111111112,0.0
4341832546,4341832541,49.815,900,107.25265103466528,4.484396528371944,11.108518099331704,1.2344221433597198
4341768998,4341767886,109.56,900,1324.0328719356878,8.416291878229188,13.017609368254435,31.195182596672165
5058947218,4341768998,95.738,900,1324.0328719356878,7.354499377856023,13.017609368254439,27.25962387221798
1752585700,4357818351,61.416,900,1268.4107196074688,3.892692091447752,15.77725608838444,15.869615637857889
1752585700,3317923763,23.1,900,1785.879811669152,52.51344037829351,0.4398873856596227,45.44747455618623
4357818351,4357818352,66.124,900,1268.4107196074688,4.191096324327396,15.777256088384428,17.086141468635468
4357818350,4357818351,24.215,900,0.0,2.17935,11.11111111111111,0.0
1752938326,7086792206,36.341,900,0.0,4.36092,8.333333333333334,0.0
7086792206,7086792211,111.773,900,1501.0162368004148,7.447794233662163,15.007530618235135,34.540811514463094
6652403856,7086792206,310.466,900,1501.0162368004148,20.687347432279342,15.007530618235126,95.94220059987039
1752938378,6652403856,40.047,900,0.0,4.80564,8.333333333333332,0.0
4064542267,6652403856,156.873,900,1501.0162368004148,10.452952187176553,15.00753061823513,48.4779036503304
1752989168,5724092515,268.133,900,1620.9302653882028,33.999450495841565,7.8863921648614586,125.09940279848357
3759223890,1752989168,1939.61,900,1620.9302653882028,273.2709935605718,7.097752947460471,979.0086518971576
5724092516,1752989168,265.873,900,1776.0046934229122,40.14092730322347,6.6234892380936445,155.03797813354464
5724092516,5724092515,14.056,900,0.0,1.26504,11.11111111111111,0.0
5724092515,4497392691,921.567,900,1524.5137851745742,105.86956053551874,8.70474001534009,376.9754292850015
3759223890,8013723177,444.956,900,0.0,45.76690284,9.722222225863865,0.0
8013723178,3759223890,445.62,900,0.0998344734727777,45.8352,9.722222222222221,0.011099354262027943
4067049915,4067049910,14.341000000000001,700,860.6332513895484,1.332830871188862,10.759804795943898,2.9008937213372383
4067049916,4067049942,347.736,700,892.8798855024002,37.289159390359075,9.325391231262387,79.55034977098784
4067049915,4067049916,14.601,700,3.4488713007452354,1.75212000119499,8.33333332764979,0.013930142079288003
1753996151,3746757876,43.669,900,1772.314294322658,3.18315330624402,13.718786309895796,16.339837897050103
1753996151,4117007181,25.656,700,0.0,1.847232,13.888888888888888,0.0
3496249018,1753996151,18.822,700,1258.7342452175164,2.38014790486347,7.9079119249438685,6.805753290189236
3753463047,1753996151,42.738,900,513.5800491051413,2.5681653417416457,16.641451897725748,4.432906430086486
3746757876,3746757875,19.708,700,7.116011188821091,1.418976001096212,13.888888878159202,0.029492134509765035
3746757876,6829165677,371.726,900,1765.198283133837,27.019620580329953,13.757632121252408,138.40530308787586
8070423947,3746757876,24.689,700,0.0,1.7776079999999999,13.88888888888889,0.0
1754039597,3746772339,38.06,900,0.0,3.4254000000000002,11.11111111111111,0.0
1754039597,3757469572,481.066,900,2176.8313855835904,42.9791353223391,11.193012525544184,240.99713719714836
3725402606,1754039597,78.186,900,2176.8313855835904,6.985250826939348,11.193012525544187,39.16843461998201
3746772339,3725402605,76.454,900,1076.3802446569234,4.721345174887332,16.193266361175226,16.688403226985752
5941791932,3746772339,476.809,900,1076.3802446569234,29.444893288681506,16.193266361175212,104.07801886436111
3757469572,5413173071,327.175,700,914.0422133549296,28.510551329086347,11.475576049847112,67.95848699205067
3757469572,3793010430,34.89,900,2086.714942782004,2.957842129898184,11.795761392174436,16.326137846388466
5941791932,3757469572,33.97,700,823.9257705533439,2.7854296969649583,12.19560487813215,6.1816660817609295
4354635094,3398706026,508.607,700,36.45155739082167,36.61972347840077,13.888881501248614,3.8987512196637235
4354635090,4354635102,62.044,700,531.1129822731364,4.5742592701095415,13.563726132759022,6.9831821572552695
4354635090,4354635094,17.072,700,0.0,2.0486400000000002,8.333333333333332,0.0
1755155773,5589085009,88.167,1200,3638.028036708056,10.007624146894974,8.809983139440266,85.35863529957426
5589085008,1755155773,14.77,1200,445.0440776728954,1.331119183046112,11.095926035864471,1.5196280003497098
3122728365,1755155773,23.7,1200,0.0,2.133,11.11111111111111,0.0
5589085006,1755155773,155.14,1200,2955.854128954485,12.17560466230527,12.741872317873577,99.43722066183035
3122728365,5589085009,105.354,1200,163.24716092607744,9.482094918585757,11.110835833703447,3.973239566736284
5589085008,5589085012,141.434,1200,3306.853844812588,13.267442237392247,10.660231073129529,110.49411384953238
5589085018,5589085008,137.686,1200,3646.725292108143,15.71043584678206,8.763983465691181,134.09836392402855
5589085006,3122728365,142.003,1200,163.24716092607744,12.780586638608243,11.11083583370345,5.355391709809333
1756541588,5436128337,36.199,1200,0.0,3.25791,11.11111111111111,0.0
1756541588,4333193987,308.007,1200,4341.312448916297,54.61300924347668,5.639810079441654,497.3713417948634
6016375929,1756541588,720.624,1200,4341.312448916297,149.07026799796648,4.834122925235704,1309.993500590597
4333193987,4333193986,25.768,1200,4341.312448916297,4.56894815080092,5.63981011591978,41.61030324325435
4333193987,2469870161,17.821,1200,0.0,1.6038899999999998,11.111111111111112,0.0
7115050625,4333193987,36.48,1200,0.0,3.2832,11.11111111111111,0.0
4080321132,4366590200,28.648,700,61.46120230200323,3.4377747793003617,8.333297507590155,0.487071412121564
4145398829,4080321132,32.548,900,405.6455473429434,1.954031578668234,16.656844421205832,2.666133890069053
2832443284,2843704375,211.06599999999997,900,630.1957192839058,12.707461329109998,16.609611828327523,26.87048657534218
2832443283,2832443284,84.851,900,571.5643075867687,7.726447868807311,10.981889924159674,11.273257924609583
1756592910,3918788473,72.666,1200,0.0,6.53994,11.11111111111111,0.0
4366943118,4366943117,16.27,1200,10.064841363639008,1.464300000524202,11.111111107133466,0.03783005205413754
1760799303,1760799452,738.328,700,386.0681702177316,53.51542091166477,13.796546629404656,60.06978336805405
1760799372,1760799303,516.589,700,663.3128242322817,32.80311382922215,15.748169600283639,69.82953018381286
4365688776,1757027023,17.725,700,0.0,2.1270000000000002,8.333333333333334,0.0
1757230428,6292424472,260.168,700,9.310170585673363,18.732096042402457,13.888888857449642,0.5093760802866321
1757230428,2174954258,182.465,700,0.0,16.42185,11.111111111111112,0.0
2174954267,1757230428,123.342,700,0.0,8.880624,13.88888888888889,0.0
6292424471,6292424472,16.944,700,0.0,2.03328,8.333333333333332,0.0
6292424472,4357620780,118.26300000000002,700,9.310170585673363,8.514936019274629,13.888888857449643,0.23154401533984953
2174954258,4357620775,33.079,900,2691.264944011363,2.702213218270962,12.24144703916663,19.629822046711922
4357630799,1757230541,513.681,700,1456.879125966911,87.18393156441832,5.891922866777948,269.06782472593426
4938677835,1757230541,819.2699999999999,700,0.0,73.73429999999999,11.111111111111112,0.0
6023368552,1759542884,146.007,700,708.6417817510415,14.139013331082277,10.326533866336192,24.890959289590633
1758886630,2534600449,15.784000000000002,700,991.39253317004,1.222669065038838,12.909462136018483,3.3758347819445116
1758886630,4545693010,5.281,700,0.0,0.42247998000000003,12.500000591744014,0.0
2534628410,1758886630,16.536,700,784.3711596088503,1.4737424070146938,11.220414043385215,2.9811666596074824
2534600449,2534628411,16.066,700,0.0,1.28527998,12.500000194510147,0.0
4545693005,2534600449,16.113,700,0.0,1.28904,12.5,0.0
4545693010,2641707416,1155.116,700,0.0,92.40928002,12.499999997294644,0.0
4545693005,4545693010,18.718,700,0.0,2.2461599999999997,8.333333333333334,0.0
1758916466,2732413514,27.93,1200,6260.612799876076,19.41629852487033,1.4384822093780887,146.41375236236115
3737948908,1758916466,64.086,1200,6260.612799876076,44.551124499278195,1.438482209378089,335.9495787287603
4145455868,1758916466,2834.853,700,0.0,204.109416,13.88888888888889,0.0
2732413514,2732413517,108.212,1200,3017.0927903283728,25.260920447174893,4.283771061560906,149.59665916223503
2732413514,3737948913,74.617,1200,3243.520009547701,7.8915553625658905,9.45529703231262,61.45651964966726
6023368552,1759542980,70.134,700,830.3056287159602,7.215911663129466,9.719354015703624,14.531122027284312
4346761137,6294869897,1737.839,1200,1634.5376793392063,111.6299583013884,15.567854959759362,580.1652080366753
4346761137,2866680485,131.087,1200,0.0,9.438264,13.888888888888888,0.0
4347589942,1759655317,4.992,700,0.0,0.29952,16.666666666666668,0.0
1759655337,1759655317,143.472,700,0.0,12.91248,11.11111111111111,0.0
4347589942,1759655332,137.365,700,0.0,12.36285,11.111111111111112,0.0
1759655332,7575681825,33.892,700,195.10510248702025,2.44128931567854,13.882828136074462,1.3907599520928908
1759655337,1759655332,60.584,700,195.10510248702025,4.363952316212346,13.882828136074444,2.4860675362208102
7575681825,5589381657,81.616,700,0.6998561445792191,5.876352000000426,13.888888888887882,0.012011883630607536
7575681825,7575681836,23.561,1200,194.405246342441,2.120595659716956,11.110557494560172,1.058170091276925
3951181900,1759655337,9.747,700,195.10510248702025,0.702090374127186,13.882828136074542,0.39996864313257907
1759655343,7575681836,134.697,1200,1907.7246245828424,7.559542517368566,17.818141731529973,51.51129913397999
1759655343,3951181900,24.794,1200,0.0,2.23146,11.11111111111111,0.0
4347713092,1759655343,8.651,1200,0.0,0.77859,11.11111111111111,0.0
5589381664,1759655343,145.953,1200,1907.7246245828424,10.974493091100864,13.29929307790555,59.40954357264141
7575681836,5589381657,64.295,1200,2102.1298709252837,3.751534508067594,17.138320295797623,27.19579530023351
7575681836,7575681837,10.65,1200,0.0,0.9585,11.11111111111111,0.0
5589381664,3951181900,164.393,700,0.0,11.836295999999999,13.88888888888889,0.0
1760799123,4345363376,21.854,1200,1634.5376793392063,1.637755066086318,13.343875682353213,7.61269194496077
1767758592,1760799123,15.844,700,0.0,0.95064,16.666666666666664,0.0
6294869897,1760799123,615.399,1200,1634.5376793392063,55.342152278637556,11.11989640196101,232.28147281206765
4345363376,1767758619,46.325,700,811.0172238991149,3.7701527618411705,12.28730052237379,8.27078830227943
1760799379,1760799452,18.69,700,0.0,1.34568,13.88888888888889,0.0
1760799452,1760799447,109.16100000000002,700,0.0,9.82449,11.11111111111111,0.0
1760799343,1760799372,203.699,700,663.3128242322817,12.934773066981137,15.74816960028365,27.534859373529986
1760799379,1760799343,33.048,700,0.0,2.3794560000000002,13.888888888888888,0.0
1760799379,1760799372,204.476,700,0.0,14.722272,13.88888888888889,0.0
1760799379,1760799447,107.82,700,386.0681702177316,7.814999136827663,13.796546629404656,8.772150105025935
1760799447,1760799540,90.135,700,386.0681702177316,6.533156623984056,13.796546629404666,7.333312462590546
1760799540,1760799613,68.81,1200,2.1415488360186665,6.192900000004542,11.111111111102963,0.034042542792959374
1760799512,3042202133,27.255000000000003,1200,0.0,2.45295,11.11111111111111,0.0
1767758714,1760799512,320.041,1200,2640.0005370389867,51.74221065104419,6.18529815354036,292.5170417548282
1760799613,3988986197,204.687,1200,1151.99266465068,13.035758938415286,15.701962652654203,48.07931291700189
3988986197,3988986198,27.375000000000004,1200,0.0,2.46375,11.11111111111111,0.0
1767758482,1768675246,71.388,700,0.0,8.566559999999999,8.333333333333336,0.0
1768675246,1767758482,70.835,700,0.0,4.2501,16.666666666666668,0.0
1767758482,4346274131,384.315,700,0.0,23.0589,16.666666666666664,0.0
4346274132,1768675246,349.784,700,0.0,25.184448000000003,13.888888888888888,0.0
4346274132,4346274131,14.453,700,0.0,1.7343600000000001,8.333333333333332,0.0
4346274131,1767758546,476.23099999999994,700,0.0,28.57386,16.666666666666668,0.0
1767758548,1767758546,13.934000000000001,700,0.0,1.67208,8.333333333333332,0.0
1767758546,3737943666,666.297,700,0.0,39.97782,16.666666666666668,0.0
1767758548,4346274132,475.192,700,0.0,34.213824,13.888888888888888,0.0
1767758613,1767758548,680.59,700,0.0,40.8354,16.666666666666668,0.0
3737943666,1767758613,30.562,700,0.0,1.83372,16.666666666666668,0.0
3737943666,4341442802,27.388,700,0.0,1.6432799999999999,16.666666666666668,0.0
1767758592,3737943663,80.837,1200,1364.4308286908124,4.966056062533464,16.277907253177588,22.34845537373786
4341442802,1767758592,29.554,700,0.0,1.77324,16.666666666666668,0.0
1767758619,1767758592,68.841,1200,1770.7944571930414,4.41032416354335,15.609056714935814,24.88482895342143
3737943663,6294869896,527.166,1200,1364.4308286908124,38.862440371535556,13.564922710981321,152.42376745571764
4341442802,3737943663,97.51,700,0.0,11.7012,8.333333333333334,0.0
1767758617,1767758613,19.975,700,0.0,1.1985,16.666666666666668,0.0
1767758617,4341442802,45.988,700,0.0,3.3111360000000003,13.888888888888888,0.0
1767758619,1767758617,24.926,700,0.0,1.7946719999999998,13.88888888888889,0.0
4341404456,1767758714,29.444,1200,0.0,2.6499599999999996,11.111111111111112,0.0
4347900329,1767758714,1245.484,1200,2640.0005370389867,99.742957807747,12.4869366958282,718.8952806964198
1804901730,1941296732,191.229,700,1527.1232750839636,36.329405144569655,5.263752578359627,114.5790129837126
1804901764,1804901730,77.894,700,1140.8778961818882,8.471011599737562,9.195359855535225,22.97935537037194
1804901764,1804901704,78.719,700,0.0,7.08471,11.11111111111111,0.0
1941643828,1941643832,18.906,900,19.07804666852112,2.2687200331369617,8.33333321161653,0.09977678851141396
1804901988,1804901984,12.683,900,1517.2132810712046,1.4466794948602801,8.766972950857316,5.138043360475192
1804901987,1804901984,12.117,700,748.8497943447777,0.9550811788778579,12.686879678894398,1.9709880989275472
1804901988,1804901989,11.741,700,46.09637504000184,0.845353149949572,13.88886999557568,0.11381488848047533
1804901989,1804901987,13.089000000000002,700,1023.9346702901032,1.568142459413952,8.3468181869724,3.703198284392164
1805672190,3952351826,1039.92,700,0.0,124.79039999999999,8.333333333333334,0.0
1805672190,3952351826,1008.1119999999999,900,2211.925537656029,240.13686200223066,4.198072680697541,1036.893657909826
3725508766,1805672190,200.298,900,2211.925537656029,47.71189429864077,4.198072680709014,206.01651988232464
4284437401,1809564424,1393.346,700,0.0,125.40114,11.11111111111111,0.0
4289513810,1809564424,135.798,700,0.0,12.22182,11.111111111111112,0.0
1826853913,4284437401,56.049,700,0.0,5.04441,11.11111111111111,0.0
1813129772,1813129601,659.09,700,0.2325063878522468,47.454480000000046,13.888888888888877,0.03222601771860461
1814004423,1813129601,14.53,700,0.0,1.04616,13.88888888888889,0.0
1813129939,1813129772,492.876,700,0.2325063878522468,35.48707200000003,13.888888888888875,0.02409903155726072
1814004423,1813129772,667.662,700,558.5220989750044,49.481033004844505,13.493291458459076,79.16447389285577
4336189865,1813130377,442.221,900,754.8686767831613,27.48314814762486,16.090623884302623,67.76682514731321
5120653592,1814003862,123.135,700,1828.3913504991165,43.019026387622205,2.862338140582127,135.2101069837005
1814003862,5762617139,600.583,700,1828.3913504991165,188.84026745004732,3.1803757117579186,617.6350952697874
5762617136,1814003862,619.298,700,1785.5194220045262,201.2565946433365,3.0771563093249656,635.1121319118657
5120653592,1814003996,389.836,700,1785.5194220045262,126.68709691843637,3.077156312540527,399.7906870250334
4285018369,5120653592,395.203,700,1828.3913504991165,124.2629914883722,3.1803757117579194,406.4238291058951
5762617139,4288572928,95.877,700,1403.7755701393992,14.979431456076401,6.400576702869956,45.376007072619224
5762617136,5762617139,22.83,700,0.0,1.64376,13.888888888888888,0.0
4285018369,1814003996,29.197,700,292.65282919509417,2.106829749073902,13.858262639795223,1.7981208054940985
4337556019,2934584642,10.761,700,748.5030644058475,0.9422924949068221,11.420020915123699,1.8348172725653271
4337556019,1814940080,19.997,700,1138.438102100465,2.168417522821386,9.221932487421228,5.8754859551517935
1814004174,1814004416,608.734,700,490.8626892645428,44.59545761183679,13.65013462354126,63.188069019767205
1814004416,1814004423,14.879,700,558.5220989750044,1.1026961098266481,13.49329145845911,1.7641983624226043
1814004295,6228632715,17.881,700,0.0,1.4304799799999999,12.500000174766516,0.0
5794680516,5794680517,13.996,700,0.0,1.007712,13.88888888888889,0.0
5794680517,5794680515,153.212,700,300.0593109290481,12.286895437169969,12.46954536102809,10.057189237732342
8357821970,4335883542,210.615,1200,2446.1955956305023,15.754938855102994,13.368188981056072,109.72729958731101
4336189857,4336189874,38.926,900,0.0,2.33556,16.666666666666668,0.0
4336189857,4336189865,29.982000000000003,900,0.0,2.69838,11.111111111111112,0.0
4336162805,4336162804,30.393,900,942.7158242156916,1.982377713941436,15.331588821976577,5.870530636195595
4336162805,4336162812,29.914,900,580.5384746470359,2.72597609476524,10.973683906269246,4.038370199582034
4336217882,1814005323,545.111,900,279.65692753300874,32.72871640669992,16.655434732796607,30.78410350344417
1814195452,6302440064,176.93,700,0.5303050663851384,12.7389600000003,13.888888888888562,0.01973123566840427
1814940168,1814195452,18.477,700,0.0,1.330344,13.88888888888889,0.0
2934584642,1814195452,488.01900000000006,700,0.5303050663851384,35.13736800000083,13.888888888888559,0.054423884585197445
6302440063,6302440064,10.277,700,0.0,1.23324,8.333333333333334,0.0
6302440064,1814196825,420.158,700,0.5303050663851384,30.25137600000072,13.888888888888559,0.046856025071866855
1814940168,1814940080,501.95199999999994,700,0.0,36.140544,13.88888888888889,0.0
6302440063,1814940168,163.903,700,0.0,11.801015999999999,13.88888888888889,0.0
1814196876,1814196825,78.16,700,0.0,5.62752,13.88888888888889,0.0
1814196825,6302440063,420.403,700,0.0,30.269016,13.88888888888889,0.0
4054790942,1814939575,172.204,700,0.0,15.498359999999998,11.111111111111112,0.0
1814939575,5762548732,782.743,700,0.0,70.44686999999999,11.111111111111114,0.0
1814940080,1814939575,791.925,700,0.0,71.27325,11.111111111111109,0.0
4054790942,1817562025,407.273,700,0.0,36.65457,11.111111111111112,0.0
5762548732,4285018369,37.931,700,1886.4108614399256,13.150512276816665,2.8843743271408075,42.77343664970269
1814940080,5762548732,23.711,700,1886.4108614399256,8.220500292520626,2.8843743271408084,26.73804952152858
2934584642,1814940080,15.415,700,747.9727593394621,1.214543020995744,12.692016448591504,2.5041063833303907
1814997411,1814997393,67.917,900,2563.5980399873297,35.22083817444756,1.9283186749733074,129.07142781267714
1814997411,4337336537,489.849,900,2.336378215478426,29.390940000096553,16.666666666611913,0.23109003850763937
4336162812,1814997411,54.047,900,2565.9344182028094,18.741734724612744,2.8837778783103953,82.91157452634958
4337336536,4337336537,43.652,900,0.0,3.9286799999999995,11.111111111111112,0.0
1815030097,1815030125,74.326,900,108.46027090615296,6.689442061570531,11.110941587638166,1.8623331200062907
1815030214,3951088453,179.568,900,1778.3441240367456,22.654714906922436,7.926297052854578,91.57681572369744
3951088453,4336045818,57.706,900,1778.3441240367456,7.280322654475548,7.9262970528545855,29.429139535728414
3951088454,3951088453,24.44,900,0.0,2.1995999999999998,11.111111111111112,0.0
1817561959,2941238417,5.194,700,0.0,0.373968,13.888888888888888,0.0
2941238417,4336149045,467.5249999999999,700,0.0,33.6618,13.88888888888889,0.0
1817562025,2941238417,67.867,700,0.0,6.10803,11.11111111111111,0.0
1817562025,4288690307,97.967,700,0.0,7.053624,13.88888888888889,0.0
1825885291,1825885289,362.557,2000,9080.226718718695,69.78007778576904,5.195709312808189,1304.6606557744108
1825885286,5873968060,240.12100000000004,2000,1626.664798173775,14.65342868238558,16.386676811594395,79.06165319049937
1825885289,1825885286,7.678,2000,9344.369786750698,1.615366905969582,4.753099727143091,30.428974510424794
2990124469,1825885297,788.922,2000,2691.434012721098,53.39681005477425,14.774702818215674,438.8127427425715
4356786037,1825961131,10.038,700,0.0,0.722736,13.888888888888888,0.0
4356786037,4331517663,224.797,700,903.8091459796824,24.299103573214207,9.251246628200802,52.32770478418309
4375920182,1826853913,57.176,2000,0.0,3.43056,16.666666666666668,0.0
1826853924,1826853919,126.01600000000002,2000,6472.622579790497,9.305462084508887,13.542153936641474,172.94410724161457
4375920182,1826853924,231.915,2000,5971.254007231483,14.961791669289132,15.500483172482161,283.08822590056155
1826853919,4375920183,1350.246,2000,5568.81343381081,79.04887930194822,17.081152976785116,1513.5829495560183
4375920183,7330263491,30.042,2000,11.191368103580402,1.802520001104054,16.666666656458236,0.06788719637825448
6315360064,1831121665,257.018,700,0.0,18.505296,13.888888888888886,0.0
3344678230,1831121665,14.347,700,0.0,1.032984,13.88888888888889,0.0
3344672203,1831121665,490.09000000000003,700,1062.1403962418767,48.8168651367353,10.039358296098394,127.33705768229602
5883334476,3344678230,114.88000000000001,700,944.8631128484928,10.257576642643224,11.199526360097186,24.972676913555567
3344678230,3344672203,507.3020000000001,700,944.8631128484928,45.29673699483108,11.199526360097185,110.27758481546444
3344678243,1831121679,15.47,700,0.0,1.11384,13.888888888888891,0.0
1831121679,3344678250,18.554,700,863.3293016329927,1.559476822313358,11.897579838651682,3.577583297662301
3344672203,1831121679,233.93900000000002,700,791.7177959658515,18.837450588376758,12.41882487773303,40.58775809481468
5984044880,1831121679,1863.419,700,1533.6760697034672,357.8073070514601,5.207884141203415,1130.5437328301477
3344678243,2687164507,1783.628,700,1581.276505152331,308.6039361814081,5.779667045307943,1029.319251334798
3344678250,3344678243,16.423,700,794.1916279776025,1.32418552204608,12.40234070421176,2.85985616629813
5762617152,3344678250,997.834,700,794.1916279776025,80.45529660873962,12.402340704211738,173.76007537246142
5762617353,1831121693,442.42900000000003,700,0.0,31.854888000000003,13.888888888888888,0.0
3346478396,1831121693,1154.237,700,0.0,83.105064,13.88888888888889,0.0
5762617152,5762617353,18.855,700,863.3293016329927,1.5847760851955581,11.897579838651675,3.6356221341717556
5762617353,6482792190,11.9,700,859.972837446852,0.997986284410296,11.924011567986264,2.2832948024414526
3346478396,4288572163,1269.033,700,0.0,91.370376,13.88888888888889,0.0
4288572169,3346478396,1252.774,700,0.0,90.19972800000001,13.888888888888886,0.0
1940315061,1940315047,15.947000000000001,700,376.6422656549451,1.1551454838503818,13.805187504906097,1.265505415667614
1940315061,6292292769,640.151,700,123.25794647616964,51.21564130099443,12.499130807282706,17.244234954639566
1834912724,4341776250,69.935,900,137.20956948610095,5.038468334743926,13.880210284888962,2.018324484390042
4333065499,1834912724,102.92300000000002,900,1780.231212859116,13.01395428870126,7.9086646315761175,52.63020560175651
4333033233,4341776250,510.88500000000005,700,740.1697070549599,50.137463479142816,10.189685806752632,91.68459181362438
1835606539,3952895409,465.63100000000003,700,450.9137923099758,33.942995544530746,13.71802908170335,44.32787943689395
6982912055,6982912069,29.425000000000004,700,643.2180898464288,2.227858713567384,13.207749585198284,4.048374343977159
6982912055,6467338702,934.068,700,2.173872864138003,56.044080000074494,16.666666666644513,0.41000437062330175
6982912056,6982912055,22.254,700,645.3919627105668,1.349026772950626,16.496336800881632,2.9042767087440327
1835638884,3759042632,29.534000000000002,700,619.9111203546827,2.776325099923338,10.637803188400204,4.3304466471662675
5794928721,3759042632,286.685,700,1753.7126726820466,66.22006042138503,4.329277233752241,228.59061512104498
3759070865,1835738675,12.128,700,1918.904429608344,5.550332336680397,2.185094380718407,16.23688993884318
1835738675,7567389992,536.544,900,2079.8115475672234,118.32597383912922,4.534456658936621,490.2890167661588
4134658361,1835738675,267.757,700,1721.801327431922,87.90825728368691,3.0458685938446823,266.49822271645445
4497392692,1835738675,1557.222,900,1524.5137851745742,178.893568016478,8.704740015340088,636.995934036318
3759070865,4497392693,1557.387,900,1727.392070007071,222.20693262047777,7.008723722675055,845.8024190496596
7567389991,3759070865,536.541,900,2621.667975386169,239.8376361602166,2.2371009345738355,969.6589675761298
7567389991,7567389992,27.845,900,0.0,3.3414,8.333333333333332,0.0
4134658361,4105902205,2647.441,700,1673.5271722145485,534.236485009411,4.955560083009611,1820.5914714896057
3522097875,4134658361,2651.368,700,1721.801327431922,580.3200670701032,4.568802890767023,1994.4920390204131
2839607611,2839607608,7.533,700,41.71953415267921,0.542376495030978,13.888876212398827,0.0660898204173861
1836213618,1836204832,443.117,700,1125.5415535910383,47.331057295656805,9.362076938869931,127.45925372414426
2991672836,1836213618,43.192,900,3783.246130699336,24.26368784777175,1.7801086245002335,125.57491539735896
2833675292,1837272288,539.342,700,992.5244499332651,49.42778432803268,10.911717110777214,124.86051177335585
4362108510,1837272288,56.418,700,777.460978679764,7.515385059071736,7.5070005803493025,13.093550992596265
2833684004,2833675292,15.193,700,0.0,1.093896,13.88888888888889,0.0
4344516896,2833197401,21.344,700,641.5132656066746,2.7914248781214543,7.646274190392641,4.031857530408109
2833197404,4344516896,10.514,900,1082.7773830296892,6.481470787441176,1.6221626764672696,9.098171628688828
2833197404,1839133850,7.124,900,1776.3430569364536,0.896662435739514,7.945018901259701,3.6228060710436303
1839133850,2833197401,21.407,900,541.8261839032579,2.21955368752485,9.644731785637571,2.908360501663107
4356139163,4365225103,348.991,900,2334.424347102612,34.482491695460595,10.120817343543143,198.3290703113765
1840977018,1840977019,16.563,700,822.6213588743947,3.8250186759360543,4.3301749359293575,6.193952454555583
1840977020,1840977018,20.104,900,3158.008595649958,2.0329690749830998,9.888984661592614,15.67389707313902
1840977019,1840977021,20.027,900,1785.2303125613414,1.102049767124082,18.17250055073522,7.156601243978152
1840977019,7085445129,22.298,700,1644.3252396580583,1.826461678211376,12.208304321958764,8.094253417530433
1840977020,1840977021,16.064,700,2947.4253375082444,6.351380357712714,2.529213981098281,30.556229048528223
7085445128,1840977021,22.722,700,1743.657377132575,2.53596374805057,8.959907261082384,10.423463943369885
1840977021,4357932985,81.971,900,3389.059588858421,9.389258848535766,8.73029504483021,74.39061943607591
7085445129,7085445128,19.896,700,448.5812118734147,1.812484731750828,10.977195918655172,2.075072591639261
7085445129,4356668502,77.889,700,1547.1113034636892,6.212999110462752,12.5364576133343,26.303063149864723
7085445128,4357932981,18.143,700,891.8317622809117,1.9440828114685862,9.332421382962867,4.143606085669581
4356668506,7085445128,78.805,700,2074.0711641781118,11.92266414155109,6.609680442591734,53.752216617813666
4357932985,7085445107,37.166,900,3554.518333167926,4.682953297382946,7.936444726188088,37.84970044398973
4357932981,4357932985,68.896,900,165.45874430950605,6.208838070215286,11.096440142400281,2.635281055117677
4351514723,4351514722,15.894,900,0.0,1.43046,11.11111111111111,0.0
4351474149,4351514722,45.851,700,679.707191650314,4.3919606549101795,10.439756546711983,7.450323300424291
4365493160,1841171186,68.769,700,1389.9999048407356,8.76677227753869,7.8442781245947,27.621648657366613
4365493155,4365493160,15.106000000000002,700,0.0,1.8127199999999999,8.333333333333334,0.0
4365493155,4354035770,396.417,700,1356.5308955805583,48.05091944327255,8.249935788804162,149.82522463787075
4284464016,1841300518,231.004,700,0.0,16.632288,13.88888888888889,0.0
1841300529,4356640290,24.389,700,0.0,2.92668,8.333333333333332,0.0
4356640290,4356655351,164.853,700,1477.0162384948242,15.231275118153377,10.82332232338973,57.044841535302915
4356640175,4356640168,235.675,700,2310.172566592252,45.73150718781702,5.153449218983632,217.12341580677287
4356640172,4356640175,25.844999999999995,700,325.92491053311466,3.270102725888766,7.9034214415926956,2.4207532833522643
2840658985,1841300535,40.828,700,1580.20790727056,4.030444820293182,10.129899259365148,15.697566548646092
4356633427,4356633402,208.796,700,2439.883384781344,25.065255585166444,8.33009658690913,140.96355932649152
4356633423,4356633427,22.704,700,402.7766654362911,3.0701287017086223,7.395129717970623,2.760630632963624
1841915498,1841915497,29.12,700,897.0531437794144,2.1774389348923977,13.3735093707411,5.56266804461993
1841915498,6128998296,86.374,900,2134.1703504321854,8.207861922311345,10.523325175002086,43.86725715683393
4356633423,1841915498,134.551,700,1304.857412520724,10.216513814257302,13.169952338559167,37.5932105572479
1841915497,4356638064,138.761,700,1350.1912682750158,11.966806723637212,11.595491028188407,42.358721194425236
6128998297,1841915497,86.095,900,2325.964511468383,9.227515447621357,9.330247181779937,51.29006785983655
4356638064,4356638072,24.42,700,1350.1912682750158,2.105991021909762,11.595491028188418,7.4545439393479755
4356638064,4356638068,28.545,700,0.0,5.1381000000000006,5.555555555555555,0.0
6128998297,6128998296,29.938,900,0.0,2.69442,11.11111111111111,0.0
3663141583,1842066758,16.095,700,0.0,1.9314000000000002,8.333333333333332,0.0
1842066758,1843209547,320.533,700,1396.0275434055525,49.487579753459734,6.477039321721754,149.48170867624046
3663132185,1842066758,637.135,700,1396.0275434055525,81.97353867417854,7.772447186066105,258.7621855223283
3663141583,3663132186,646.064,700,1418.046809807955,85.98788410393965,7.513430604002962,273.30638563880007
1843209549,3663141583,322.684,700,1418.046809807955,51.53714999293382,6.261192170002468,156.9268226508313
1843209547,1843209548,19.933,700,1330.1456129113897,2.788731361890144,7.147694565492256,8.212348064315808
1843209549,1843209547,14.465000000000002,900,1028.755049597574,1.170096027402504,12.362233236626613,3.2673510673704205
2470149857,2470149843,16.623,700,1396.6467539880475,2.568881937195564,6.470908514443933,7.761318534679819
2470149916,2470149857,166.872,700,1337.4728521646691,23.598022123236245,7.071440103265532,69.69519919433002
4362123834,4362142777,332.358,700,944.9926930040812,37.099036608829245,8.958669291183204,82.63792172662598
4337745395,4341331576,7.270999999999999,900,245.66820302811263,0.654652802013156,11.10665069734763,0.41274029916539434
2991672835,3355971290,111.744,900,3776.630252726214,62.41593701286628,1.7903119835718455,323.5021839103427
2991672836,2991672835,19.725,900,128.8827420790414,1.775304005106672,11.110773108865258,0.5873015519021436
4368055833,1843155183,8.671,700,1163.9326449315952,0.88138642642542,9.83790961606522,2.4995456065140087
4368055832,3672786697,395.642,700,1313.796961145921,49.14155534234581,8.051067924972065,147.38259308713404
4368055833,4368055832,32.624,700,0.0,3.91488,8.333333333333334,0.0
1843209548,1843209550,12.982999999999999,900,1824.1800750437749,2.076009789324042,6.253824074802327,8.129594112602115
1843209548,6292428307,337.546,700,814.8338117688572,34.41397479734426,9.808399116571927,68.24517135389843
1843209550,1843209549,19.647,700,617.8158544342882,1.476676486620594,13.304877661431844,2.5895119063992644
1843209550,4373092579,748.053,900,1806.8848992135052,117.15680566141201,6.385058006462757,456.55577296303846
4373092580,1843209549,746.624,900,1828.9860049712413,120.08115683288062,6.217661618959016,470.86209505733285
4373092579,3736716010,41.014,900,1805.757732071793,6.414782648825736,6.393669473354309,24.990161382756195
4373092579,3736716006,52.53600000000001,900,1.1271671417125395,4.72824000000084,11.111111111109137,0.013680052845371533
6302477702,6302477701,15.822,700,0.0,1.8986399999999999,8.333333333333334,0.0
6302477701,6292295418,175.456,700,734.1666615989477,15.265081258314348,11.493944711524895,29.249360936369268
5583096117,1844317456,41.762,2000,1471.319834632527,2.534376294501108,16.47821599760538,12.426951823568144
2470149904,2114005299,114.17699999999999,2000,7353.750755158448,16.508006207051018,6.9164621437585785,266.6641563614312
2469993820,2470149904,224.26399999999998,2000,423.1296300360877,20.185338901219538,11.1102419977923,21.92265967514687
1844317456,3736732150,138.766,2000,1471.319834632527,8.421178604538612,16.478215997605343,41.29204532228481
5583096115,1844317456,13.921,2000,0.0,0.83526,16.666666666666664,0.0
3736732150,3736732151,16.844,900,1937.6083432676828,1.761167526305172,9.564110028384263,8.227157770255653
7567378975,3736732154,3.012,900,2716.3220139502064,1.518557434338654,1.9834613639830845,5.985522846822258
3736732153,7567378975,57.49,900,2469.257228879216,21.105550139946185,2.7239280482525525,87.80501561559602
1844317468,8236801665,1.868,900,3336.4939205940404,1.972163593856082,0.9471830865448562,5.946043432607774
8236801665,3736732153,15.735,900,2641.2491879831327,7.2119318078569075,2.181800995796687,29.0180613424998
1918036667,5579260618,215.417,700,1458.0485260122264,45.786349732826366,4.704830178797973,134.23979423171482
1918036685,1918036667,113.555,700,0.0,10.21995,11.11111111111111,0.0
1844351690,1844351683,26.273,900,2218.005961691012,3.20969188816671,8.185520889672198,16.327117093291957
3736732152,1844351690,56.307,900,1190.3791421153053,4.701541214623013,11.976285526301591,14.92470440185643
3969389402,1844351690,38.269,900,1027.6268195757075,3.8676848094340626,9.894549810950002,9.705412336608182
1844351699,2477162281,112.712,900,1374.84515790699,9.426711270795984,11.956661953695617,34.530914615558906
2469993266,1844351699,844.114,2000,347.60750159792576,50.64864454637853,16.66607285466548,59.24725191727979
3736732151,1844351699,446.814,900,1053.0015333268532,30.442884777248093,14.67712417102904,97.3977020128152
2477162269,2477162281,44.316,900,0.0,3.98844,11.11111111111111,0.0
3370211399,4357989262,59.646,900,1205.008152773603,5.292832521793979,11.269202219114103,16.483070022115854
3370211400,3370211399,17.244,900,0.0,1.55196,11.11111111111111,0.0
1844372159,4372813278,738.188,900,2137.4865250149983,146.22737928891198,5.0482201321649125,639.268338456599
4357955934,1844372159,145.862,700,632.8830663587282,13.762110776112449,10.598810195103182,21.879666366530042
4357955933,1844372159,170.364,900,1504.6034586562712,15.997658521737293,10.649308445264841,60.59245975298445
4372813278,4372813277,15.14,900,0.0,2.7252,5.555555555555555,0.0
4605138481,8504991389,51.977,1200,2157.160313363113,4.692336814377798,11.07699682613089,25.944005526607352
4605138481,8504991390,36.512,1200,277.9969856818976,3.286764667590312,11.1087965500033,2.3451225413154924
7330263491,7330263487,17.224,2000,0.0,1.03344,16.666666666666668,0.0
4333022372,2060102856,9.747,700,1359.138784763941,1.77909765922992,5.478619989989181,5.039582851236067
4333022372,3313153268,656.529,900,1352.1992082780132,53.91165624160801,12.177867380993263,196.19827232539419
4334194813,4333022372,14.358,900,1332.3379163461227,1.16077467240741,12.369325710925414,4.199207527611073
4333022367,4333022371,28.678,700,175.58158838904671,3.4423454171477283,8.330947805860264,1.393195207333043
4554438764,1870228417,55.034,900,2975.429942431964,8.93857810292949,6.156907660958223,56.89503965014814
4554438761,4554438764,77.701,900,0.0,9.32412,8.333333333333332,0.0
1870265571,4740711703,45.18,900,5.980018698426352,4.066200000573312,11.111111109544504,0.06241532270157762
1870265571,1870265576,176.756,900,2948.04083896813,28.05114829725869,6.301203719965844,177.82390527418843
4326163860,1870265571,58.0,900,13.047883230347525,3.48000001112079,16.66666661340618,0.15280723104004487
4740711703,4919930492,1092.41,900,1659.9674648610728,144.49698911729106,7.560088322070638,538.4745709808643
1870265572,4740711703,158.894,900,1653.9874461626464,13.305029616479825,11.942401075394175,58.595172798627
1870265576,4919931382,207.73100000000002,900,1712.3859311764909,24.27944975172265,8.555836401739757,96.59420193579591
1870265603,1870265572,268.651,900,1653.9874461626464,18.746300004494202,14.330881290473009,92.57775436686606
4919931339,1870265572,272.898,900,0.0,24.56082,11.111111111111112,0.0
4919931382,1870265607,11.228,900,1679.4790904818938,1.2646266791160239,8.878509512268387,4.991852262553718
1870265605,4919931382,8.216,700,1174.8738400520451,0.931124081799804,8.823743430756286,2.566046587334254
1870265603,1870265605,24.19,700,1791.823187350259,8.938445084841588,2.7062872535876537,26.91173120941076
4919931373,1870265603,5.287,700,1263.6679529737614,0.841389287159022,6.283654998569956,2.2848857105455043
4931574870,1870265603,3.4489999999999994,900,2353.512503524192,1.088344791790362,3.1690324849409945,4.576067848478627
1870265605,1870265607,11.367,900,616.949347298216,1.03937115099456,10.936420535747095,1.6337549397872375
1870265607,4931574876,3.356,900,2296.4284377801114,0.8187805849583161,4.098778185087099,3.6462590534080075
4931574876,4931574870,29.193,700,1215.9083698784736,3.4860637634024636,8.374201386238296,9.785232284984438
3023386402,1873961647,102.838,700,1056.6521810771958,16.97542616383973,6.058051150377641,38.233341284799984
3265079416,1909514141,338.255,900,2156.712118321956,29.858327189866213,11.328665462370655,166.85500863916138
1918004235,1918004237,92.622,2000,1223.490999343173,5.5877097868353545,16.576021936253284,22.89920686691284
1918004235,1918026704,502.732,700,1108.7215889652075,65.84473928383085,7.635112622026181,164.3058343565563
1918004237,1918021781,236.376,2000,9027.942046168477,59.598026239303564,3.9661716153296926,1033.6737274251732
1918036668,1918004237,361.782,2000,7804.451046825297,45.395606691185094,7.9695377233553035,806.5105305426783
1918026704,2887217912,33.773,700,1396.534180062648,4.34858888919129,7.766427422915297,13.729166817816466
1918026704,1918026685,182.053,700,406.5278036519066,16.51959656770199,11.020426513074652,17.171422055616297
1918021781,1918026704,175.757,2000,694.3403947493476,15.827102304458897,11.104812278270597,28.20048089217842
5544120353,3978570804,48.85,700,2321.175825804517,34.278404357514056,1.4250955059199468,95.27128072964204
1918025089,3536202564,65.634,700,2041.4231890758267,8.008292733260081,8.195754349414395,37.50682723884127
1918025089,1918025102,49.149,700,1016.2708965876924,3.8966555484832375,12.613124097953978,10.875381873279586
1918025120,1918025089,7.196000000000001,700,3057.694085663522,11.802602726886366,0.6096960277759319,23.075684933600808
3536202564,843091997,12.205,700,0.0,1.4646000000000001,8.333333333333332,0.0
3536202564,3536208964,213.434,700,2041.4231890758267,26.042020160749498,8.195754349414393,121.96776312421683
3536202561,3536202564,24.799,700,0.0,2.97588,8.333333333333332,0.0
1918025102,5278678787,8.105,700,2034.6782550375112,2.997384684885096,2.7040239582430186,10.244042313416065
3536202561,1918025102,67.887,700,1018.4073584498184,4.333975249667862,15.663910403088384,14.103585094497946
1918025091,3736732137,6.493,700,2588.7989522300586,5.661442380767784,1.1468808765160379,15.192320674067847
1918026710,1918025091,43.136,700,1432.2801221605173,5.869695404489562,7.348933296778316,18.73933117060292
1918031798,1918025091,82.303,700,1156.5188300695406,9.1198027480116,9.02464694403008,24.921377203632556
3736732137,1918031808,62.994,700,567.4822885349239,3.8977356218186756,16.161691328517332,7.251687182688159
3736732137,1918025120,112.116,700,2021.316663695134,40.55917136618045,2.764257656740146,138.96523888682304
5278678787,1918025119,111.93800000000002,700,1153.9992271113713,10.304879399192117,10.862621061705557,30.203779870857975
1918025119,1918026710,6.228,700,2550.533407174021,5.137968305657358,1.2121522807259089,14.109743154380556
2887217912,1918025119,103.534,700,1396.534180062648,13.33096858595717,7.766427422915289,42.087926962834516
1918026710,1918026685,52.102,700,1118.2532850135024,5.518690631018904,9.441007565662458,14.809162487600307
1918034549,1918025120,131.451,700,1036.3774219683853,12.75406582589526,10.306595700102788,32.81044633492695
1918026685,3421715537,161.024,700,1524.78108866541,30.474824404090363,5.283836843974963,96.05085621155851
3421715537,6047105418,14.427,700,1109.2734612663128,1.512589907961408,9.537945429930826,4.041197838441939
3421715536,3421715537,16.448,700,0.0,1.9737600000000002,8.333333333333332,0.0
1918031798,1918031808,136.462,700,1326.1722430273628,18.981523204050823,7.189201758627979,55.808597669170545
3421715536,1918031798,130.808,700,1981.9193053587,53.19908646724303,2.458839214852761,169.94764884463493
5579260618,5579260614,147.388,2000,912.1227186642424,8.858217764278818,16.638561381314094,27.151388809406093
5579260614,1918036668,225.74,2000,7989.386501317472,30.109492447127092,7.497303396807643,538.8925874399407
4687733956,6129107407,11.426,1200,0.0,1.02834,11.11111111111111,0.0
4439656969,1918036685,338.026,700,350.4751510042633,24.448505243141376,13.826039532409762,24.949097027625598
3672844140,6047008469,459.741,900,1461.6507831648596,49.7591067642464,9.239333860597744,173.21617962616943
3738207169,3738207171,73.515,700,942.8982917954232,6.92758393623987,10.611924832180701,16.41777436339835
1938227632,3738207169,21.953,700,0.0,2.63436,8.333333333333332,0.0
6292292770,1940315047,639.778,700,7.795456097088228,51.182240036945515,12.499999990976969,1.0899455950457233
6292292770,6292292769,15.283999999999999,700,0.0,1.8340800000000002,8.333333333333332,0.0
6292292769,1941297108,1613.1449999999998,700,123.25794647616964,129.060574230498,12.499130812164026,43.454515249330065
1943089978,4347743565,2.897,700,1686.4339001434746,0.896122982640918,3.232815200724347,2.719182445563347
1943098864,1943089978,7.8660000000000005,700,664.6081779670947,0.749553408534312,10.49424885597051,1.246038144755604
4347743565,4323994176,9.946,700,982.5961045685888,0.917231980589778,10.843494568958167,2.287269717660255
4347743565,4334079531,522.796,700,703.8377955748861,50.530518153451474,10.34614365940933,88.423377793659
1943098864,4323994176,8.892,900,1731.9067654551534,1.062750635821572,8.366967471278842,4.247965180336561
4143584349,1943098864,313.206,900,1368.8918373272022,26.06771343104669,12.015092955064143,95.32725796009036
4323994176,4323994177,8.397,900,1167.9060657949483,0.728601948486804,11.524811342378783,2.22387933183961
4323994176,4334079530,491.642,900,1546.596804228794,48.10674282971276,10.21981475113175,184.03924918197077
2060102856,4333045971,1298.829,900,1854.4915416344184,179.55434996315768,7.2336259203216375,739.3362607347267
4334079530,1943098885,349.52,900,1516.378019740093,33.196216151695644,10.52891083739213,126.08897525200757
4334079533,4334049666,308.964,900,2190.718211249553,27.836843354743717,11.099103302147547,156.45265346001497
4334125520,4334141375,343.265,900,1670.9497448008003,38.29823539993446,8.962945587842603,150.86832570683265
1943098993,2022120386,8.55,900,3045.0167535910127,5.375642572544376,1.5905075318192428,20.972798808700084
2022120386,1943099038,5.768,700,1344.6651716003248,0.824357388433362,6.99696524945535,2.441614383215641
2022120386,4334049664,577.676,900,1700.3515819906877,66.60437128751126,8.673244545862381,264.21874149309355
1943098997,4143584349,240.50600000000003,900,1380.6741917119157,15.57237864416755,15.444397127479219,67.93105575920812
4334049664,1943098997,177.993,900,866.8637998196156,11.344476243562573,15.689838488665549,31.465632197914722
2055741713,1943098997,75.929,900,513.8103918923001,10.231734457743167,7.420931447506291,11.746748972718729
4334041327,1943099038,100.014,900,1634.7507748825185,10.725977947993542,9.324464443702231,41.89284436277731
3611960953,4334141386,1253.271,900,2012.895052090823,211.3021774131988,5.931178823345697,902.3369900701662
1951269642,1951269623,103.63,700,42.94300839907047,7.461367644726858,13.888874658687808,0.9358476050174909
1951269642,1951269629,19.809,700,0.0,2.37708,8.333333333333334,0.0
1951269629,1951269648,157.735,700,128.07359446232024,11.357840604461094,13.887763131492212,4.248403020894483
1975410056,1975410127,31.298999999999996,700,0.0,3.75588,8.333333333333334,0.0
1975411580,4356273445,441.579,700,148.1795620341168,35.331451280321176,12.498184591866725,14.300690227564097
2023009302,2023009317,123.486,700,980.3155131735376,18.941540732471008,6.519321830473434,40.236434167914354
2023009317,3663132185,167.015,700,1484.6476372045795,24.689018466399055,6.764748474197219,80.1017701345227
3663132186,3663132185,17.387,700,0.0,2.08644,8.333333333333334,0.0
4569344523,2053915175,504.877,900,3331.5381068701377,167.34867915690336,3.0169165513797433,978.1118303245581
4569344520,4569344523,32.902,900,1346.9777328658165,5.381224347787278,6.114221945332771,15.48189018978034
2053915220,2053915209,24.287,900,0.0,2.91444,8.333333333333334,0.0
4332896003,2055741153,146.427,700,371.71567648325,10.603385688376877,13.809457120899507,11.466878490046717
4332896007,4332896006,12.94,700,240.83812558203564,0.932624369258904,13.874825091995588,0.6555779906414513
4332896003,4332896007,17.158,700,0.0,2.05896,8.333333333333334,0.0
2055741176,2055741178,12.401,700,240.83812558203564,0.89377703270322,13.874825091995591,0.6282706848488907
2055741197,2055741176,13.926000000000002,700,0.0,1.67112,8.333333333333334,0.0
4332896006,2055741176,127.971,700,240.83812558203564,9.223251403279129,13.874825091995504,6.483382615175998
2055741197,4332896005,128.575,700,371.71567648325,9.310648411037976,13.8094571208995,10.068866410277876
4332896005,4332896003,13.754,700,371.71567648325,0.9959841201276779,13.809457120899514,1.0770926588136243
4332896006,4332896005,16.616,700,0.0,1.99392,8.333333333333334,0.0
4569365858,2055741330,174.344,700,864.1183313056144,18.326784578164578,9.513070842100797,38.106501651758904
4569365858,8374416506,30.994,700,422.9014376628356,2.8163413390828858,11.005058076551508,3.043384339772359
4333045970,4333045971,15.58,900,152.33406461283957,1.402283251931958,11.110451457317968,0.5483027649334375
4334041330,2060102887,65.688,700,845.8210586507458,6.823545863987125,9.62666644430192,13.947948326297553
2209660424,2073408891,13.619000000000002,700,877.4406181098068,1.44460345841895,9.427500620070058,3.0401795150570403
4357749545,4357749544,42.797,2000,822.378899259743,2.570686233351702,16.648083863661796,7.107676316143861
2114005299,2469994017,77.2,2000,596.2592723386504,4.633428789557322,16.661527241767686,9.294940953872926
2114005299,3956110525,1181.73,2000,6757.491482819795,142.1736158538393,8.311879759848482,2213.0652640397243
2469993862,2469994017,369.913,700,584.4437152054201,34.46244247294643,10.733801015130824,50.88099624215152
4346507086,3707025317,138.616,700,1374.4268884168755,10.08324289303017,13.74716462456889,40.19554756117657
2146319700,3826930086,82.445,700,1.2700035066851587,4.946700000003876,16.666666666653608,0.021141952531851377
2146319700,4344516917,15.431,700,644.1312048531889,1.9477588139779078,7.922438799537643,2.8514342246410935
4346465517,2146319700,108.056,700,645.4012083598741,6.822276996314364,15.838700196191926,14.196817569711904
3826930086,4344532847,149.442,700,3.754608769802774,8.96652000053685,16.66666666566879,0.11329564397811308
4344516917,3743408687,29.2,700,644.1312048531889,1.7699490115258079,16.49765038984245,3.8032817687522664
2146336251,6292604455,61.999,700,0.0,4.463928,13.88888888888889,0.0
8329325321,2146336251,9.954,700,0.0,1.19448,8.333333333333334,0.0
4346555755,2146336251,1270.434,700,0.0,91.47124799999999,13.888888888888891,0.0
6292604454,6292604455,9.972,700,0.0,1.19664,8.333333333333334,0.0
6292604455,4040883637,33.916,700,0.0,2.4419519999999997,13.88888888888889,0.0
8329325321,4346555754,1269.048,700,0.0,91.371456,13.88888888888889,0.0
6292604454,8329325321,62.026,700,0.0,4.465872,13.88888888888889,0.0
4341331577,4341331578,11.502,900,221.43330115366243,1.035454399836486,11.108166619231461,0.5884628201094134
4341331578,4346623029,293.552,700,903.349282468596,31.72027330390303,9.254396933707373,68.28231674018211
4337745396,4341331577,14.987000000000002,900,2062.1384771322346,2.692026829074936,5.567180771801594,11.611749584610088
4337745395,4337745396,13.786,900,184.37403484689165,1.240898079684444,11.109695651641053,0.5872316539348931
5049882985,2166224153,13.281000000000002,700,632.1398418035226,2.505588529417536,5.300551085731295,3.2763472023617974
4139638809,2166224153,139.519,700,363.9539664697068,9.180428903219454,15.197438101293127,10.424086162124226
5049882985,6131565503,140.427,700,338.11695751458166,9.227779107625693,15.217854519724394,9.744196936334815
2166920207,6829225786,22.456,900,0.0,2.6947200000000002,8.333333333333332,0.0
6829225786,6986230256,388.423,900,2032.5409909086616,38.36148935435843,10.125336803584489,192.14138373092547
6829185284,6829225786,429.8159999999999,900,2032.5409909086616,89.17967141954884,4.81966341833573,366.64561689804896
2173156675,2982002893,355.907,2000,10261.245059003795,43.09829510819435,8.258029676267421,1016.8006920089188
4630711876,2173156675,170.546,2000,1512.658252721104,31.09050607430918,5.485468766329481,98.04426243074569
2982002893,2982002888,380.573,2000,1074.4808269730804,36.03417155453546,10.561447192535745,97.1126514306872
4357620775,4361878103,650.936,900,3673.0045357292656,88.03986763308451,7.393650371134642,721.8826214685186
4341378933,4357620775,22.038,900,1195.115601139012,9.121321834568317,2.4160971841251766,17.431503675543137
2174954267,1757230417,86.622,700,0.0,7.795979999999999,11.111111111111112,0.0
6292424471,2174954267,137.72,700,0.0,9.91584,13.88888888888889,0.0
4350115353,2212550487,64.545,900,9.906310736445356,3.87270000411204,16.66666664896997,0.12910718223708287
4351793596,4351793598,15.3,900,1229.4723165208727,1.149267143265936,13.31283165071712,4.012181451383681
4351793597,4351793596,21.847,900,1462.5118752205226,2.9580392622532323,7.385635572449585,9.654985691438045
2383679238,2990124458,163.547,700,1534.236767691569,26.19370994741567,6.243750897766046,86.2391588963776
2390246432,2390246450,40.263,700,1051.5199927196988,24.979323987326445,1.6118530677782916,33.92296519875986
6479657236,2390246432,853.0749999999999,700,874.0160091384308,90.27512189807796,9.449724155046118,189.40208505326478
2390246539,2390246432,23.529,700,177.50398358126802,2.118243362739042,11.107788847063965,0.9649882856672953
2390246450,4170800655,26.336,700,0.0,2.37024,11.11111111111111,0.0
2390246450,4334049386,135.493,700,1051.5199927196988,84.06039155092324,1.6118530677782914,114.1575223822261
4334049199,4170800655,133.233,700,1173.4638357648648,121.59518437833681,1.09570951087547,143.2582618545307
4334049386,4334049199,6.811,700,629.7132883804717,1.436843315897358,4.74025241628124,1.8227598656039417
4334049386,6617238591,72.484,700,23.864622668052185,6.523570199926596,11.111093738336042,0.39961292902464657
5572366905,2390246503,7.79,900,202.63962560362796,0.467405430783126,16.666473016687142,0.3187413246740527
6617238591,2390246503,417.88699999999994,900,23.864622668052185,25.073220056040846,16.666666629415204,2.013674562800953
6617238591,6617232571,83.628,700,2.61970868593247,10.035360002278447,8.333333331441318,0.06060391314650307
6617238591,4334049199,70.701,700,543.8946808460424,9.047330406512598,7.814570356478507,11.14271021635647
2390246517,6479657236,446.467,700,874.0160091384308,47.246564309667,9.449724155046116,99.12584556747771
2390246517,6177044141,24.317,700,0.0,2.91804,8.333333333333334,0.0
6177044143,2390246517,17.514,700,874.0160091384308,1.853387433605412,9.449724155046122,3.888507010078691
6177044145,6479657236,21.856,700,0.0,2.62272,8.333333333333334,0.0
6177044141,6177044144,17.473,700,996.559484041874,2.039871319703646,8.565736392890944,4.724640582293454
6177044145,6177044141,446.725,700,996.559484041874,52.152550523356695,8.565736392890942,120.79294134522071
2390246539,6177044145,858.7650000000001,700,996.559484041874,100.2558286422081,8.565736392890942,232.20717505026238
5581489067,3777709531,174.836,2000,6384.567357418725,14.169401859934819,12.338982388124906,245.28887078930083
5581489067,3777709530,147.686,2000,649.4961297575504,13.292880203067389,11.110158050316352,22.160413181449975
4029908801,3854579860,144.382,700,1017.6666199797312,106.90572809097124,1.350554386357468,125.85880439059612
2459323690,4341257598,649.886,700,1479.6803002520146,54.67349168880538,11.886674509450927,214.86487909395504
4341257598,3991417593,249.64999999999998,700,1479.6803002520146,21.002510027361613,11.88667448199103,82.53911781960034
4341257597,4341257598,10.272,700,0.0,1.23264,8.333333333333334,0.0
4337472726,4337472725,20.354,700,0.0,3.66372,5.555555555555555,0.0
2460656270,4331313880,235.37299999999996,700,1397.7335858368765,36.43456821080487,6.460156152754923,110.12336324640158
5463096108,2460656270,555.132,700,0.0,39.969504,13.888888888888888,0.0
5463096108,5463096109,12.286,700,0.0,1.47432,8.333333333333332,0.0
5463096109,2948080439,273.803,700,683.9439908355523,21.013467661151946,13.029881807950506,40.25698805196299
2465762535,5413173070,320.223,700,620.2768514883752,24.08431241617955,13.295916215771976,42.384287313615644
5413173069,5413173070,34.529,700,1078.833209185198,2.238757337630868,15.423288366098584,7.622776028259222
2469870161,4333190690,1198.386,1200,4320.618875631013,244.56965217050592,4.899978347127568,2145.968100296095
4333193985,2469870161,23.051,1200,4320.618875631013,4.032262716340854,5.716641404982169,36.65834607639538
4333190690,4333190689,21.18,1200,0.0,1.9062,11.11111111111111,0.0
4333190690,6016375927,15.697,1200,4320.618875631013,3.203483543800104,4.899978347127568,28.108857471922903
6016375927,4333190690,39.663,1200,0.0,3.56967,11.11111111111111,0.0
2469993266,5579260614,885.374,2000,7077.2637826532255,88.0249487289847,10.058216594092325,1531.0825875470498
3978876123,2469993266,440.055,2000,7424.871284251151,65.08522020210103,6.7612124324624245,1055.926405721998
2469993656,2469993506,38.898,900,0.0,7.00164,5.555555555555556,0.0
3736732154,2469993506,56.80499999999999,900,621.3850555284135,3.4643244069871497,16.39713644756558,7.144026046777903
2469993656,3736732156,60.026,900,719.5549352796874,4.449611132514924,13.490167615180622,9.170035915118742
5583057636,2469993656,155.271,900,719.5549352796874,11.509938529249416,13.490167615180608,23.72039860354518
3736732156,3736732157,6.303,900,2572.299966918992,2.644413003402666,2.3835157336957926,10.809558573213875
3736732154,3736732156,62.749,900,2094.936958421793,14.112362378731758,4.446385255424478,58.603893771499855
2469993750,5096576103,47.935,2000,8.306954832658509,8.62830000010026,5.555555555491001,0.14985229502723663
3420442900,2469993750,164.663,2000,1754.0585735566765,12.129618334257396,13.575282870603289,61.19028702920176
5096576103,2469993820,56.886,2000,874.6342975706842,5.1270516106116,11.095265723922395,11.502685051138682
3736732157,5096576103,57.36,2000,866.3273427380259,5.169496412831268,11.095858362069091,11.488050075464297
2469993820,2469993862,43.615,700,451.5046675345969,3.974497505305638,10.973714272502988,4.579289613520599
5583057635,2469993862,331.347,700,132.9390476708238,29.824036143785875,11.110065666582802,10.176523861731292
2469993879,4357989263,160.699,900,849.4245134382325,12.234439603092378,13.134970232668582,29.25643653512681
3467980922,2469993879,8.052,700,310.5293810692683,0.5813681314201979,13.850088377445342,0.5262779216336945
4357989263,3370211400,59.873,900,849.4245134382325,4.558289736438618,13.13497023266859,10.900320628427341
4357989262,4357989263,17.237,900,0.0,1.55133,11.111111111111109,0.0
2469993894,3467980922,18.154,700,313.5988505815471,1.63862087527731,11.078828711325755,1.3172020804176776
2469993936,2469993894,178.135,700,310.5293810692683,16.077063476548847,11.080070701956263,12.79770113117082
3467980922,5583057635,604.117,700,3.0694695122787343,54.3705300014541,11.111111110813953,0.42837767838740826
2469993949,2469993936,25.558,900,844.2685379977963,2.4290710713858656,10.52171766444788,5.135390821010978
3663132186,2469993949,219.799,700,1506.6669036069825,33.66275898771029,6.529441038396317,109.94062243370534
2470149569,3969389402,59.79500000000001,900,855.634860471792,5.699572244459034,10.491138182892767,12.196590037136474
3736732153,3969389402,359.583,900,171.9919591039162,32.36559227011122,11.11003923546505,14.28800800843226
3235605229,2470149916,12.332,700,230.63907644806324,0.888660957835086,13.877058389110104,0.5982866768400851
6047008466,2470149916,194.087,700,1106.8337757166069,20.29303581326935,9.56421709328917,54.15198231330813
3978876123,3420442900,161.81,2000,842.8678277418594,11.66466943814598,13.871803299529986,28.691904331860666
3978876122,3978876123,22.101,2000,8267.73911199301,4.3128475238574415,5.124456609639821,73.18583886708987
4374934042,2477161994,12.732,700,1094.2672225888225,1.19336865293586,10.668957969255713,3.2899729864699343
4374934043,4439657972,376.46,700,2074.7646153728965,51.814360345008325,7.2655533619120956,238.9505342561113
4374934042,4374934043,20.343,700,300.75346893824764,2.447177456244276,8.312842188085837,1.6954320379971042
4372755587,4375775116,140.228,700,555.7380190684086,12.983206841149451,10.800721402323827,18.27826285745374
5583096115,2477162269,653.843,700,0.0,58.845870000000005,11.111111111111109,0.0
2477162298,2477162311,51.49499999999999,900,384.896835588517,6.194352709912794,8.31321728218556,5.492249115994368
2477162298,1359116846,474.00500000000005,700,0.0,42.66045,11.111111111111112,0.0
4375814132,2477162298,330.538,700,384.896835588517,29.945124991949168,11.038123904604376,29.492712559949638
4372813284,2477162311,23.555,900,1709.3642218349864,2.743659559379004,8.58524882195348,10.907567221558615
5930011169,5930011168,13.775000000000002,900,1281.553581536393,1.6084536430689,8.564126208646929,4.790527438467275
4545719489,4545719490,7.817,700,0.0,0.9380399999999999,8.333333333333334,0.0
4545719490,4366552159,433.438,700,1212.301774922988,51.51597575782228,8.41366185195834,144.37366192823117
2534628411,2534628410,14.117,700,872.4499832622284,1.193847515652606,11.824793212626547,2.758675538168226
3063479185,2534628411,546.671,700,872.4499832622284,46.23091416230981,11.824793212626515,106.82779026180935
6047071904,4080448603,221.74299999999997,700,608.9001421137451,18.474120156835376,12.00289908896991,30.034081529780583
6047071904,6047071900,34.627,700,0.0,4.15524,8.333333333333334,0.0
4366518329,3703610999,8.068,900,2779.861683022508,1.113645745638096,7.244673660004155,6.876276853049885
5726327134,4366518329,10.43,900,0.0,0.9387,11.11111111111111,0.0
4368053292,2542288889,16.546,1200,0.0,1.9855200000000002,8.333333333333332,0.0
4362157927,2542288889,15.342,1200,1255.6291892779052,2.000683090797774,7.668380899786764,5.66028935724746
2542288889,4362157919,43.888,1200,3165.919358482484,4.456221318916044,9.84870293890061,34.388733782858935
4368053291,2542288889,172.279,1200,1765.4225249384383,11.028657796073364,15.62103051754295,62.0775796304784
4368053292,2542288902,344.346,700,623.7389999115892,32.404403898486464,10.626518576880336,50.83196140755799
4362157927,6302942769,383.056,1200,3622.734286217238,50.26281562780944,7.621061319693808,409.624621764642
4362157919,2542288902,292.658,1200,3165.919358482484,29.715385042638797,9.848702938900612,229.3141189259921
2641707416,2549104056,362.833,700,1466.5369176865431,62.53101771181314,5.802448341272637,193.6021537735596
4022477612,4022477640,32.09,700,1577.2297203406845,11.030476662260448,2.9092124468013587,30.098492576138035
5984044880,2687164507,70.021,700,0.0,4.2012599999999996,16.666666666666668,0.0
2732413517,6027734919,402.156,1200,2283.300839462823,51.28199669047695,7.8420503481425525,265.39344193524994
2732413517,6027734920,382.102,700,733.7919508655489,49.85746064437532,7.663888113465459,82.42062307581392
3737948913,3737948912,9.574,1200,6938.442818204159,9.748656441181314,0.9820840500190866,62.772276136130934
4080579237,3737948913,48.023,1200,3706.4025970136095,4.06696367704233,11.80807201969514,39.89404395647928
6027734919,6027734921,538.751,1200,2283.300839462823,68.70027312531762,7.842050336790551,355.5361163024171
6027734920,6027734919,26.775,1200,0.0,2.40975,11.11111111111111,0.0
6027734920,6027734924,519.216,700,733.7919508655489,67.74837945347048,7.66388811346546,111.9965512636201
2732584652,6027834419,39.159,900,1639.1803924595645,4.219731514435602,9.27997429837372,16.498371626924737
3126718357,2732584652,15.487,900,1644.2374805517914,1.678032285161124,9.229262235865113,6.568626189446794
2761900769,2761900772,42.059,700,875.4600355968141,4.4552267997435475,9.440372373954341,9.359442734908633
2761900771,2761900769,13.908,700,396.3670846669327,1.261028327090904,11.029094034774534,1.2784961633882097
6302866757,2793008241,116.582,700,904.668655227292,10.087837222132327,11.5566892519066,23.884246145518873
6302866757,6302866756,13.204,700,0.0,1.58448,8.333333333333334,0.0
6302866756,4042421393,95.296,700,1110.4846274487531,10.004942449579044,9.52489236997156,26.746183368143893
5489510270,4337713696,18.419,700,1020.9601291499304,1.76028599446317,10.463640600411184,4.489631813784193
4382868366,2795024433,218.443,700,1057.198989022726,27.05901798083974,8.072835464859724,65.3526239404563
2795024444,2795024433,12.328,900,2522.403734918208,0.9460176755287799,13.031468987203882,6.684514354619721
2795024442,2795024447,17.916,700,203.51596392596275,1.290618717093702,13.881714066834856,0.766896582283808
2795024442,4382868366,286.984,700,1057.198989022726,35.5493433811718,8.072835464859724,85.85835860580521
4938677833,2795024442,24.331,700,6.276019730784234,2.189790001023558,11.111111105917523,0.03527659919797648
4382868368,2795024442,46.296,700,1254.4389332179044,5.820153913892196,7.9544288149314255,16.611664074616417
4382868367,2795024447,273.442,700,1168.1105776684672,38.41418437629367,7.118256041087462,99.24420670502873
4382868367,4382868366,15.566999999999998,700,0.0,1.86804,8.333333333333334,0.0
2795024444,4382868367,216.522,700,1168.1105776684672,30.417843745744467,7.118256041087461,78.5854189341294
2887440428,2795024444,14.173000000000002,700,668.8615743117191,1.081989750352902,13.099015027986479,2.033862938623156
2832348503,4274555079,11.426,1200,2110.588705903253,1.1601310045931639,9.848887715923844,5.968474703952298
4346469262,2832348503,14.862,1200,2110.588705903253,1.509002887297704,9.848887715923864,7.763300459490539
4274555079,4346589046,677.364,1200,2110.5447468664133,68.77334128880004,9.84922336629747,353.81243151764215
4358112700,2843704375,28.915,900,63.0348262298228,2.602354529853768,11.111091770276511,0.4210625381773756
2843704375,4358112701,18.731,900,693.2305455137287,1.129512677095992,16.58325787733336,2.6237192287943776
4366590208,4366590211,102.507,1200,3383.8220194490523,11.707044852608483,8.756009846255958,92.6963700299498
4366590208,4366590209,36.614,1200,0.0,3.29526,11.11111111111111,0.0
6027724291,2832607565,182.672,700,1175.4400018731146,17.264073379912517,10.581048630883753,50.93981660053291
3672903098,4080300426,56.898,700,6.378289585017539,3.413880027237,16.6666665336948,0.07327858683045352
3672903098,4145350042,66.287,700,1541.0415702746102,16.102665647550634,4.116523403693902,48.179632402733816
2833304368,2833304373,10.443,700,0.0,0.6265799999999999,16.666666666666668,0.0
2833304400,2833304368,414.478,700,0.0,24.86868,16.666666666666668,0.0
2833304386,2833304390,607.584,700,0.0,43.746048,13.888888888888888,0.0
2833304400,2833304386,13.273,700,0.0,0.9556560000000001,13.888888888888888,0.0
2833265393,4960891692,9.916,700,1193.56460455136,1.150494824609214,8.6189001357465,3.19751405202374
2833304384,2833265393,491.36,700,881.4475528143771,41.81208680562813,11.751625846473187,97.29383085292802
2833317269,2833265393,11.77,700,312.11705173698346,0.849862998011496,13.849291035777966,0.7732332762722701
2833265398,2833304399,7.659999999999999,900,3410.6790731603937,0.8881679607328681,8.624494846311933,7.055116437697208
4375941195,2833265398,56.189,900,2224.286488463789,3.876405742366476,14.495128666716301,25.957563078247734
4375941195,4375941194,13.078999999999999,900,0.0,1.17711,11.11111111111111,0.0
4375941194,4375940784,394.743,900,2041.1886202163132,32.63883467668679,12.09427370524219,178.6194392697755
2833304384,2833304389,11.996,700,0.0,0.863712,13.88888888888889,0.0
4351472333,2833304384,12.105,700,47.06708665531456,0.871561288666902,13.88886835315417,0.11981448956717988
2833304389,2833304390,12.204,700,47.06708665531456,0.878689299206184,13.888868353154189,0.12079438502088906
2833317269,2833304389,495.086,700,47.06708665531456,35.646244705571405,13.888868353154168,4.900328490859717
2833304390,4351472333,12.082,700,47.06708665531456,0.86990528621838,13.888868353154194,0.11958683708803511
2833304390,2833304392,374.203,700,0.0,26.942616,13.888888888888888,0.0
4351472329,4351472333,373.401,700,0.0,26.884872,13.88888888888889,0.0
4351472329,2833304392,12.128,700,0.0,0.873216,13.88888888888889,0.0
2833317272,2833304394,11.948,700,921.3638403476932,0.747625403636166,15.981265406297682,2.237389074551236
4226733450,4226733449,8.979,700,1320.4527050431675,1.03219180183899,8.698964653664843,3.182762208410522
4226733443,4226733450,8.425,700,570.4020133620493,0.6259464248154,13.459618373065469,1.0210720119359977
4375940784,4375940783,11.76,900,0.0,1.0584,11.11111111111111,0.0
4375940783,4375941195,395.044,900,2224.286488463789,27.253569739404945,14.495128666716282,182.49798979663842
2833405106,2833403800,109.14700000000002,900,0.0,9.823229999999999,11.111111111111112,0.0
2833405106,2833403800,69.976,900,1944.5808310705,10.817685299502491,6.4686666382519205,45.50206276208011
6997797628,2833405106,1328.308,900,1944.5808310705,205.34494576442725,6.468666638251918,863.7354804986428
2833684004,3743408700,315.274,700,777.460978679764,23.193292749414162,13.593326458916167,51.90580359568959
2833675293,2833684029,20.295,700,1477.4545375575058,1.875608883686022,10.82048617732896,7.025860344033091
2833675293,5726718636,25.614,700,462.86302485864894,3.11618526447519,8.219665336333513,3.311867905426677
2833684029,5726718636,16.838,700,485.3465916893164,1.232603727338634,13.660513615641603,1.7277509945113403
3743408700,2833684029,15.857,700,0.0,1.141704,13.888888888888888,0.0
3743408700,4351598102,167.35,700,1956.3245997209256,22.552625409510235,7.420422099922346,98.5816541436411
4351837823,2833725845,17.919,700,0.0,2.15028,8.333333333333334,0.0
2833725845,2833725848,87.983,700,777.460978679764,6.472514308099321,13.593326458916174,14.485267791697233
2833725847,4351837823,88.847,700,992.5244499332651,6.766428494562691,13.130560689645197,18.902584637536503
2833725847,2833725848,17.307,700,0.0,2.07684,8.333333333333334,0.0
2833725848,5718758208,1170.257,700,777.460978679764,95.65617067781426,12.233993810411024,200.6702335385821
5396195309,2833725847,1055.262,700,992.5244499332651,80.36686512802025,13.130560689645195,224.51156786133498
5718758208,5396195310,8.921,700,777.460978679764,0.8912680808249881,10.00933410713241,1.6997082103348808
5718758208,5396195309,17.222,700,0.0,2.06664,8.333333333333334,0.0
4042114152,4042114157,34.22,900,603.7366618894605,7.603240066119582,4.500712814854555,9.127752840964456
3757644282,2839607611,261.254,700,932.370351688022,23.093044469421436,11.313103404184687,55.75159147340006
3757644282,3757644283,29.591000000000005,700,0.0,3.55092,8.333333333333334,0.0
4059158198,2839607611,22.162,700,0.0,1.99458,11.11111111111111,0.0
4578585832,4578581741,44.192,700,369.11627390851385,3.9995240085726116,11.049314844786158,3.7794026616309235
2840658983,4357800105,105.983,700,2387.298073362248,12.29790094279947,8.61797476601517,68.36049793915738
4356640172,2840658985,32.506,700,2042.4156143147145,4.764147242197944,6.823046884882451,21.30635906216156
5729205052,5729205051,4.68,2000,1305.7907456284922,0.282792280951266,16.549249450010663,1.235164668737385
5729205051,4022571672,703.962,2000,7170.485157376721,72.04747599650872,9.770807238745082,1255.4564012327191
4358112700,4145398829,261.99,900,405.6455473429434,15.728669451127283,16.65684442120583,21.460624857416484
2865037713,4341257618,170.985,700,2482.537154918134,36.48996348789148,4.685809018601463,181.9727207907035
4341257619,4341257618,8.319,700,0.0,0.9982800000000001,8.333333333333334,0.0
4341257618,4341257620,27.213,700,2482.537154918134,5.807535005241389,4.685809035234373,28.961743063218645
7302541709,2865056325,67.09,900,1778.7467564268434,4.903000228705398,13.683458468390615,25.215706776564087
6294869896,2866680485,1726.422,1200,1364.4308286908124,139.33127182380866,12.390771844695042,516.6982739560175
4080579237,2886048430,90.928,1200,190.55642252274748,8.18954276315403,11.102939764732481,4.004341116937195
3737948912,2886048430,42.593,1200,3520.890886386132,5.261880392383614,8.094634773844701,42.355891887922255
5045615986,5045616015,448.083,700,0.0,32.261976000000004,13.888888888888888,0.0
5045616016,5045615986,469.08500000000004,700,12.825332550508543,33.77412005438356,13.888888866524805,1.2651651218139122
2887143225,2887146382,19.959,900,177.52290115445055,1.1976711305287742,16.66484186789078,0.7154437962068622
2887143225,4773637202,28.138,2000,2554.1728519271155,1.397722190273592,20.131325234589166,14.337922845502733
2887143260,2887143225,40.358,900,177.52290115445055,2.421745151855322,16.664841867890743,1.4466596887277203
2887146382,2887143245,78.603,900,177.52290115445055,4.71669642131136,16.664841867890747,2.817577469474823
2887143262,2887146382,31.94,900,0.0,2.8746,11.11111111111111,0.0
2887143262,4773637202,41.239,900,0.1270967335195301,2.4743399999999998,16.666666666666668,0.0010583233192453896
2887143245,5016567042,456.389,1200,236.05406293863885,32.86356722034277,13.887384681645031,22.656268920915682
2887143260,2887143247,211.499,2000,2222.910435667543,10.084565677896876,20.97254425776201,93.8225396992202
4296803541,2887143247,322.992,2000,282.5905785285992,14.53486620079515,22.221876385922993,18.24555992093486
4296803541,2887143262,102.877,900,0.1270967335195301,6.17262,16.666666666666664,0.002640149569921865
2887158611,3738207153,38.139,1200,0.0,1.96143426,19.44444469935995,0.0
2887158611,3738207153,76.793,1200,282.71767526211886,6.912910342429386,11.108635320881774,5.01611781129617
3738207153,4296803541,26.795999999999996,1200,282.71767526211886,1.37838713376582,19.44011181154313,1.511985231587267
4374900293,4375805788,1345.007,900,1550.5668435783173,132.1324900452823,10.179229949719868,505.9656090732265
4374900292,4374900293,19.95,900,0.0,1.7955,11.11111111111111,0.0
4938677833,4938677835,23.74,700,404.2182553544283,1.7230283639064359,13.778066860244172,2.0231388660137
6047036754,4080312164,20.445,700,1886.1339600705185,11.808159233620026,1.731429903298499,29.991541029783136
5589324863,2948080439,287.65,700,0.0,20.7108,13.88888888888889,0.0
2948080439,5463096108,272.36,700,0.0,19.609920000000002,13.888888888888888,0.0
8504991390,5589324863,73.234,1200,277.9969856818976,6.592433273069382,11.108796550003282,4.703733134057258
2955200052,5056785448,1035.378,1200,2284.430359361884,63.240906798315216,16.37196638090558,478.82183507123017
5056593438,2955200052,216.124,1200,2761.8405557875813,15.571286575832358,13.879649504071063,125.55069059541572
5056785448,5589339744,727.764,1200,2284.430359361884,44.451838151377956,16.371966385768914,336.5623897387907
5056785448,5056785449,57.93600000000001,1200,0.0,5.214239999999999,11.111111111111112,0.0
2970863694,5581455143,35.271,2000,0.0,2.1162599999999996,16.66666666666667,0.0
4366872319,5064784609,24.176,700,430.43815770996827,1.46556212804559,16.496059455521046,2.104275660801603
4366872319,3737948909,2193.074,900,1641.2358458396134,152.3775625063257,14.39236829837699,749.0161164457866
4630739900,5581164925,29.042000000000005,2000,0.0,1.7425199999999998,16.666666666666668,0.0
2982002888,4361878103,184.296,2000,1074.4808269730804,16.640592582043176,11.075086364344584,45.82446435688974
4630711876,2982002888,893.001,2000,0.0,80.37008999999999,11.111111111111112,0.0
4361878103,4361878105,78.132,900,4747.485362702347,56.55191064938285,1.3815978824201347,315.18046631428496
3978868744,2985506542,74.99,700,1562.2323308300154,15.088581064931798,4.969983570840096,48.03309811005274
3978868743,3978868744,53.426,2000,1509.9379699920244,4.869334507406863,10.971930541788087,18.76071817513385
2985506542,5583049887,12.22,700,0.0,0.87984,13.888888888888891,0.0
4038977441,2990150872,340.674,2000,1438.9470180275216,23.862192321769673,14.276726773725661,102.2434367121989
4331776138,2990330535,98.09,2000,6658.4568008546885,8.59645121018612,11.410522505353262,148.84208165777417
2990330645,7792325790,357.42,2000,5492.470356020682,23.139863868155352,15.446071854029995,401.59476970693737
7792325790,7792325745,317.794,2000,5020.2122149181,18.67938380050594,17.013087979454248,321.2933537878656
3036360882,5835210955,115.05,900,1268.4107196074688,7.2921425218357445,15.777256088384432,29.728397797569855
3036360903,3036360882,42.927,900,0.0,3.86343,11.11111111111111,0.0
3036360927,3036360882,232.17,900,1268.4107196074688,14.715486564924857,15.777256088384432,59.991674199581
5835210955,4357818355,45.628,900,2455.958401705308,4.906871582344619,9.298796439705859,28.764730558249184
4042265869,5835210955,36.125,900,0.0,2.1675,16.666666666666668,0.0
3036360927,3036362152,24.699,900,0.0,2.9638799999999996,8.333333333333336,0.0
4357818352,3036360927,361.539,900,1268.4107196074688,22.915201348995865,15.777256088384425,93.42003660439468
4080373539,3063479185,185.344,700,942.6745958723764,13.971912070239563,13.26547140207003,37.31324489475877
4080394043,3063479185,14.043999999999999,700,751.8423884810362,1.10851098541194,12.669247472347811,2.2948551693002113
3789484199,3063623164,21.593,900,16.320592293617562,1.29558001013454,16.6666665362934,0.07115816693433202
3063623164,5718485020,340.566,700,598.4693618174288,21.223718559352367,16.04648115963295,41.39541765368528
4319750757,3063623164,28.158999999999995,900,2039.683597475278,4.91369512540056,5.730717775801058,21.100251442366208
3789484199,5718485019,94.992,900,2152.146120640404,19.180502263195905,4.952529328821246,84.04552925269675
3789484199,4319750757,14.769,900,0.0,0.8861399999999999,16.666666666666668,0.0
3069173397,4042528366,36.386,700,954.9315167833416,2.749439694659094,13.233969114027628,7.426783031428799
3069173397,4351664990,351.415,700,797.8707477707977,43.186846457398836,8.137084062080088,78.89331732142537
3725508817,3069173397,51.64200000000001,700,400.2510725248068,4.654878795392316,11.09416641548614,4.778872787067819
4351664991,4042528366,377.431,700,2244.0395131390205,68.18610589538622,5.535306570800059,319.64343996617265
4351664990,4042528369,62.263,900,115.62525716842237,7.471707237478788,8.33316911664886,1.9915204917853322
5589339744,3109724269,14.738,700,0.0,1.0611359999999999,13.888888888888891,0.0
5056785449,3109724269,669.398,700,392.9715149218876,48.542942296801016,13.789811007070195,55.44418512895591
5589339744,5056829456,150.642,1200,1907.7246245828424,8.454416992277455,17.81814170481553,57.60904196149828
4557967502,4557967503,42.897,2000,0.0,5.14764,8.333333333333334,0.0
3117335629,3117337972,1980.32,2000,4925.725990050092,114.40289484684573,17.31005148646901,1960.6516946213587
3117337962,6975390284,625.321,2000,5410.439576718645,39.763022883374546,15.726193700968723,689.6457022499019
6975390284,3117349527,199.585,2000,5410.439576718645,12.691246451307899,15.726193700968729,220.11564857656532
6975390284,6975400694,182.308,2000,0.0,10.93848,16.666666666666664,0.0
3117349527,3117364915,2959.945,2000,5952.760056061715,213.82141750794693,13.843070701231275,3709.1996755725427
3117364915,1369042760,466.018,2000,0.0,27.96108,16.666666666666668,0.0
4419444993,3129522123,216.58700000000002,1200,2501.557207200957,12.376458370637922,17.499917465390094,108.7837113799858
5049084178,3129522123,218.036,1200,1145.1680849071884,30.768094672274795,7.086431653386479,77.84528010485401
3738203663,4351793599,242.275,900,86.42436330147537,14.536589413036644,16.666564151748272,4.22786398661163
4353260155,3738203663,926.617,900,0.2040304501348238,55.597020000000015,16.66666666666666,0.038174301770050253
3231006281,3245299636,226.55500000000004,900,2427.3788233006944,35.80686922077821,6.327137918791666,187.07256548860335
3245299636,4354297690,83.878,900,3030.435778760392,21.414730111287287,3.9168366616859456,124.22212578961604
3233765943,3233765935,42.166,700,0.0,5.05992,8.333333333333332,0.0
3235605229,6047008467,190.383,700,252.72567027532756,13.72442337355182,13.87183962620134,10.122125206902584
6047008467,6047008466,12.401,700,0.0,1.48812,8.333333333333332,0.0
6047008467,6047008464,7.836,700,252.72567027532756,0.564885423357924,13.871839626201393,0.4166179392135249
6129081520,3245299589,454.132,900,1481.383672094758,62.57344559056848,7.257583400017371,205.98229096248167
4375989805,4375989804,4.253,700,0.0,0.5103599999999999,8.333333333333334,0.0
4375989804,4081333901,171.784,700,706.3839986175575,34.01649015917149,5.05002130426098,49.149366676083815
4363690262,4349027223,13.592000000000002,900,3152.203039041656,2.5690877540781902,5.290593899886819,16.744530020607684
3247349647,5425215917,319.256,900,2111.4091121847864,61.12895053326411,5.2226645020884614,266.0774875690765
3247349648,3247349647,33.834,900,0.0,3.04506,11.111111111111112,0.0
3247349689,3247349647,304.685,900,2111.4091121847864,58.338995330479534,5.222664502088462,253.93358088801486
3247349676,3247349682,50.786,900,0.0,4.57074,11.111111111111112,0.0
4346255290,3247349676,112.02500000000002,900,2302.4098641875275,27.546882605047053,4.066703358276742,122.72218932901815
4354333739,5712158355,225.154,900,3772.0595330760384,73.07219998203297,3.0812538839033308,487.39452746993277
4346255289,4346255290,21.836,900,0.0,1.9652399999999999,11.11111111111111,0.0
5481378748,4348953287,110.189,900,1325.289713786533,8.860027149571968,12.436643606145527,31.982185046814152
3328935685,5941767198,535.562,900,1327.0583965936205,51.74602539049356,10.349819062593935,170.75464025843655
5941767198,5941767199,24.725,900,1998.758373668476,4.912809196980828,5.032762114025266,20.069083196395486
5413173077,5941767198,13.477000000000002,700,671.6999770748563,0.8184161379269099,16.467172842092207,1.8309970856734221
3332785339,6047105414,73.544,700,1566.411677959603,14.899728737629115,4.935928787365461,47.48093439774065
6047105414,6047105417,124.316,700,1566.411677959603,25.18593872711712,4.935928787365461,80.25997825233227
6047105415,6047105414,16.709,700,0.0,2.0050800000000004,8.333333333333332,0.0
5314050396,3344186648,195.624,900,2633.665836025812,24.035801837354388,8.138858912373703,144.94461468125786
6986230235,3344186648,198.715,700,1653.889243100435,58.19993495489311,3.4143508949625248,176.48497344821564
5391032334,4291002134,242.11,900,2031.9223243524923,41.828232891311906,5.788195753550191,179.33300316805526
5120674550,5883334476,10.794,700,334.25785251624063,0.78009091038057,13.836848829239802,0.7596332660839431
5883334482,5883334476,348.433,700,610.6052603322522,26.137850173517172,13.330591371781285,45.35707170296532
6482792190,5762617152,11.964,700,793.1703098071473,0.964126533967212,12.409159564118864,2.0802140930000386
4288572163,4288572155,39.696,700,0.0,2.858112,13.888888888888888,0.0
4288572169,4288572163,31.512000000000004,700,0.0,2.2688639999999998,13.888888888888891,0.0
3370211400,5583057636,362.965,900,849.4245134382325,27.633484779223423,13.13497023266858,66.08045157077704
5583057636,5583057635,24.63,900,129.8695781585451,2.216769523700148,11.110762637555814,0.7389608413927367
3371077342,3371076968,469.7250000000001,2000,5480.172341837148,67.66324706909006,6.942099593895781,815.2415534614294
3371077339,3371077342,29.807999999999996,2000,0.0,1.78848,16.666666666666664,0.0
3371076968,3371076971,32.548,2000,1125.087963946204,4.150120263312834,7.842664292821856,10.583233362894436
3371076968,4379600159,897.6300000000001,2000,4355.084377890942,75.85470294727189,11.833544462285488,875.3083766685869
3371076971,3371077339,472.79,2000,4966.68095571598,52.86957680381114,8.94257205338399,618.5945267164151
4379600163,3371076971,899.2040000000001,2000,3841.59299176977,61.97095439061038,14.510087973346495,717.2503773995197
4379600159,4379600158,26.507000000000005,2000,4355.084377890942,2.239988203406004,11.833544462285516,25.847842808678646
4379600159,4379600163,24.495,2000,0.0,1.4697,16.666666666666668,0.0
3372557116,4332973397,23.944,700,225.02248074326204,2.464713850966272,9.714717994793975,1.3448834996948633
4273975143,4332973397,35.309,700,0.0,4.23708,8.333333333333334,0.0
3811322002,3811321983,99.494,700,1605.0708167646517,17.906746006673437,5.556230035480531,60.092330042895725
3811321992,3811322002,30.542000000000005,700,0.0,5.49756,5.555555555555556,0.0
4077576808,4166262964,218.672,700,837.3788451844549,22.595877261713525,9.677517604971152,45.816395817950166
4353260155,3738205953,27.897,700,828.8539358830816,2.86774473667392,9.727853265055806,5.766748250963911
6047105417,3421715536,14.371,700,1566.411677959603,2.911508779621284,4.935928787365469,9.278098937097928
6047105418,6047105415,124.408,700,1109.2734612663128,13.043479952149674,9.5379454299308,34.84836353260454
6047105417,6047105418,16.367,700,0.0,1.96404,8.333333333333334,0.0
4332896008,4333981476,505.898,700,1520.0677292778682,47.997931565342924,10.539995860265059,182.83716729288358
4739132419,3455030576,32.565,700,1965.4987664519736,10.739421584538215,3.03228621240501,37.10282085767851
5589066951,5589066952,12.906000000000002,700,0.0,1.54872,8.333333333333334,0.0
5589066952,5589066955,217.732,700,0.0,13.063920000000001,16.666666666666664,0.0
8742738162,8742782795,153.19,900,1902.452137200984,11.813612147866849,12.967244741284409,62.765247329503275
8742738162,8742738164,394.996,900,1092.5198142308573,27.422455154113045,14.404107793417438,89.78234608639715
4927553715,4927554323,29.713,900,2302.477901643719,3.448795536936234,8.615471599222664,18.488082455857253
4927553711,4927553715,29.372,900,0.0,5.28696,5.555555555555556,0.0
4927553718,3484320798,100.76199999999999,900,3103.6159238588216,21.91480971889374,4.597895272306588,135.9829420694451
3496249018,8430473484,129.819,900,1530.0332396859003,8.718800062166137,14.889548914343058,40.97035528411625
3746757875,3496249018,43.8,900,2271.9229618482645,4.152863487023466,10.546939512185439,23.65072032541245
7566229498,3496249018,885.263,700,516.8445230551549,65.1092452777165,13.59657904532614,96.88279793925227
8430473484,8430473486,70.176,900,1530.0332396859003,4.713104500593678,14.889548914343065,22.14726390141766
8430473485,8430473484,50.292,900,0.0,6.03504,8.333333333333334,0.0
6290624656,3501026255,80.194,900,514.6502613270399,4.84885672507254,16.53874398584138,8.34255390735262
6290624656,4357962684,18.713,900,0.0,1.68417,11.111111111111112,0.0
4357962684,3501067321,127.535,900,455.8163436252872,7.6885197068934295,16.58771842460828,11.745770284717963
3501065431,3501069195,7.98,700,205.454887896484,0.638742714835416,12.493293175259458,0.3583856029331411
3501065431,4357955934,210.96599999999998,700,447.9702795738547,19.217309988261594,10.97791523001207,21.9721686944533
7061771521,3501065431,12.967,700,653.4251674703386,1.2311272749917581,10.532623444709898,2.0153298999248133
3501069195,4357955933,185.273,900,1689.5162454411438,21.1027834962492,8.779552708434428,83.49820677534727
3501067321,3501069195,12.995999999999999,900,2115.2386124461023,2.500814617523436,5.196706668673417,10.892550443213233
4357955933,4357955934,26.859999999999996,900,184.91278678487345,2.417711610820686,11.109679036898218,1.1474789195584119
3501067321,7061771521,8.007,700,653.4251674703386,0.6757417438015499,11.8492013752986,1.1707505310144104
3505123051,4080579237,58.56700000000001,1200,3896.959019536356,5.280988844631779,11.090157870629554,52.77778132682974
3505146800,3505123051,723.752,1200,3869.5895020680623,64.65374766732235,11.194277611316299,644.4833649548178
4366704627,3505123051,762.711,700,27.36951746829452,91.5253354733352,8.333331924494356,5.774616656103577
3505147455,3505146800,222.479,1200,3863.2112124830446,19.831432081151405,11.21850399353928,197.56488368000157
4366704627,3505146800,40.561,1200,6.378289585017539,3.650490003372324,11.111111100846662,0.05976615800019915
3505147455,4366704618,38.347,1200,0.0,3.4512300000000002,11.11111111111111,0.0
4145350043,3505147455,200.522,1200,3863.2112124830446,17.87421924665538,11.218503993539278,178.0667191298109
4366704618,4366704627,152.809,700,33.74780705331204,18.337087166160394,8.33333007665452,1.4265617259206584
4080300426,4366704618,161.772,700,33.74780705331204,19.412647586490973,8.33333007665452,1.5102365929077264
4105902193,3522097875,14.486,700,1402.0114788329752,1.8809260992237058,7.701525331579295,5.948539677306727
4105902193,4739132419,26.148000000000003,700,0.0,2.35332,11.11111111111111,0.0
3522097875,4105902205,22.196,700,291.9715942374245,1.654095972901992,13.418810252623203,1.3784041422045235
7287228776,3522097875,126.793,700,611.7614428363713,19.1161508494003,6.632768332855967,25.44065173824165
4105902205,4739132419,15.458000000000002,700,1965.4987664519736,5.09780374186371,3.032286212405011,17.61201918679547
3536201806,3536202561,67.547,700,1018.4073584498184,4.312269303243847,15.663910403088387,14.032949789769056
3536208964,3536212356,111.82900000000001,700,2041.4231890758267,13.644747662305237,8.195754349414392,63.90515560978127
3536208963,3536208964,31.715,700,0.0,3.8058,8.333333333333334,0.0
3536212355,3536212356,10.181,700,0.0,1.2217200000000001,8.333333333333332,0.0
4334141386,4334141388,49.517,900,2079.3767858376714,9.095011472143296,5.444413143585734,39.35972744506517
5711838600,3626018979,13.313000000000002,700,2213.5161189453097,7.891409864235042,1.6870242743741335,23.172626512911364
4374853084,3626018979,9.385,700,5.270174753476313,0.6757200001570499,13.888888885660853,0.010401268876921657
3626018979,5711838602,54.788,900,2203.571971578553,3.7314728698488238,14.68267408365739,24.98983425271807
5711838599,5711838600,14.126999999999999,700,0.0,1.017144,13.88888888888889,0.0
5735144311,5711838600,42.258,700,1001.6588394814236,3.9653489641172825,10.656817440884918,10.001764973738409
5735144312,5711838600,57.56300000000001,900,2082.3498772497287,3.651057890582586,15.766115390412198,24.42190744086196
4374853084,4374853083,33.273,700,15.2143221202345,2.395656618769614,13.888885301554065,0.10645636479641134
5735144311,4374853084,44.914,700,5.270174753476313,3.233808012025644,13.888888837239927,0.04977758027143222
4374853083,5711838602,20.212,700,0.0,1.455264,13.88888888888889,0.0
3626044190,6302880063,202.75500000000002,700,0.0,18.24795,11.11111111111111,0.0
6302880062,6302880063,11.365,700,0.0,0.81828,13.88888888888889,0.0
6302880063,5711838594,222.555,700,0.0,20.02995,11.111111111111112,0.0
3626044191,4368167755,98.868,700,19.24255547234254,7.118496294044694,13.888888315178667,0.4000787933959412
3626044191,4374853087,18.655,700,626.5638686020309,2.3410513000900144,7.9686421221451695,3.3390030102053925
5711838594,3626044191,110.022,700,645.8064240743743,14.563839428646139,7.554463954305469,21.11069248010274
4368167755,4368167758,95.514,700,19.24255547234254,6.877008284069514,13.888888315178672,0.3865065124450772
4368167756,4368167755,18.152,700,0.0,2.17824,8.333333333333334,0.0
4374853087,5735144311,269.848,700,1006.9290142348998,115.71019464248779,2.3321022044233444,183.27986693429733
4368167756,4374853087,98.48,700,380.3651456328685,7.1352754398398694,13.8018498136927,7.8929291367001175
3638061079,4067050004,189.018,700,0.0,13.609296,13.88888888888889,0.0
4067050004,4067050007,14.408,700,0.0,1.0373759999999999,13.888888888888891,0.0
4067050004,4067050005,15.534,700,0.0,1.86408,8.333333333333334,0.0
5711838613,5711838616,17.838,700,1580.2082842554016,3.6970736865162057,4.824897070636682,11.820292773146303
3664624076,4354250483,313.935,700,1078.1218921775176,31.80395511856745,9.870942114891923,83.6518541304216
4354250482,4354250483,12.086,700,0.0,1.45032,8.333333333333334,0.0
4354250483,4354250473,92.18,700,1078.1218921775176,9.33852097672941,9.870942114891927,24.56249833163641
3664648814,3664648816,79.035,2000,0.0,4.7421,16.666666666666668,0.0
3672786692,4368055833,380.004,700,1163.9326449315952,38.62649726488802,9.837909904024057,109.54184194593923
3672786692,3672786697,53.09599999999999,700,91.51108846142928,4.778740965572676,11.11087635478,1.1224907780714957
3672786697,3736744762,1.8300000000000003,700,1405.30804960735,0.260532756209448,7.024068783615151,0.80719779058229
3736744762,3736744765,28.17,700,1007.10394337544,2.4153304892467737,11.663000208631855,6.3961890941048125
3736744765,3736744764,9.095,700,1122.8258131803552,0.8803887022439759,10.33066414507392,2.4561520257203866
6047008469,6047008468,40.587,900,27.16150095315077,3.652830219200106,11.1111104443523,0.2546731630904493
6047008469,4931574870,111.01400000000001,900,1434.4892822117083,11.724613425184423,9.468457165636043,40.40180962219295
6047008468,4919931339,71.608,700,966.78280440777,8.140985532356533,8.795986642574462,18.443253963039115
3672903095,4145381528,136.263,700,0.5065885291308012,16.351560000000323,8.333333333333169,0.019095421728784232
3672903099,3672903095,76.978,700,0.0,9.23736,8.333333333333332,0.0
6027734924,3672903095,374.663,700,0.5065885291308012,44.95956000000089,8.333333333333169,0.0525039665292228
4145381528,4145381529,34.93,1200,0.0,3.1437,11.11111111111111,0.0
4145381528,6027747368,435.624,700,0.5065885291308012,52.27488000000103,8.333333333333169,0.061046828524103404
4145350042,4080300426,56.07299999999999,700,27.36951746829452,6.728761137568914,8.333331924494358,0.424538363492458
4145350042,4145350043,24.821,700,1541.0415702746102,6.029602547073396,4.116523403693903,18.040741862933245
4080300425,4145350042,21.779,700,27.36951746829452,2.613480441836772,8.333331924494361,0.16489256894587848
4560358828,3672981193,199.867,900,1395.5928066317024,12.053941069873279,16.58105003512359,56.36203807886759
3736716055,3673105907,116.595,900,1248.7049517967096,10.645179254717029,10.952845152732879,33.89080228935627
3673105918,3736716052,391.258,700,0.0,35.21322,11.11111111111111,0.0
3736716052,4373092582,298.499,900,1566.190113333976,35.749629780475814,8.349708845461144,129.1454435035876
5726327134,3703610998,20.91,900,38.034531292825896,1.88190043421523,11.111108547418805,0.18372768619004878
3703611000,3703610998,398.274,900,2575.287168509756,46.787561102656035,8.512390699873237,279.511596225154
3703610999,5726327134,10.065,900,38.034531292825896,0.905850209008908,11.111108547418818,0.08843707132964329
3703610999,3703611001,395.154,900,2741.8271517296816,52.89084167702572,7.4711233073767405,324.5801198578121
3703611000,3703611001,32.681,900,0.0,2.94129,11.11111111111111,0.0
3703611001,3703611004,247.858,900,2741.8271517296816,33.175466365984505,7.4711233073767405,203.59095276200568
3703611003,3703611000,245.91400000000002,900,2575.287168509756,28.888946556889362,8.512390699873237,172.58423767083096
3703611003,3703611004,32.434,900,0.0,3.8920799999999995,8.333333333333334,0.0
3703611004,3703611006,200.246,900,2741.8271517296816,26.802662968001574,7.4711233073767405,164.4823807453485
3707018504,3707018513,52.72,700,1081.8152061557266,36.072198756888746,1.4615133486957739,47.47404820241125
4350145650,3707018513,19.715,700,589.5324337891676,1.22594799808809,16.081432516506613,2.359678111106562
4337295648,3707018513,30.348000000000003,700,0.0,2.73132,11.11111111111111,0.0
3707025317,4350145650,90.472,700,1374.4268884168755,11.26446572711496,8.031628147460445,35.319221916134076
4337293915,3707025317,97.572,700,0.0,11.70864,8.333333333333332,0.0
4350145650,4337295648,15.314999999999998,700,1650.0850973526244,2.971327071488538,5.154262601029541,10.076726264337713
4337293915,4350145650,11.94,700,865.1906427249171,1.110434650238802,10.75254630917026,2.4289114875434783
3707030301,3974039019,88.036,700,472.0741600369917,5.361196296757986,16.420961876220982,8.409519374709648
5520583122,3707030301,225.992,700,472.0741600369917,13.762409394985369,16.420961876220964,21.58757897370832
3974039019,4337293918,8.287,700,1160.7482975368275,0.5509367698378921,15.041653513956552,1.9793131430443864
3974039019,4337293916,8.121,700,79.89911965830545,0.7308989741662619,11.110974686020928,0.1498983140858753
3725402605,3725402606,43.511,900,0.0,5.22132,8.333333333333334,0.0
3725402605,7778156636,632.891,900,1076.3802446569234,39.08359103617366,16.193266361175212,138.147647039138
4059107800,3725402606,506.46899999999994,900,2176.8313855835904,45.24867624727118,11.193012525544185,253.72314626080941
7778156635,7778156636,14.648000000000001,900,3.0118526032972794,1.3183200000119581,11.111111111010326,0.010191884588963305
7778156636,7928760134,203.363,900,457.18913496094046,12.2133901543857,16.650823189085997,18.77588250724232
3725402737,3725402773,1315.681,700,382.0404382735085,79.44751613598027,16.56037927917237,101.5836188268137
3757448178,3725402737,60.650999999999996,700,157.65526557014695,3.639737325229422,16.663565136854213,1.930782522345846
4335726758,3725402773,19.636,700,163.48626499313303,1.767620359909932,11.108720201095975,0.7416955789574826
3725402763,4335726758,7.821,700,166.25009786293072,0.7040520043024859,11.108554413886475,0.3004131817953798
4488982995,4624253363,27.349,700,2256.4614635147914,21.68656098168645,1.2611035942072735,54.11233410017116
4488982995,6982912056,865.256,700,643.4124528223749,52.444856138232275,16.498395909779774,112.57255707543733
3725402806,5413173079,136.831,900,1251.5096031870066,12.516542174350109,10.932012858983125,39.902879616764125
5413173079,5413173077,24.878,900,1251.5096031870066,2.275701677350026,10.932012858983146,7.2549629769997885
5413173079,5413173078,925.0639999999999,700,0.0,55.50384,16.666666666666668,0.0
5941767199,5413173079,13.540999999999999,700,0.0,0.81246,16.666666666666668,0.0
3736694444,3736693698,201.103,900,1683.0092607163888,27.28776950981494,7.369711911692407,102.43998993365105
3736694444,3736694443,13.585999999999999,900,0.0,1.6303200000000002,8.333333333333332,0.0
4365491326,3736714672,5.941,700,586.3368594570721,0.5537299131346021,10.72905736005605,0.8200230732318029
5213227842,3736714672,11.384,700,22.184528236029426,0.9107200864599121,12.499998813302883,0.055192375975835574
3736714672,6290628550,116.105,700,0.8943284669083503,10.44945000000201,11.111111111108974,0.023987800555037707
3736716006,4368005786,487.62799999999993,700,1117.341762105554,51.596129979631115,9.450863857279675,138.39460199701332
3736716009,3736716006,20.188,700,1116.214594963841,2.133350924083302,9.463046970893808,5.719078595942534
4368005786,4368021749,390.636,700,1117.341762105554,41.333364430925165,9.450863857279677,110.8671235977122
4368005787,4368005786,13.945,700,0.0,1.6734,8.333333333333334,0.0
3736716009,3736716021,43.363,900,340.2552859314628,3.908437367027292,11.094715337086583,3.411165854721982
3736716010,3736716009,9.172,900,1456.4698808953046,1.235031786608556,7.426529502683214,4.020010962087546
3736716021,3736716025,5.772,900,1295.431900110102,0.68077593356007,8.478560588673766,2.0433586549928884
8374579149,3736716021,76.85,700,955.1766141786392,6.920866829048364,11.10410038197008,16.96342705653064
3736716010,3736716029,65.244,900,1481.125201894473,7.190075072645178,9.074175073390046,25.208520869968694
3736716012,3736716010,10.517,900,1131.8373507179842,1.117794245969046,9.408708300231522,3.0322922451701815
3736716029,3736716034,9.691,900,1340.9134673899937,1.1830825754177159,8.191313270401569,3.6390360660324608
3736716025,3736716029,34.865,900,955.1766141786392,3.4258305388524057,10.177094168726505,8.080408654379791
3736716012,4373092580,48.451,900,1436.9587064209254,5.128339017151308,9.447698336237057,17.688257520543054
8033280148,3736716012,3.4799999999999995,900,1027.9017635354958,0.351750004683492,9.893390060168832,0.882863366828873
3736716034,3736716012,65.245,900,1540.8942936034143,7.6175358199976335,8.565105769337922,27.279752816468292
3736716030,8033280148,60.38199999999999,900,25.295819730561742,5.434380245324694,11.111110609521267,0.35285698048602493
3736716025,3736716037,23.694,900,340.2552859314628,1.70848908007923,13.868394171358242,1.6961776297762965
8374579149,3736716037,91.933,900,185.485889869977,6.620039860621907,13.887076503397902,3.5861385805500414
3736716034,3736716030,29.421,900,1366.209287120555,3.664993407918936,8.027572419756654,11.421123180197778
4373092582,3736716034,35.778,900,1566.190113333976,4.28493982990182,8.349708845461144,15.479333859313954
3736716030,3736716031,13.478,700,1340.9134673899937,1.9156407259180979,7.035766058659291,5.665430219940312
4373092582,3736716031,68.679,900,0.0,6.18111,11.11111111111111,0.0
3737747705,3737747700,8.835,700,854.4912589661044,0.738294768620994,11.966765004311545,1.6816291442502174
3737747710,3737747705,61.225,700,854.4912589661044,5.116253221145502,11.966765004311503,11.653394946997151
3737747711,3737747723,527.003,700,558.2180793687995,39.05424746970604,13.494127633845476,62.45124505545581
3737747711,3737747710,44.231,700,0.0,5.30772,8.333333333333334,0.0
6332101405,3737747710,362.96,700,854.4912589661044,30.330669973817447,11.966765004311492,69.0847893828026
3737747723,3737747926,17.754,700,558.2180793687995,1.315683420354648,13.494127633845487,2.103895812195685
6332101405,6332101402,45.066,700,0.0,5.40792,8.333333333333334,0.0
6294869897,6294869896,13.42,1200,0.0,1.2078,11.11111111111111,0.0
3737948909,3737948908,12.007,1200,6260.612799876076,8.346992351883925,1.4384822093780891,62.94271122860259
3737948910,3737948909,69.596,1200,4619.3769540364565,17.277995391960342,4.028013575717462,154.0167185610139
3737948910,5064784607,2158.88,900,2066.3761266613183,217.15989800722483,9.941430346076949,1097.778796160076
3737948911,3737948910,7.4750000000000005,1200,6685.75308069778,6.623543684649804,1.1285499659832339,45.39118325393265
5064784607,5064784609,58.407999999999994,900,0.0,5.25672,11.111111111111112,0.0
3737948912,3737948911,71.542,1200,3417.551931818028,8.327571410580553,8.590980067622437,66.20409147234399
3958498119,3737948911,21.138,1200,3268.201148879751,2.265351979867356,9.33100029834556,17.693026335005356
4351793599,7117555925,15.840999999999998,700,1300.6582008568323,2.123978573981136,7.458173163351642,6.180516788354143
4351793599,4351793597,15.876,900,7.987062525048222,0.952560000427398,16.666666659188607,0.0256037763784004
4351793598,4351793599,21.819,900,1222.2209000804048,2.446849352038134,8.917181591839967,7.038666149357563
3738262363,3738262364,5.373,700,2692.027404223861,0.9617940229466161,5.586435215659711,5.419995215315922
4354354751,3738262363,136.7,700,1555.7102620009373,27.212006975420884,5.023517748010046,86.4844903136775
7566579308,3738262363,49.559,700,1136.3171422229252,4.600338813772656,10.772902172254904,13.22714151442622
3738262364,5468322688,90.495,700,1502.420316791331,13.764894544310124,6.5743329677311,44.898564948094396
5468322688,4365081423,100.851,700,1508.4298850001271,15.489627505653365,6.510873160971215,50.61469542120723
4365081430,5468322688,48.468,700,6.00956820879638,8.724240003428267,5.555555553372451,0.10961429273821038
4373191055,4354354751,42.459,700,1555.7102620009373,8.452045385291845,5.023517748010048,26.862070038247527
4373191055,4354354756,36.317,700,0.0,4.35804,8.333333333333334,0.0
3739384265,3739384256,46.315,700,0.0,2.7789,16.666666666666664,0.0
5718483513,3739384256,891.891,700,0.0,64.21615200000001,13.888888888888886,0.0
3739384269,3739384266,49.674,700,1113.5077974613891,8.721823657761881,5.695368531762647,20.41817149640174
4365101467,3739384266,77.832,700,0.0,5.603904,13.888888888888888,0.0
3739384279,4365101467,16.5,700,0.0,1.1880000000000002,13.888888888888888,0.0
3739384279,3739384270,62.859,700,0.0,7.54308,8.333333333333334,0.0
5718485035,3739384279,87.043,700,0.0,6.2670960000000004,13.88888888888889,0.0
5718485036,4365101464,97.629,700,945.9468053186008,8.725000850954952,11.189569109247078,21.256763159364603
5718485035,5718485036,14.226999999999999,700,0.0,1.70724,8.333333333333334,0.0
7567398770,7086792211,15.35,900,443.7423030094154,1.382666555544594,11.101736668501438,1.5742500715602676
7567398770,7140204913,178.331,900,550.5653297815959,10.721271383697852,16.63338177141564,19.830381495872363
4115494084,5046648074,218.537,700,0.0,19.66833,11.11111111111111,0.0
3743675062,4352786902,42.417,900,0.0,3.81753,11.11111111111111,0.0
3743675062,7058930530,102.17300000000002,900,457.18913496094046,6.136213137316273,16.650823189086008,9.433319942233688
6829179661,3743675062,127.90900000000002,900,457.18913496094046,7.681842425895174,16.650823189085997,11.8094459445369
7058930530,4352786282,78.991,900,513.5800491051413,4.746641127556607,16.64145189772575,8.193170289179685
7058930529,7058930530,38.673,900,56.39091414420088,3.480570766510506,11.111108664160893,0.5038015505757892
3757448191,3757448190,20.159,700,159.64571827186052,1.45173205647723,13.88617128763953,0.676830429451496
3757448191,5463384501,314.427,700,303.7478474336332,28.371005375567904,11.082687970965361,22.093224812513355
3757448199,3757448191,623.023,700,334.80324938941527,45.02746837976734,13.836509633305287,43.91744403305064
3746745871,7058930527,413.78999999999996,900,2840.785953377757,60.04149160802505,6.891734181112408,374.35705491103204
3746745870,3746745871,75.28,900,0.0,6.775200000000001,11.11111111111111,0.0
3746737679,3797225271,29.78,700,0.0,2.14416,13.888888888888891,0.0
3797225271,3797225270,23.515,700,464.42207252704816,1.7168102876809859,13.696912331392966,2.306839779836665
3746737680,3746737682,59.835,900,0.0,5.38515,11.11111111111111,0.0
3746737680,3797225270,112.22,900,2924.235166334687,17.455844260167755,6.428792462136777,110.25979310344901
6986230274,3746737680,79.004,900,2924.235166334687,12.289088575390249,6.4287924621367765,77.62399478118765
7058930526,7058930527,19.899,900,0.0,1.79091,11.111111111111112,0.0
7058930527,4354680887,288.394,900,2840.785953377757,41.8463615138229,6.891734181112407,260.9109173590761
3746757875,7566229497,883.368,700,1151.5114339848385,97.29406938083578,9.079361215145134,265.2525096887021
4354680887,3746757875,117.539,900,3416.3183846442817,27.974079730615678,4.201711052941691,186.60443239537946
7566229497,7566229496,11.608,700,1151.5114339848385,1.598130050800938,7.263488972116128,4.090149279365549
7566229498,7566229497,44.52,700,0.0,4.0068,11.11111111111111,0.0
6829165677,7058930526,34.582,900,1765.198283133837,2.513659305265086,13.757632121252424,12.875968297576499
6829165676,6829165677,36.12,900,0.0,3.2508,11.11111111111111,0.0
3753463047,3753463046,29.432000000000002,900,0.0,2.64888,11.11111111111111,0.0
4040919150,6509383069,15.832,2000,3391.006536244754,0.718325209150296,22.040156461622182,10.728363761168952
4331522684,4331517663,14.148,700,0.0,1.018656,13.88888888888889,0.0
6986230275,6986230279,79.506,900,1489.3186953175975,5.281491822475662,15.053701240558228,24.36047248781378
3765820749,6986230275,21.29,700,0.0,1.9161,11.11111111111111,0.0
7567414048,3756733849,1.9500000000000002,900,3946.1584428494657,3.24509672544501,0.6009065876865629,8.090465383619586
3756733856,3759247724,39.344,900,453.9471056538076,2.371692155953764,16.588999504523812,3.6086208908414337
3759247724,7567414049,1.055,900,2631.932127355626,0.398187308376576,2.6495068471701746,1.7453262152190252
3757448178,5182741152,308.491,700,911.8365324010908,33.54684223424699,9.195828264428137,72.73435157428213
3757448190,3757448178,942.8070000000001,700,157.65526557014695,67.89473865336261,13.886304280711828,31.259612708176718
5182741152,6839243004,18.137,700,911.8365324010908,1.972307385312816,9.195828264428163,4.2762444755365685
5182741152,5463384500,941.43,700,0.0,56.4858,16.666666666666668,0.0
5463384500,3757448190,313.756,700,485.0251547505709,28.70887172202296,10.928886479342674,35.46570441682047
5463384500,5463384501,16.955,700,1329.0659537058443,1.206205348744218,14.056478872069231,4.72143130704599
5182741174,5182741187,922.224,700,1202.316316539757,62.21475934419484,14.823235028490894,228.96102534510533
4226124418,3757448211,30.125,700,338.09534068840367,2.177538673548894,13.834427083172342,2.1445207358734195
5182741187,3757448211,310.642,700,772.665479280747,20.64000148470741,15.050483413490106,49.382313645668674
3757469569,5941791932,32.078,900,1900.306015210268,2.471297972034624,12.980223495101292,13.123224672629789
3793010430,3757469569,33.974,700,582.1997929664916,2.530800324066552,13.424211968413905,4.20648489133823
6815891567,3757469569,597.118,900,1318.1062222437768,38.182369277882884,15.638579042968932,160.60859505712344
5413173071,5413173060,8.704,700,121.05258682342767,0.5222466738356759,16.66645368188348,0.21274999910435022
5413173071,5413173069,25.943,700,794.5231619274218,2.092156639366182,12.400123160883128,4.519871686371508
3793010430,5079272336,531.956,900,2631.167514599414,65.2333065879586,8.154668647414443,393.2220759764908
5413129592,5502413843,51.15,700,932.370351688022,4.5213057966994015,11.313103404184696,10.915407625775732
7847837434,7847837435,18.601,700,0.0,2.23212,8.333333333333332,0.0
7847837435,7711686649,237.339,700,445.7495242574237,17.291662080293708,13.725632556194892,22.33178148395509
4059158198,3757644283,260.224,700,445.7495242574237,18.958980501233885,13.725632556194894,24.485084646352785
4497392692,4497392693,13.429,900,0.0,1.2086100000000002,11.111111111111109,0.0
4497392693,4497392690,541.56,900,1727.392070007071,77.26941757568667,7.008723722675054,294.11620750689025
8013723178,8013723177,8.632,900,0.0,0.77688,11.11111111111111,0.0
8013723177,8013723181,1114.317,900,0.0,114.61546284,9.72222222367636,0.0
7567414049,7567414048,47.223,900,1313.8259051118523,3.7641713615872443,12.545390595630959,13.538547848264118
7567414049,4356234875,329.399,900,1318.1062222437768,21.063230814956743,15.638579042968935,88.59942356991641
5113153184,4624415087,868.6150000000001,700,564.5171229143801,52.43188953962637,16.566540088995424,99.09350804892414
5113153184,6982912056,30.852000000000004,700,1.979509888191534,2.221344000010272,13.888888888824663,0.01284304570864822
6982912069,5113153184,18.13,700,0.0,1.0878,16.666666666666664,0.0
3765820749,6986230274,37.486,900,2924.235166334687,5.8309550698329,6.428792462136782,36.83121194328898
4064542314,3765820749,230.952,900,2924.235166334687,35.92463147009681,6.4287924621367765,226.917837612081
6503105482,6986230274,37.323,900,0.0,4.47876,8.333333333333332,0.0
8388117062,7567398769,251.28200000000004,900,803.2130594325951,23.65320271221208,10.623593052380336,47.77470816477712
8388117062,8388117061,21.064,900,1547.281669008715,2.843202848887302,7.408546318896477,9.825649235147212
3777709477,4199807638,518.619,700,1129.4224868013036,40.95646224119685,12.662690369734548,127.33076426633382
7566176122,3777709477,1.98,700,1129.4224868013036,0.212447180955954,9.319963630915428,0.5731729119358274
4201358373,4201360290,116.464,700,466.1954622741768,7.0074837409807085,16.619945804355257,10.967404356735393
4201358373,4201358377,45.257,2000,0.0,5.43084,8.333333333333334,0.0
4201358377,7566176122,466.4959999999999,700,0.2191282187284212,27.989760000000018,16.666666666666654,0.02064058887693648
3777709530,3777709531,30.516,2000,19.137036619133102,1.830960000118374,16.666666665589144,0.11791746797769914
3788360425,5413182485,175.039,900,2119.79035276796,15.120712092064885,11.576108250342108,83.95795876196958
4497467906,3788360425,155.161,700,22.45255435596803,13.964491069208046,11.111110260375531,0.8048052402255452
5413182485,8088707310,27.068,900,0.0,2.43612,11.111111111111112,0.0
5718485018,5718485019,14.463,900,0.0,1.3016699999999999,11.11111111111111,0.0
5718485019,5718485017,67.383,900,2152.146120640404,13.605775054751238,4.952529328821246,59.61807202327001
5718485018,4319750757,87.443,900,2039.683597475278,15.258647070222715,5.730717775801055,65.52325320056921
4382765230,3792809300,14.900000000000002,700,657.775620606759,1.416633462828492,10.517893577249136,2.3330267681086205
5079272336,5115330755,133.811,900,2631.167514599414,16.409127799745335,8.154668647414441,98.91314170437077
5079272336,4341425376,788.525,700,0.0,94.623,8.333333333333332,0.0
6467322271,5079272336,46.686,900,0.0,5.60232,8.333333333333334,0.0
3812808960,4331360817,11.985,900,1356.0783094197234,0.772061413481946,15.52337649662925,3.321390685416702
4332629094,3812808960,301.107,900,1366.4394380402823,19.438138056714923,15.490526876671831,84.11930174049058
3812840429,3812840431,32.726,700,1710.9778496907531,10.550127780383256,3.1019529508306256,31.99821575742348
3812840431,3962802576,15.206000000000001,900,677.93400876523,1.400411567001738,10.858236505826524,2.4108809464315386
4344532846,4344532847,9.876,700,0.0,1.7776800000000001,5.5555555555555545,0.0
4344532847,4344532848,408.7049999999999,700,3.754608769802774,24.522300001468224,16.66666666566878,0.30984928047051463
3918871925,4274224223,91.47,2000,2879.1290335832923,7.690210571532768,11.894342703514388,58.82613084120723
3918871925,3918871943,88.894,900,1268.6454111083483,8.143267897157711,10.91625636325033,26.29874898862028
4274224223,4077576808,534.615,2000,890.9746306118639,48.18934530009607,11.0940498707903,110.12826184192916
3918871943,4274224243,18.043,900,2877.2309427728464,2.39074821691728,7.547009706971702,15.435594253056719
4274224218,3918871943,127.46500000000002,2000,1608.5855316644977,9.64729199793286,13.212516012505075,43.851475036968125
3918871929,4274224245,81.943,700,810.6759221998683,6.0614766903568205,13.518652992654875,14.093361129383409
3918871930,3918871929,11.431,900,4263.256270135655,3.370692156441924,3.3912916010895735,26.287459986822856
4274263632,4274224245,250.63200000000003,700,0.0,22.55688,11.11111111111111,0.0
4274224258,3918871930,91.219,900,2947.6313013078857,12.48038683829907,7.308988189378277,81.88918908159464
3918898598,3918871930,116.901,2000,1315.6249688277708,8.42902751179395,13.868859703735852,32.35741503061873
3918871942,4274224258,8.259,900,3793.312430832352,1.8038344535475062,4.578579804680779,13.665708262061727
4274224243,3918871942,54.732000000000006,900,1493.105232821359,5.094582590826648,10.743176506462166,19.22365140164166
4274224258,4054025652,128.151,2000,845.6811295244656,9.22914696727021,13.885465304049049,22.7923531427217
4274224271,3918898598,276.144,2000,923.6251766103484,19.889343016763867,13.88401817834054,53.64213672811136
4274263632,3918898598,61.303,2000,391.9997922174227,3.681571215918948,16.651314453711663,4.852866229155712
3918935670,5589085012,81.158,1200,0.0,7.30422,11.11111111111111,0.0
5589085012,4465650739,2331.784,1200,3306.853844812588,218.7367216766784,10.660231085691606,1821.68648697808
5589381656,7575681837,104.262,1200,2614.188372593601,7.087701969075642,14.710268639243806,56.3903412486077
5589381656,7575681823,117.83999999999999,700,63.51720391610444,8.484521606849533,13.888820779814864,1.5740256370806225
3930415522,3930415524,36.62,700,486.3056691151421,5.579161718600166,6.563710078149178,5.88825289866601
3930415522,6292596720,421.342,700,1179.2801251062358,48.0136532553916,8.775462216108002,132.58455586975037
3930415524,4948000948,236.73700000000002,700,1434.5152856631066,38.79176945100153,6.102763636472579,118.80799885715479
4199807654,3930415524,429.441,700,948.2096165479657,38.45031660701915,11.168724678891332,93.81650015308857
4199807654,6292596720,16.259,700,0.0,1.95108,8.333333333333334,0.0
6292596720,5555008238,556.494,700,1179.2801251062358,63.414779335328284,8.775462216108005,175.11311436832995
4948000948,4374783189,998.9870000000001,700,633.1826001310952,159.57345943932046,6.260358104098605,216.95161971935605
3949418115,4022717906,164.623,2000,1071.827678089573,10.386383477588117,15.849886570741951,35.91465490635124
4336140529,4336140541,34.173,900,1838.127730707901,4.631055163745316,7.379095862974552,18.993636285878814
4336140529,4336140535,28.336,900,0.0,2.55024,11.11111111111111,0.0
3951062361,6300728523,118.693,900,2686.8799638943547,15.205101865108668,7.806129880153336,92.48437798533482
4335637473,3951062361,595.192,900,2686.8799638943547,76.24674571624072,7.8061298801533345,463.7675507557097
4335637474,4335637472,126.038,900,905.8389096515948,8.12365475271982,15.514938021929371,23.334447266846233
4335637473,4335637474,24.051,900,0.0,2.16459,11.11111111111111,0.0
6300728522,6300728523,19.55,900,0.0,1.7595,11.11111111111111,0.0
4336045819,4336045818,25.910999999999998,900,0.0,2.33199,11.111111111111112,0.0
4336045819,3951088454,57.309,900,2391.5678511170063,5.888370902772336,9.732573057349025,34.17193383083144
4334655816,5589066955,379.425,1200,3801.275197634135,41.63998423477686,9.11203515017453,375.2032511726969
4334655816,4334655817,29.776,1200,0.0,2.67984,11.11111111111111,0.0
3951181886,5056785449,699.489,700,392.9715149218876,50.72506067279413,13.789811007070197,57.93653045223947
3952895373,4065954106,4.087,700,1619.6814597005389,1.1305053421687679,3.615197423268673,3.420413599364375
4065954107,3952895373,42.141,700,468.1700257156999,3.847585390739994,10.952583431006103,4.592573221833848
7566229496,3952895373,295.67,700,1151.5114339848385,32.56506630739592,9.079361215145132,88.78203595744758
3952895393,4065954119,44.542,700,1004.9823650843904,5.240806649579429,8.499073325587094,12.212267685333073
3952895393,3952895403,603.733,700,818.0150575600625,49.33281322050098,12.237960103785644,108.9100082006335
4065954119,4065954097,3.667,700,1564.26669726573,0.925377770866356,3.9627059515022567,2.780243764071474
3952992276,4375900774,245.08600000000004,2000,7673.881431581439,16.862387530681694,14.53447796488235,390.33660189886353
3952992276,3952992275,96.412,2000,0.0,5.78472,16.666666666666668,0.0
4721301760,3952992276,235.97599999999997,2000,8460.173590304423,18.916216254812728,12.474799231583228,436.66381822412075
4375900773,4375900774,66.816,2000,0.0,4.00896,16.666666666666668,0.0
3953009246,3953009249,108.302,2000,0.0,9.747179999999998,11.111111111111114,0.0
3953009246,4721301760,658.313,2000,9874.039166155942,116.11858508779707,5.669316410480292,2408.061411990591
3953009357,3953009246,268.782,2000,9874.039166155942,29.631217917111876,9.070906256768465,692.491423341311
4721301760,4721263431,1041.744,2000,1413.8655758515176,75.7370188018283,13.754753177251441,310.69532833257483
3953009256,3953009357,52.798,2000,0.0,3.16788,16.666666666666668,0.0
3953009380,3953009381,29.321999999999996,2000,0.0,2.63898,11.11111111111111,0.0
3954509364,4630711876,202.28499999999997,700,1512.658252721104,37.53835912544398,5.388754455782502,117.90140118380856
3954509364,3954509372,147.36,700,0.0,13.2624,11.111111111111112,0.0
3958441178,4365475993,31.321000000000005,900,1969.9080123235624,2.495573750493384,12.55062087177657,13.461314824072817
3958441178,3958441183,35.822,900,0.0,3.22398,11.111111111111112,0.0
4365467892,3958441178,826.983,900,1969.9080123235624,65.8917999714017,12.550620871776555,355.4253860718431
4365475993,4365524355,87.017,900,1969.9080123235624,6.9332824956637085,12.550620871776557,37.398653684312286
4365475284,4365475993,32.904,900,0.0,2.96136,11.111111111111112,0.0
4365475284,3958441183,32.58,900,2733.0463347472046,4.33011663114408,7.524046757925753,26.53531954966489
3958498119,3958498123,29.431,1200,0.0,2.64879,11.11111111111111,0.0
3962693284,3962693283,30.503999999999998,700,0.0,3.66048,8.333333333333334,0.0
4331281787,4341381875,17.357,900,3979.388635635513,2.8409852145458943,6.109500292761769,24.143099170415425
4331281787,4332823089,34.538,900,2254.094091832033,3.237392332415766,10.66846290274231,18.384539645743125
5052471338,5052471339,47.904,2000,9055.874624832952,9.144437878838268,5.238594283729318,170.83672318500516
4337293916,4337293918,13.231,700,0.0,1.19079,11.11111111111111,0.0
4337293915,4337293916,7.028,700,0.0,0.63252,11.11111111111111,0.0
5045615974,6013983550,19.131,900,855.8069412911253,1.458896730255396,13.11333393464451,3.511246288850084
5045615974,5045616018,757.127,700,773.1877049644988,55.67258877128676,13.599637033413643,123.94685209501573
5045615973,5045615974,20.626,700,401.9159896966491,1.487378204025678,13.867353941435002,1.7441691519445055
3977332099,4086642103,117.652,2000,0.0,14.11824,8.333333333333334,0.0
3977332099,4086642103,118.455,2000,2740.35652930167,68.27165139916002,1.735053972950439,252.23826201389585
4379572810,3977332099,4514.226,2000,4740.2754105791855,218.78422241837237,20.63323374099447,4269.419232558996
3978570804,4379685941,21.791,700,959.0362541596876,1.9688266489967758,11.068013535424106,4.837724111328275
3978570804,3978570808,27.681,700,1362.13957164483,6.76699248354549,4.090591214237148,17.864916068787785
4379685941,3978570811,50.49,700,959.0362541596876,4.561794204389311,11.068013535424077,11.209062933365374
4379685937,4379685941,24.085,700,0.0,2.8901999999999997,8.333333333333334,0.0
3978570808,5544120402,179.227,700,1601.361474939888,38.470624609690695,4.658801405445676,123.57507743131673
4379685937,3978570808,17.348,700,239.22190329505787,1.250288422987416,13.87519845904756,0.8729945619793497
3978570809,4379685937,55.094,700,239.22190329505787,3.9706819446661683,13.875198459047564,2.77246728139787
3978570811,3978570809,19.256,700,0.0,2.31072,8.333333333333334,0.0
3986979187,3986979189,43.818,1200,3998.135150227107,39.09693077916755,1.120752937039959,159.45104924403873
3986979200,3986979187,106.227,1200,1943.35027297413,14.317319459326596,7.419475433357154,62.166584148191504
3986979189,3986979208,76.786,1200,786.4611819259319,7.002970595166102,10.964775441582264,14.04909752022955
3986979208,4199657758,34.33,1200,3457.650761364348,18.495423721937286,1.856134821030428,89.54286463519082
3986979194,3986979209,45.692,1200,2689.729931335429,11.620874855826774,3.9318898591434164,59.89844076618053
4199657758,3986979194,133.48,1200,1236.9354872907004,8.662828896579342,15.408361586445134,33.792948432839
3986979209,3986979198,65.312,1200,1241.7340191137532,6.365598500185097,10.260150714516612,19.583918303347254
3986979198,3986979200,50.399,1200,2825.3727136010443,14.619349708708063,3.4474173615246153,75.9766818302547
3987085480,3986979198,234.522,1200,1583.6386944872902,20.590529255338,11.389799508878637,84.71552806454368
3986979200,3987072570,82.23,2000,882.0224406269151,4.941087175234494,16.642086464725757,14.647849298855858
3987072570,3987077297,70.472,2000,827.3660933966682,6.349732857016998,11.098419663769382,13.47773406095832
4199657758,5463286185,161.577,2000,2220.715274073646,10.270008851615124,15.73289783237036,73.1354159002088
4375690414,3987077297,337.786,700,0.0,40.534319999999994,8.333333333333334,0.0
3987085480,4375690414,46.497,1200,0.0,4.18473,11.11111111111111,0.0
4366943118,3998415249,25.986,1200,2850.479913879582,2.268474567442206,11.455274999754675,16.84754207951848
4015833535,4015833534,14.704000000000002,700,0.0,1.76448,8.333333333333334,0.0
4015833535,4346555523,100.099,700,1228.9754948191155,15.200743314023617,6.585138498303076,40.57315105929777
4015833549,5728879650,11.638,700,0.0,1.04742,11.11111111111111,0.0
5728879650,4332629093,371.44,700,0.0,33.4296,11.11111111111111,0.0
4022477636,4022477640,14.462,700,0.0,1.7354399999999999,8.333333333333334,0.0
4022571672,4022580205,372.13,2000,7794.16689727255,46.53650820518428,7.996517451615414,826.4545636339157
4022580205,4022580206,61.24199999999999,2000,8681.50753126142,10.302233359012153,5.944536283137765,189.83994305615087
4022580206,4022580207,161.98,2000,908.2354488369162,9.734938589428195,16.639036652568578,29.712197853094462
6129287596,4031865334,234.436,700,1116.344496988503,20.64792863010698,11.353971829317844,59.79089101822415
4368421379,4038977441,134.864,900,3215.4103665451053,14.052154439016432,9.597389538044366,109.07226996826115
7085445144,4038977441,50.656,900,1065.4809845942254,5.206857167964258,9.728709347294261,13.460098165866652
4040883636,6292604454,33.065,700,0.0,2.38068,13.88888888888889,0.0
6509383069,4601025043,477.848,2000,0.0,21.503159999999998,22.222222222222225,0.0
6509383069,4601025043,485.16900000000004,2000,3391.006536244754,23.10206065772186,21.001113588446593,328.3287036666815
4041917121,4041917120,16.002,900,0.0,1.44018,11.11111111111111,0.0
4041917123,4041917121,7.7,900,2451.3977841582823,0.825352651090998,9.329345449877339,4.834862035521166
4041917122,4041917123,14.564,900,0.0,1.3107600000000001,11.11111111111111,0.0
4343330531,4041917123,141.34,900,2451.3977841582823,15.150044637039251,9.329345449877291,88.7479740390342
4337472726,4337472728,220.677,700,1024.2316759978153,21.15687413326978,10.430510604256948,54.060570713833755
4343330533,4042151334,627.683,900,2446.1293392079424,67.0266885626298,9.364672691736702,392.3133895952691
6129505181,4042421393,12.495,700,0.0,1.4993999999999998,8.333333333333334,0.0
4042421393,5072692005,83.268,700,1110.4846274487531,8.742146028076176,9.524892369971566,23.370353390473966
6129505181,6302866757,95.332,700,904.668655227292,8.2490753123151,11.556689251906601,19.53074191165534
4578581066,6129505181,86.091,700,904.668655227292,7.44945183896823,11.5566892519066,17.63753096459029
5072692005,4578581066,12.033,700,0.0,1.4439600000000001,8.333333333333332,0.0
5072692005,5072692010,273.74,700,1110.4846274487531,28.739432359676872,9.52489236997156,76.82904041298384
5489524076,5072692005,16.329,700,0.0,1.9594799999999999,8.333333333333334,0.0
4042528365,4042528362,738.217,900,2816.279698792086,104.97638170995654,7.032219895325116,651.9785856654793
4042528365,4351664991,28.437000000000005,900,617.9136786857844,3.4672894779204357,8.201507310273835,4.916338817999848
4365362201,4042528365,103.24800000000002,900,3434.193377477873,29.952608653165434,3.4470453373712613,189.19965595974193
4042528369,4348865342,94.249,900,2612.915043151047,13.674696734710116,6.892218659648246,78.42349379397717
4348865342,4352897782,47.526,900,2506.18839321009,5.301574035016404,8.964507462518714,31.32558309694116
4044709612,4355852525,512.196,900,744.8692444961938,30.93779395754284,16.55567299668835,77.10766765639032
4357818355,4044709612,45.727,900,744.8692444961938,2.7620139639836343,16.555672996688347,6.883892726463625
4357818356,4044709612,30.209,900,0.0,2.71881,11.11111111111111,0.0
4355852525,4355852534,176.372,900,2238.403439158477,16.36814839611354,10.775317753221119,92.71680456381223
4355852525,4355852528,73.787,900,0.0,6.64083,11.111111111111112,0.0
4053604158,4053604157,13.498,900,0.0,1.21482,11.11111111111111,0.0
4053604157,4053604160,172.115,900,1447.0658344365609,15.319414881539554,11.235089677439625,57.206979119755914
4054025652,4274224272,263.126,2000,33.4536441891199,18.945072011438363,13.888888880503268,1.8511185260319418
4274224272,4274224277,157.399,2000,5733.861604667338,13.259764513925232,11.870421969764367,201.7834979631756
4054952827,4353146639,39.828,900,354.5709014596619,4.103733164221608,9.705309386887132,3.527092408414842
4059107800,5413173062,625.593,700,466.0328186498809,57.10352571280788,10.95541811457159,67.85718645335557
7778156635,4059107800,123.48700000000001,900,2642.8642042334704,15.281546290035976,8.080792195781731,92.29015408300972
5413173062,5413173061,25.69,700,508.9018924618513,2.3588215230953944,10.8910317073451,3.0525470622464748
5413173062,5502382603,227.36000000000004,700,22.260495078592196,16.369920239218583,13.888888685926366,1.064329038899485
7189159864,5413173062,47.69,700,65.12956889056274,2.861403064082574,16.666648819463123,0.6271644608498845
4711675527,5463384500,17.195,700,1814.091108456415,6.5971291406439,2.6064367747577117,19.791981649347
4711675527,6839243004,941.8889999999999,700,566.660325741434,56.860117795685426,16.565020202463792,107.86212079938417
4711675545,4711675527,584.837,700,0.0,52.635329999999996,11.111111111111112,0.0
4064542267,8070471330,24.629,900,0.0,2.2166099999999997,11.111111111111112,0.0
8126845030,4064542267,196.311,900,1501.0162368004148,13.080832882757495,15.00753061823513,60.665288121601634
8070471330,8126845032,193.355,900,2935.9327078175043,30.3738058040696,6.365846981680956,192.1970311956005
6739492888,8070471330,213.81999999999996,900,2935.9327078175043,33.58861760505889,6.365846981680956,212.53946993997204
4064542294,6652403855,304.31,900,1489.3186953175975,20.21496209716964,15.05370124055822,93.23994896946913
4064542294,4064542314,26.084000000000003,900,0.0,2.34756,11.11111111111111,0.0
6986230279,4064542294,150.449,900,1489.3186953175975,9.9941534374719,15.053701240558228,46.09725964479531
6652403855,8126845030,36.479,900,1489.3186953175975,2.423257869746808,15.05370124055822,11.177089476051606
6652403853,6652403855,34.582,900,0.0,4.14984,8.333333333333334,0.0
8126845032,4064542314,343.461,900,2924.235166334687,53.42542974016645,6.4287924621367765,337.4615825976088
4065954097,4065954103,6.104,700,516.8445230551549,0.561170569050072,10.877263236260976,0.7371157918776657
4065954103,4065954107,6.159,700,985.0145487708544,0.711526241227476,8.656040554983493,1.6341404245883093
4065954107,7566229499,295.214,700,516.8445230551549,21.71237331212961,13.596579045326141,32.308091844839794
7566229499,7566229498,10.125,700,516.8445230551549,0.93084076206291,10.877263236260932,1.2226896121824005
7566229496,7566229499,48.159,700,0.0,4.334309999999999,11.111111111111112,0.0
4067049986,4067049989,14.292,700,535.2101161872499,1.05446281477272,13.5538207699439,1.6214025436659794
4067049986,4067049987,15.875000000000002,700,0.0,1.905,8.333333333333334,0.0
4067050007,4067049986,200.006,700,535.2101161872499,14.756429452241333,13.553820769943869,22.69033285393636
4067049987,4067050006,204.011,700,400.73575199343,14.802920091898086,13.781807828014895,17.234668240014102
4067050006,4067050005,14.005,700,0.0,1.0083600000000001,13.888888888888888,0.0
4067050006,4067050007,16.487,700,400.73575199343,2.2243914243348,7.411914926317613,1.991144140958744
4067050005,5020487231,19.27,700,0.0,2.3124,8.333333333333334,0.0
4067050005,3638061080,188.5,700,0.0,13.572000000000001,13.888888888888888,0.0
4080300408,4080300409,19.579,700,81.83221622750727,2.349511742645562,8.333220747368536,0.4432154967462036
4080300408,4080311057,53.24,700,942.6745958723764,4.013426917621039,13.265471402070041,10.718216711611689
4080192176,4080300409,160.92,700,1408.148831438317,14.297341862435694,11.255239019135104,51.99973101077756
4080192176,4080300410,159.345,700,564.445588882285,14.779624521649229,10.78139703526237,21.11623928223234
4363580977,4080192176,41.335,700,1972.5944203206027,5.657823250192248,7.305813238085066,24.840825732174036
4080300409,4080300410,187.91,700,31.32446729342671,22.549206540937952,8.333330916050217,1.6282820391632278
4080311057,1359113867,35.211,700,0.0,4.22532,8.333333333333334,0.0
4080300425,6027724291,27.273999999999997,700,1173.966946939963,2.572918215957396,10.600414669554977,7.588270725905388
4145350039,4080300425,22.237,700,658.3525546973118,2.8194708468522958,7.886940921849133,4.213599725107898
6027724294,4080300425,22.875,700,542.9839097109464,2.816889308267628,8.120659882822304,3.499989401426354
6027724294,6027724291,45.75,700,1.4730549331507872,5.490000000007788,8.333333333321512,0.01864257923819956
4080312164,4365233861,362.745,700,1064.9512668812924,60.397871584435826,6.005923561277898,136.83757517784147
4365233861,6047036756,91.143,700,818.8789704401573,12.418850693158554,7.339084932409242,22.660391018389653
6027804513,4145398823,127.26299999999999,700,0.0,15.27156,8.333333333333334,0.0
4145398823,4080312172,46.076,700,0.0,5.52912,8.333333333333334,0.0
4366590200,4080321135,182.372,700,61.46120230200323,21.88473408442355,8.333297507590153,3.1006767513066866
4145398829,4366590200,50.74499999999999,900,0.0,4.56705,11.11111111111111,0.0
4363592973,4363635904,1555.754,700,610.1384900604176,116.69122187119032,13.332228209224855,202.3558091443095
4363592973,4363592980,16.147,700,384.503737119113,1.95039996452502,8.278814752712666,1.7254954971755774
4080321137,6027804516,301.669,700,1189.7319882855231,58.051847642488056,5.19654433495083,142.21675365819337
4363592980,4080321137,17.986,700,1232.8858532042505,2.1964233905623978,8.18876728288468,6.211138208121888
6027804516,6027804517,73.228,700,655.409730863254,9.275881940992349,7.894451488907797,13.804052946364243
4080373532,4363580977,54.006,700,1804.3658083150804,6.34134385736817,8.516491332866147,26.546820186768908
4080373532,4080373531,28.319,700,0.0,3.39828,8.333333333333332,0.0
4363580966,4080373532,149.946,700,1804.3658083150804,17.606546421451835,8.516491332866146,73.70643076186451
4363580972,4363580977,13.625,700,168.22861200552148,1.6353945402529921,8.331322909939665,0.6341713851494678
4080373533,4363580966,95.527,700,1804.3658083150804,11.216708415042943,8.516491332866147,46.95659911827341
4080373534,4080373533,23.099,700,0.0,2.7718800000000003,8.333333333333332,0.0
4080373538,4080373533,162.016,700,1804.3658083150804,19.023796733610368,8.516491332866146,79.63947745397837
4363580966,4363580971,15.792000000000002,700,0.0,1.89504,8.333333333333332,0.0
4080373535,4080373536,25.432999999999996,700,0.0,3.0519600000000002,8.333333333333332,0.0
4080373536,4080373539,125.94199999999998,700,942.6745958723764,9.493970940252234,13.265471402070037,25.35450129777985
4363580971,4080373536,124.116,700,942.6745958723764,9.356320347623088,13.26547140207003,24.98689303866259
4080373539,4080373540,23.288,700,0.0,2.79456,8.333333333333332,0.0
4080373538,4080373537,26.321,700,0.0,3.15852,8.333333333333334,0.0
4080394043,4080373538,175.465,700,1804.3658083150804,20.60296818748113,8.516491332866147,86.25037595954907
4080394041,675164080,25.539,700,0.0,2.2985100000000003,11.11111111111111,0.0
4080394041,4363559471,80.131,700,1664.0819477241266,8.402372075392218,9.536711690580487,33.67491591709345
4363559448,4080394041,24.835,700,1664.0819477241266,2.604147090294216,9.536711690580484,10.436866341378709
4363559465,4363559471,18.045,700,0.0,2.1654,8.333333333333334,0.0
4080448601,4080448603,14.188,700,1375.8586074980124,1.239386206268094,11.447601988988868,4.441389970152628
4080448602,4080448601,15.077,700,224.9706422421491,1.207090875858462,12.49036033784739,0.7415057554239955
5759473462,4080448601,179.644,700,1824.1209364324536,21.456903200413187,8.372317212883761,90.34976050737174
4080448603,4080448604,14.981,700,457.2495354865308,1.214264053895898,12.337514193831485,1.505330170921964
4080448603,4363559465,146.89,700,1527.509214125227,14.002725366924954,10.490100759025136,53.49160586537498
4080448602,4365159891,163.57,700,1896.360840968509,20.841232989159394,7.8483840224367345,89.59840369411866
4080448604,4080448602,14.058000000000002,700,2121.3314832106585,2.2320058705753563,6.298370530887624,10.180429091385053
4365159891,4365174136,101.741,700,2566.869598967348,26.251089080431626,3.875686821536136,128.58272416402207
4365159890,4365159891,23.434,700,670.5087579988376,2.983325672698272,7.854992237171713,4.535851766060644
4363559453,4080450930,66.613,700,1527.509214125227,6.350081999230524,10.49010075902514,24.257855139970204
4363559448,4363559453,15.709999999999999,700,0.0,1.8851999999999998,8.333333333333336,0.0
4080450930,4080450929,22.882,700,0.0,2.74584,8.333333333333334,0.0
4080450930,4080486290,303.701,700,1527.509214125227,28.95119951433369,10.490100759025136,110.59605278044965
4080486290,4080486293,19.062,700,0.0,3.43116,5.555555555555555,0.0
4080450931,4080450932,28.165,700,0.0,3.3798,8.333333333333334,0.0
4080450932,4363559448,78.892,700,1664.0819477241266,8.272453080229164,9.536711690580482,33.154228282828605
4080486293,4080450932,288.389,700,1664.0819477241266,30.2398782050678,9.536711690580482,121.19498479258552
4080487075,4080487074,26.274,700,1664.0819477241266,2.2958647288903498,11.444054028696586,9.94928494741125
4080487075,4080487079,20.635,700,879.8170168263683,2.92322237775654,7.058990844150751,5.676930981334932
4080487070,4080487079,25.205000000000002,700,1527.509214125227,2.4027414587333578,10.490100759025152,9.178677417365215
4080487070,4080487074,21.855,700,0.0,2.6226,8.333333333333334,0.0
4080464752,4080464756,38.797,900,0.0,3.49173,11.11111111111111,0.0
4080464752,4080464756,42.365,900,940.3714383733804,4.141583283095826,10.22917978564281,9.637326299028224
4080487079,4080464752,4.729,700,2407.3262309515926,1.0210233374686202,4.631627727260779,4.92320100249017
4375989805,7247946031,227.119,700,831.8128629016393,67.61361282508102,3.359072093774451,102.55126385208733
4203559436,4105902206,1253.67,700,1552.3302504714882,206.81692507138467,6.061737933523984,684.4134720764314
6829179661,4112539411,14.737,900,0.0,1.32633,11.11111111111111,0.0
4112539411,7667351767,225.352,900,1530.0332396859003,15.134911157914194,14.889548914343065,71.1201865981571
4352786279,4112539411,310.438,900,1530.0332396859003,20.84938917799961,14.889548914343058,97.9729866482601
7928760134,6829179661,469.225,900,457.18913496094046,28.18028842607372,16.650823189085997,43.32210613268281
7667351767,7928760133,243.26299999999998,900,1530.0332396859003,16.33783544413931,14.889548914343058,76.7728263003102
7667351768,7667351767,52.652,900,0.0,4.7386800000000004,11.11111111111111,0.0
4328512149,6980956375,378.665,1200,2950.46917994961,31.92399997719661,11.861452207445225,249.8823523560128
4328512164,4328512149,154.382,1200,0.4645602383917717,9.262920000000014,16.666666666666643,0.014481533381596148
4328512164,4112702970,132.969,1200,2528.145019105923,9.437553498798845,14.089350594613688,70.38463856618927
4115494070,4115494083,277.048,700,682.7566817213021,21.25340274302497,13.035465584019141,40.65683155075544
4115494070,4115494081,237.516,700,938.1736086111138,26.365771293622824,9.008498077105324,58.41188008855237
5046648078,4115494083,203.308,700,391.0882601898391,18.426684509230014,11.033346769363856,18.436468507449717
4115494080,4115494081,204.154,700,1067.5525981455066,25.56390560642442,7.98602541971108,62.16067608287891
4115546355,6632176644,112.285,700,2139.727121638485,15.65266524460262,7.173538707008271,74.21422719518814
4115530609,4115546355,131.242,700,1765.9977975658912,12.697894942346071,10.335728921675235,55.72875798830573
4115494080,6324301824,35.43,700,1430.816824025322,3.984051112183416,8.892958198165026,13.404818097013644
6324301824,6324301822,17.318,700,1039.7285638354845,1.6670199855517982,10.388597707343978,4.316683475332815
6324301824,5046648078,35.215,700,391.0882601898391,3.19168795616766,11.033346769363863,3.193382643525304
5046648074,6324301822,30.171,700,0.0,2.7153899999999997,11.111111111111112,0.0
5046648074,5046648078,32.211,700,0.0,11.59596,2.7777777777777777,0.0
4119489652,4119489658,63.48499999999999,700,0.0,11.4273,5.555555555555555,0.0
4136224798,8388117061,251.417,900,1074.386306377456,25.951638906756738,9.68790452515665,67.54117597454596
4136224798,7567398769,16.906,900,121.19957149514998,1.521547150211898,11.111058896627414,0.47335336550567747
7086792211,4136224798,38.74,900,1944.7585398098304,4.572765678875388,8.471897035740435,20.600063861426868
8388117061,7567389991,2.704,900,2621.667975386169,0.658313480488698,4.10746563778808,3.3488425816832463
8388117064,7567398769,505.265,900,556.5158292938654,45.954764696308416,10.994833796648475,65.32080116219254
6131565503,4139638809,12.759000000000002,700,0.2909059767307615,1.53108,8.333333333333334,0.0010267512444126442
6131565503,6302693060,97.761,700,997.1835258004696,8.305152218883268,11.771126816643125,21.882082362655932
4284967347,4143720017,14.76,900,0.0,1.3284,11.11111111111111,0.0
4143749865,4341839229,192.972,900,1629.5748643487327,24.696385135595655,7.813775131076311,91.12793333731736
4143749868,4143749865,22.942,900,0.0,2.06478,11.111111111111112,0.0
4143749868,4143749867,16.195,900,2157.8561378754925,3.9534421789981975,4.096430216187913,16.54075166858415
4341839229,4341839228,24.061,900,1629.5748643487327,3.079305405693918,7.813775131076314,11.362421512080473
4341839229,4341839234,26.145,900,0.0,2.35305,11.11111111111111,0.0
4341839234,4143749868,193.23,900,2157.8561378754925,47.17033851483925,4.096430216187913,197.35532231679622
5581422303,4144468056,114.313,2000,2.351567194303401,6.858780000008184,16.66666666664678,0.054278628599167156
4145350038,4145350039,32.564,700,0.0,3.9076800000000005,8.333333333333332,0.0
4145350038,4145381529,267.832,1200,4557.627772073852,31.187784001022738,8.587721397301488,330.6164945011217
4145350044,4145350038,17.744,1200,4557.627772073852,2.0662058279598656,8.5877213973015,21.903503234967765
4145350039,4145350043,18.935,1200,3863.2112124830446,1.687836454032072,11.218503993539292,16.814580578305502
4145381530,4145350039,287.587,1200,4521.563767180357,32.9804298222821,8.71992880473928,348.49092376846363
4145381529,6027747367,443.094,1200,4557.627772073852,51.59622436508397,8.587721397301488,546.9629656444338
4145350043,4145350044,33.463,700,1541.0415702746102,8.128946860832238,4.116523403693904,24.32203960192315
6027734921,4145350044,213.75900000000001,1200,3016.586201799242,16.517586234221707,12.941297655048817,138.97848967191555
6027747368,6027747367,42.118,1200,0.5065885291308012,3.790620000000006,11.111111111111095,0.004929076330881215
4145381530,4145381531,39.552,1200,253.7913303449789,3.560195180454912,11.109503270252208,2.3191059669536838
4145381535,4145381530,265.682,1200,4775.355097525337,34.01504893572023,7.810719323146389,367.7692407018695
4145381531,6027724294,241.97599999999997,700,544.4569646440972,29.805864257646217,8.118402402571666,37.131410015972996
4145381534,4145381531,327.039,700,290.6656342991184,39.32907751469552,8.31545056905543,26.33608530307179
6027724296,4145381534,29.155,700,767.2197450667638,3.8638140625075206,7.545652955432105,6.651672567360619
4145381534,4145381535,31.928999999999995,1200,476.5541107676456,2.878780326837846,11.091155411316826,3.518433412645029
4145455870,4145455868,39.981,700,0.0,2.8786319999999996,13.888888888888891,0.0
4170785936,4353114696,20.654,700,0.6872225571738134,2.478480000000162,8.333333333332789,0.003926427070918074
4170785936,7073438450,16.592,900,742.8808384138698,1.543423438478898,10.750128309799441,2.8984594745174888
4353114696,392151757,103.034,700,520.9738377958943,12.638489775965063,8.15239809711619,15.0833225433161
7073438450,4353114696,6.899,700,520.2866152387205,0.634617977507538,10.871107098314203,0.8389251297517593
4170785949,7073438450,5.943,700,482.8877651255348,0.543632078948838,10.932025960446135,0.6687090536831335
4352893209,5581400123,107.525,900,2410.182541545867,13.431284172302773,8.005563624491835,73.78324201002764
5712464586,4365362201,47.557,900,3119.5090013294634,8.738357763832752,5.442326954938145,56.727546983543554
4344532848,4170831287,51.336999999999996,700,3.754608769802774,3.080220000184422,16.666666665668785,0.038919838297830495
5711838590,6302880062,150.786,900,645.8064240743743,6.811074796995744,22.138356205764953,19.462837877047008
5711838599,5711838590,803.47,900,1503.5049155859936,40.179916676875635,19.99680602778386,241.00700835728537
8737538757,4194419105,185.54,900,2060.6750606321675,15.504177633104094,11.96709715217917,85.16430285155403
6986230245,6986230241,240.539,900,2389.2678977606106,24.67534404436683,9.748151821814739,143.14670871665163
6986230246,6986230245,21.757,900,0.0,1.95813,11.111111111111112,0.0
4199787081,4201358377,26.974,700,0.2191282187284212,1.61844,16.666666666666664,0.0011934920007170152
4199807646,4199807652,26.005,700,25.262722282761075,3.120606127069302,8.333316971476446,0.18173290425335156
4199807646,6177044143,1262.911,700,874.0160091384308,114.91094542245504,10.99034557027682,256.4728117584648
6177044144,4199807652,1264.354,700,996.559484041874,120.47119431287733,10.495073176715835,300.30612726039857
6177044144,6177044143,24.251,700,0.0,2.91012,8.333333333333334,0.0
4347782940,4200839797,20.594,1200,0.0,1.8534599999999999,11.111111111111112,0.0
4200839797,6042788248,986.882,1200,2786.12962881068,71.82813727535502,13.739490364573458,580.2135831183435
4200864646,4200839797,316.923,1200,2786.12962881068,23.066576123087142,13.73949034780218,186.32727061111993
4347782940,4200864642,346.751,1200,3374.584686589817,33.7689248060899,10.268345882823809,282.4312246903108
7152089559,4347782940,31.717,1200,3073.4140064720614,2.6340587315046724,12.041113442403036,21.652365574570066
6042788248,6016402370,396.191,1200,2786.12962881068,28.83593131094587,13.739490350693453,232.9309884914116
6042788249,6042788248,24.863,1200,0.0,2.23767,11.11111111111111,0.0
4200864638,4200864642,42.882,1200,0.0,3.8593800000000003,11.11111111111111,0.0
4200864642,4200864650,13.799,1200,3374.584686589817,1.3438386101812319,10.26834613580499,11.239386225895121
4200864642,4200864646,38.317,1200,0.0,3.44853,11.11111111111111,0.0
4200864650,4200864655,41.798,1200,0.0,3.76182,11.11111111111111,0.0
4200864647,4200864650,35.332,1200,0.0,3.1798800000000003,11.11111111111111,0.0
4200864647,4200864646,70.735,1200,2981.344001219914,5.61824794806084,12.590223972655828,45.95042558807544
4201060160,4200864647,1603.564,1200,2981.344001219914,148.59343810958666,10.791620547990702,1121.834621695219
4201360290,4201360293,212.59900000000002,700,466.1954622741768,12.791798631755377,16.61994580435525,20.020428620325475
4201360293,5314050400,650.694,700,0.7879159380470239,58.5624600000068,11.11111111110982,0.11844020198939964
5314050400,6986230235,303.627,700,1653.889243100435,88.92671237978678,3.4143508949625248,269.6605844207099
4375845286,5314050400,8.6,700,1653.1013271623874,2.515457875562562,3.4188606708735594,7.627593555880942
4201360306,4201360294,186.1,700,1138.6762900628044,25.23228598876576,7.375471254679731,64.09973647107091
4201360306,4201360324,51.480999999999995,700,0.0,6.17772,8.333333333333334,0.0
4201360355,7728715359,43.431,700,0.0,3.9087899999999998,11.11111111111111,0.0
4201360356,4201360355,13.105,700,0.0,1.5726,8.333333333333334,0.0
7728715359,7728715333,65.438,700,0.0,5.889419999999999,11.111111111111112,0.0
7728715359,7728715360,14.138,700,0.0,1.6965599999999998,8.333333333333334,0.0
7728715360,4201360356,43.29,700,0.0,3.8961000000000006,11.111111111111109,0.0
4721263431,4203543300,1666.9419999999998,700,1856.5990107555824,458.0456087774971,3.6392489482630177,1591.890494613865
6302622132,4346555755,37.0,700,0.0,2.664,13.888888888888888,0.0
6302622131,6302622132,11.501,700,0.0,1.38012,8.333333333333332,0.0
4353201379,5497546678,423.341,700,21.28400003851653,30.480553884559903,13.888888030162923,1.8948316085985146
4343596326,4214544483,885.759,900,2160.876528515292,94.0576607875003,9.41719146089706,487.2907028669113
4343596321,4343596333,39.753,900,2698.108491032476,6.1656926448106555,6.447450803999781,35.95750006669248
4343596321,4343596326,22.53,900,0.0,4.0554,5.555555555555556,0.0
4226124418,5182741188,312.501,700,983.0773287901824,24.026335931410518,13.006602458740113,66.08677844024862
5182741187,5182741188,14.457000000000003,700,669.7847310194303,0.877809137186406,16.469411615306534,1.9585010579902986
4226733456,4226733443,765.712,700,570.4020133620493,56.88957731017842,13.459618373065366,92.8008418283131
4358105315,5726327133,614.528,900,1288.5992218821634,48.08051876796777,12.781226487294294,171.50248055760687
4266807058,4876429042,115.685,900,1755.6506717754569,17.05417488780741,6.783382999238914,65.47273858027003
4876429042,4266807061,15.946,900,856.1551646233156,1.216124762740818,13.11214152408344,2.927970339697114
4876429042,4266858689,276.796,700,1136.1848540285728,24.94612990654109,11.095749161773655,72.70532227324762
4266808690,4266807086,6.749,900,2674.351887419477,2.6887560344948156,2.510082697505895,11.69771020668829
4266808699,4266808694,87.926,700,1490.222282877235,13.114311438896976,6.704583798369464,42.620228928350755
4266808699,4266808696,13.974999999999998,700,0.0,1.677,8.333333333333332,0.0
4266808696,4346167525,626.859,700,1477.9691328181812,91.68157947258695,6.8373494829180235,296.8514909020099
4266858689,4266858693,5.353,700,1115.8447724694622,0.47119605525303604,11.36045164284195,1.364232628741966
4267524453,6292309915,38.107,700,1545.7529572236067,6.219116840788086,6.127397342026956,20.542801361660192
4267524454,4267524458,39.077,900,0.0,4.68924,8.333333333333334,0.0
4267524454,4357611428,32.724,700,1741.7186515810238,7.407260034872106,4.41782789397713,25.530710341612217
4357611428,4267524458,21.43,900,1333.24296314278,2.080471926782574,10.300547546027813,6.883519786742906
4365473912,4267524469,189.036,700,1304.902147913462,21.25006122272678,8.895786135327809,65.21306519265653
4365473915,4365473913,21.535,700,1596.5974305617904,3.8217005403340742,5.634926068309245,12.797684183819632
4365473915,4365473912,30.169,700,0.0,5.43042,5.555555555555556,0.0
4272328591,1746768949,92.272,700,0.0,6.643584000000001,13.88888888888889,0.0
6291513263,4272328591,213.06999999999996,700,384.44057733172224,15.441999176675573,13.798083885526454,17.26151075620379
6300395395,6291513263,277.965,700,1252.865660005382,34.869919864491195,7.9714837625152635,99.45766649917267
4274224276,4274224277,93.24,2000,9.875889571828456,5.594400002077957,16.66666666047608,0.1859320856866991
4274224276,4331417014,952.7949999999998,700,811.1760853060217,96.93759720619424,9.828952103829504,191.52378609827093
4274471105,4419444993,498.483,1200,2501.557207200957,28.484877199327315,17.49991746539009,250.36973964194212
4274471114,4274471105,147.335,1200,0.0,13.26015,11.111111111111112,0.0
5049246840,4274471105,357.035,1200,2501.557207200957,27.202794962213556,13.124938099042572,191.48160898668317
4419444993,5049084135,148.032,1200,0.0,17.76384,8.333333333333334,0.0
4274471106,1382545969,132.375,1200,0.0,11.91375,11.11111111111111,0.0
5589066955,4274471106,639.312,1200,3801.275197634135,70.16127456309856,9.112035150174528,632.1985660241656
4343112300,6405362608,749.142,700,0.0,59.93136,12.500000000000002,0.0
4356245575,4356245535,71.891,700,803.2509896675887,6.47262614842488,11.106929143048799,13.343011818445747
4356245571,4356245575,16.551,700,0.0,1.9861199999999999,8.333333333333332,0.0
4355852530,4355852528,115.39200000000001,900,1444.1521135170944,10.243801830944022,11.264567775162242,38.22494296216201
4355852530,4355852534,21.556,900,0.0,1.9400400000000002,11.11111111111111,0.0
4284724868,4284612890,250.618,900,2096.458580429885,47.06324179608374,5.325132533068612,204.3125167872271
4354610818,4284724868,542.617,900,2096.458580429885,101.89736999603208,5.325132533068612,442.3602651107853
4341295254,4284792022,10.338,700,0.0,1.2405599999999999,8.333333333333334,0.0
4284792022,4341295256,334.649,700,1217.1498951860829,40.02680537473621,8.360622259682533,112.41485459927856
4341295254,4341620363,102.61200000000001,700,828.952112114343,7.032593299704318,14.590919114335001,17.63545855878403
4341295255,4341295254,334.271,700,828.952112114343,22.909523202797555,14.590919114334998,57.44963910559483
4341295256,4341295257,32.722,700,1217.1498951860829,3.913823515002636,8.36062225968254,10.991931463107893
4341295255,4341295256,11.536,700,0.0,1.38432,8.333333333333334,0.0
4285378990,4285378989,9.659,700,0.0,0.5795399999999999,16.666666666666668,0.0
4285378989,4354635952,1491.353,900,0.0,89.48118,16.666666666666668,0.0
4285378990,1754173015,27.297999999999995,900,0.0,1.63788,16.666666666666664,0.0
4354635952,4354635953,55.638,900,0.0,5.00742,11.11111111111111,0.0
4354635952,4354635923,173.089,900,0.0,10.38534,16.666666666666668,0.0
5017032163,5022418621,930.7,700,1454.5248126954743,157.3755267737456,5.913880125326229,485.31049815095133
5022407309,5017032163,935.4039999999999,700,1300.6582008568323,125.41998952188959,7.458173163351633,364.95676572777114
4286719019,4286719014,53.278,900,0.0,3.1966799999999997,16.666666666666668,0.0
4288572155,6292546899,461.368,700,0.0,27.68208,16.666666666666668,0.0
4288572155,4288572164,39.415,700,0.0,2.83788,13.888888888888888,0.0
6292546900,6292546899,16.038,700,0.0,1.92456,8.333333333333334,0.0
4288572164,4288572169,47.235,700,0.0,3.40092,13.888888888888888,0.0
6292546900,4288572164,463.764,700,0.0,27.82584,16.666666666666668,0.0
4288572910,4288572680,304.227,700,793.1703098071473,27.240362109406398,11.168243607706927,55.59622236812047
4288572680,6482792190,473.93899999999996,700,793.1703098071473,38.19267514057912,12.409159564118807,82.40509754449573
6482792190,4288572680,472.22900000000004,700,859.972837446852,39.60319874796564,11.924011567986227,90.60823708085098
4288572928,4288572910,330.453,700,1403.7755701393992,57.365143337062825,5.76051903258296,169.7325482891208
5883334482,4288572910,624.917,700,770.2624096196322,49.765840847004284,12.557147420078559,104.99625212583416
4288572928,5762617136,67.416,700,1630.235247066484,16.87027513594984,3.996141109538834,52.95136105125401
5120671417,5883334482,8.327,700,770.2624096196322,0.66312831421293,12.557147420078653,1.3990718630663237
4289513810,4289513809,103.135,2000,986.8962163109873,9.625956144710532,10.71426032380926,23.978846167199578
4374783189,4289513810,786.736,700,986.8962163109873,91.04256209439218,8.64140883012847,209.3849584406379
4295434763,4344933417,1.104,700,1459.3653456878951,0.156761252707704,7.042556632655336,0.5046852971186757
4318917298,4336153986,961.852,700,1093.284216157661,123.82791021268962,7.767651075980376,306.0651966521508
4336153986,4336153988,15.336,700,3.605303822101056,1.840320000093672,8.333333332909168,0.015295015635806123
4334141375,4323994177,106.46699999999998,900,1639.396405030773,11.475449663407638,9.277806371239365,44.86917559011191
4334079530,4334079531,27.174000000000003,900,30.218784488700795,2.445660224853822,11.11111008955637,0.18970249161222333
6980956375,6432886100,565.468,1200,0.0,40.713696,13.888888888888888,0.0
4328512159,4328512164,264.861,1200,2528.609579344315,18.801702414966876,14.087075422976618,140.23170820237738
6980956376,4328512159,592.864,1200,2528.609579344315,54.71137028913929,10.836211867237568,350.9857574101637
6980956363,4328512159,50.38900000000001,1200,0.0,4.53501,11.111111111111112,0.0
4328613975,4328613974,13.963,900,115.4337183825248,1.256694600743142,11.110893602744076,0.37235597452519714
4328613975,4346611953,138.983,900,1260.2337098287517,12.789657954797004,10.866826969979426,40.94490364559445
4328613985,4328613978,32.569,900,0.0,3.90828,8.333333333333334,0.0
4341381875,4337702896,210.638,900,1800.575640117385,27.284639546279568,7.720021356438327,110.8891993472215
4332823089,4332869483,23.179,900,2254.080658971744,2.172646740584226,10.668554425818508,12.338023893145674
4332823089,4331340383,46.628,700,0.0134328602898664,5.59536,8.333333333333332,0.0001732651592485427
4331333358,4331333373,91.409,700,871.8305001103643,7.727023725092945,11.82978120063951,17.846491719520763
4331333358,4331333365,63.391,700,0.0,7.606920000000001,8.333333333333332,0.0
4331376804,4331340383,380.307,700,0.0,45.63684,8.333333333333334,0.0
4331376811,4331376813,14.528,900,1561.3862146913118,0.9845113138538462,14.756559722133096,4.689340985260203
4331443696,4331443695,8.851,700,0.0,1.59318,5.555555555555556,0.0
4331443695,4331494989,544.763,700,1119.7874725095908,48.1695027516745,11.30929257892459,139.6443756558128
4331494992,4331443695,69.463,700,1119.7874725095908,6.142117158543372,11.309292578924598,17.806123518263384
4331443696,4331494991,69.755,700,1308.4176111618665,7.880910841073388,8.851134266924316,24.211280432768152
4331494992,4331494991,9.011,700,0.0,1.08132,8.333333333333332,0.0
4331494991,4331443697,36.216,700,1308.4176111618665,4.091678976708678,8.851134266924316,12.570220516853722
4331443698,4331443697,9.061,700,0.0,1.08732,8.333333333333332,0.0
4331443697,4331468671,159.694,700,1308.4176111618665,18.04220738089562,8.851134266924314,55.42823048427315
4331443698,4331494992,36.527,700,1119.7874725095908,3.2298218252899202,11.3092925789246,9.363319663009174
4331730540,5052471338,1017.357,2000,8954.132513749471,187.64567159139605,5.421691805475399,3493.5424088946716
4331730541,4331730540,23.682,2000,8627.37595658267,3.9117226831410425,6.054110150002704,71.92392242994751
4331730552,6238534425,805.9539999999998,2000,8900.260238032391,145.9732497603309,5.521244483652119,2712.479861785089
4331730541,4331730552,30.164,2000,0.0,1.80984,16.666666666666668,0.0
6238534432,4331730541,806.264,2000,8627.37595658267,133.17630172282867,6.054110150002707,2448.6812513326213
6238534425,6238534432,41.411,2000,0.0,2.4846600000000003,16.666666666666664,0.0
6238534425,6238534424,32.41,2000,8900.260238032391,5.870053408423212,5.521244483652122,109.07753087701612
4331776135,6238534417,433.687,2000,8627.37595658267,71.63513534681992,6.054110150002705,1317.138339113109
4331776155,4331776135,240.50399999999996,2000,4648.244120223585,23.15229925989385,10.387909956598525,268.0157594348893
6238534417,6238534432,29.631,2000,8627.37595658267,4.894360899592608,6.0541101500027095,89.99145956936798
6238534417,6238534424,35.807,2000,0.0,2.1484199999999998,16.666666666666668,0.0
6238534424,4331776138,457.71599999999995,2000,8900.260238032391,82.90087522029746,5.521244483652119,1540.466865871779
7792325746,4331776155,856.04,2000,4648.244120223585,47.190548115574195,18.14007326008326,796.5844243562772
7792325782,7792325781,6.800000000000001,900,176.64709331253542,0.408043800834276,16.664877608964755,0.24254796662517944
7792325782,7792325746,2417.342,2000,2050.1865007401448,109.7068318976271,22.034562097789337,990.3676359125619
4332538364,4332613116,48.294,700,1299.5915844278063,5.877717962513795,8.216454125224054,17.537372213941477
4332538365,4332538364,8.109,700,0.0,0.97308,8.333333333333334,0.0
4332538377,4332538364,243.674,700,1299.5915844278063,29.65683186092676,8.216454176315558,88.48721617297713
4332613117,4332613116,8.215,700,0.0,0.9858,8.333333333333334,0.0
4332538365,4332538378,243.953,700,1559.2403097214055,44.40408136638291,5.493931920066474,144.3911910875039
4332613117,4332538365,48.226,700,1559.2403097214055,8.77804839060549,5.493931891696199,28.544062213733735
4332538377,4332538378,9.097,700,0.0,1.09164,8.333333333333334,0.0
4332538378,4332539589,159.609,700,1551.395945519302,28.680293191453952,5.565110472704641,93.0615703328763
4332625722,4332625720,106.834,700,779.4235181669735,7.1227763001814015,14.99892675237873,17.145570587847992
4332625722,4332625721,13.688000000000002,700,0.0,1.64256,8.333333333333334,0.0
4332625721,4332625724,96.618,700,316.119464760382,5.814521681846412,16.61667206464329,6.169718004424818
4332629092,4332629094,15.637000000000002,900,1366.4394380402823,1.009455657931734,15.49052687667186,4.368458791446401
4332629092,4332629093,14.691,900,0.0691163068897784,1.32219,11.111111111111112,0.00023457100834493703
4332629093,4332629094,14.074999999999998,900,0.0,1.26675,11.11111111111111,0.0
6432886100,6980956376,26.187000000000005,1200,2528.609579344315,2.013849513775068,13.003454240685084,14.245666715824607
4332836777,4332836776,146.675,700,0.0,10.5606,13.88888888888889,0.0
4332871679,5714609434,30.692,900,1647.195174474596,3.336216172220568,9.19964367284137,13.068676070445553
4332871672,4332871679,37.214,900,0.0,3.34926,11.11111111111111,0.0
4332871671,4337308552,29.927999999999997,900,1867.1985601348576,4.20218738014473,7.1220051112925935,17.35603524110296
4332871672,4332871671,39.134,900,1867.1985601348576,5.494800886614006,7.122005111292589,22.694837046422233
4337308551,4337308552,70.757,900,0.0,6.36813,11.111111111111112,0.0
5714609434,4332871682,520.757,900,1647.195174474596,56.606214166462514,9.199643672841361,221.7387118603226
5714609434,4334052753,40.949,900,0.0,3.68541,11.11111111111111,0.0
4332871682,4334065524,14.535,700,0.0,1.04652,13.888888888888891,0.0
4332871682,4332871684,17.351,900,1651.3474343023668,1.8946038182726883,9.158115186223428,7.428852668781127
4332871684,4332871683,23.861,700,8.596901336586228,1.717992002827242,13.88888886603241,0.04313776234571978
4332871684,4334065526,26.722999999999995,900,1642.7505329657806,2.89079678254239,9.244164156187322,11.31200129000559
4334065525,4332871684,14.995000000000001,700,0.0,1.07964,13.88888888888889,0.0
4336162775,4332871683,204.523,900,1864.6433239877645,28.627215138240533,7.144355432841109,118.16459619112334
4334065526,5802742280,86.616,900,1642.7505329657806,9.369803319862735,9.244164156187315,36.66505645829904
4334065525,4334065526,31.189999999999998,900,0.0,2.8071,11.11111111111111,0.0
4333981475,4333981476,9.539,700,0.0,1.1446800000000001,8.333333333333332,0.0
4333981476,4333981478,27.159,700,1520.0677292778682,2.57675623027398,10.539995860265078,9.815564850043735
4332964417,4332964415,10.803,700,0.0,1.29636,8.333333333333334,0.0
4332964415,4332964419,85.545,700,1520.0677292778682,9.01803010742451,9.485996274238554,32.95096139934402
4333981478,4332964415,757.9,700,1520.0677292778682,71.90704911538177,10.539995860265057,273.9134946002486
4332964417,4333981477,762.721,700,1358.796731572727,66.05693967945592,11.546417434733364,234.80096204148884
4332964418,4332964417,84.077,700,1358.796731572727,8.090725083751824,10.391775660360453,27.383408207562375
4332964419,4332964425,44.667,700,1520.0677292778682,4.708730502172314,9.485996274238554,17.2052205602256
4332964418,4332964419,8.663,700,0.0,1.03956,8.333333333333334,0.0
4333981478,4333981477,9.834,700,0.0,1.18008,8.333333333333332,0.0
4333981477,4333981475,27.709,700,1358.796731572727,2.39979198367167,11.546417434733392,8.53011764092978
6131453005,4332972971,141.984,700,296.73626382719664,12.80840960085778,11.085217011680461,9.74504872021974
6131453004,6131453006,18.005,700,140.9686225762082,1.6206427966905719,11.10978929889242,0.5863880191306521
6131453005,6131453004,14.228,700,0.0,1.70736,8.333333333333334,0.0
4333033211,4333033226,19.762,900,1128.530658315628,1.397766852253902,14.138266312535409,4.664695458059975
4333033211,4333033216,20.968,900,0.3948025012543614,1.8871200000000001,11.11111111111111,0.0019124027304382092
4333065505,4333033211,387.327,900,1128.9254608168822,27.401469113830682,14.135264003217246,91.46380952474355
4333033216,4333033236,106.18900000000001,900,1561.2583685632871,10.545087150458135,10.069997382182525,40.48138265949498
4333033216,4333033233,59.18900000000001,900,829.8978832515087,5.60560824522048,10.558889849369411,11.667135419476054
4333033236,4333065500,282.548,900,1650.9865447598363,30.840053468627374,9.161722118524446,120.91534684922202
4333033233,4333033236,54.949,900,89.72817619654907,4.945445343853752,11.111031702795211,1.1390235682808867
4333065500,4333065499,12.19,900,1650.9865447598363,1.330535879859588,9.161722118524466,5.216664347622399
4333065500,4333065505,14.289999999999997,900,0.0,1.7148,8.333333333333332,0.0
4333190689,6016375929,171.417,1200,4341.312448916297,35.45979335882155,4.834122925235704,311.61209714183593
4333190689,7152093851,32.985,1200,0.0,2.9686500000000002,11.11111111111111,0.0
6016375928,4333190689,16.113,1200,4341.312448916297,3.3331796169031738,4.834122925235706,29.291177195064652
6016375932,6016375929,65.172,1200,0.0,5.86548,11.11111111111111,0.0
6016375928,6016375927,21.062,1200,0.0,1.8955800000000003,11.11111111111111,0.0
4333193985,4333193986,25.765000000000004,1200,0.0,2.3188500000000003,11.11111111111111,0.0
4333193986,3736801825,64.637,1200,0.0,5.81733,11.11111111111111,0.0
4333193986,6016375923,159.779,1200,4341.312448916297,28.330564017116377,5.639810061792871,258.0119796420746
6016375926,6016375923,63.905,1200,0.0,5.75145,11.11111111111111,0.0
5794928721,5446209339,35.04,700,0.0,3.1536,11.11111111111111,0.0
4334041326,4334041330,16.256,700,434.3926547889308,1.478734959783858,10.993180280512263,1.640535786036564
4334041326,4334041329,8.618,900,428.5699037160568,0.778504907642748,11.069936638029207,0.8549039506882543
4334041329,4334041330,9.687,900,411.4284038618151,0.874584261235584,11.076119739811602,0.9222423539664434
4334041329,4334041327,7.938,900,428.5699037160568,0.717077275106538,11.069936638029187,0.7874480808265679
4334041328,4334041329,8.189,900,411.4284038618151,0.739338341618478,11.076119739811604,0.7796265754755044
4334041328,4334041327,14.203999999999999,900,1206.1808711664623,1.051127687400594,13.513106133780997,3.635290683345751
4334049666,4334041328,561.586,900,1617.6092750282774,59.131713910120865,9.497204847699841,230.02346344571504
4334049199,6617232571,53.04,700,0.1441334616494859,6.364800000000012,8.333333333333318,0.002114775590732232
5802742280,1258298584,18.33,900,0.0,1.0997999999999999,16.666666666666668,0.0
4334141375,4334141376,15.150999999999998,700,31.55333977002685,1.8181205429727,8.333330844624586,0.13224604130972556
4334141388,4334194813,91.326,900,1984.0014207146687,14.840292595053318,6.153921791976089,62.978698073436746
4334141388,4334141989,23.894,900,95.37536512300272,2.150479618800912,11.111009744571806,0.5264651151546497
4335883540,5842925729,10.95,700,0.0,0.7884,13.888888888888888,0.0
4334559242,4334559239,120.854,700,1237.0516176635736,14.840788998484765,8.14336758054704,42.04314903107478
4334559242,4334559240,14.680000000000001,700,846.8973154361846,2.0346262733520057,7.21508426007642,3.823533490529592
4334559240,4334601928,121.741,700,1985.4532514080424,49.80296950766843,2.444452634119636,158.96010075506294
4335620661,4335724063,78.651,900,905.8389096515948,5.069372490488316,15.514938021929375,14.561303828882739
4335620661,4335620660,23.453,900,0.0,2.11077,11.11111111111111,0.0
4335620660,4335637471,280.082,900,1798.661100555957,20.63550425747197,13.572820731947187,106.73414135609322
4335637472,4335620661,281.215,900,905.8389096515948,18.12543495839433,15.51493802192937,52.063636269586695
4335637472,4335637471,22.093,900,0.0,1.9883700000000002,11.11111111111111,0.0
4335637471,4335637473,125.599,900,1798.661100555957,9.253713909620112,13.572820731947196,47.863487907769695
6287549937,6287549938,23.652,900,0.0,2.12868,11.11111111111111,0.0
6287549938,4336045809,1200.644,900,2391.5678511170063,123.36347160460299,9.73257305734902,715.9142075831862
6287549937,4335662822,57.745,900,1778.3441240367456,7.28524298483157,7.926297052854584,29.44902891364223
4335883543,4335883542,13.104,1200,35.38020500203001,1.179360064465752,11.111110503759585,0.10710424732008031
6146712640,4335883542,11.348,1200,0.0,1.02132,11.111111111111112,0.0
4336045809,4336045815,106.409,900,2391.5678511170063,10.933285511753855,9.732573057349024,63.449044774903406
4336045810,4336045809,25.486,900,0.0,2.29374,11.11111111111111,0.0
4336045810,6287549937,1201.752,900,1778.3441240367456,151.61581656433134,7.926297052854578,612.8743509399493
4336140561,4336162775,795.481,900,1864.6433239877645,111.34398441927172,7.144355432841111,459.59472109596953
5938227329,4336140561,28.701999999999998,900,0.0,2.58318,11.111111111111112,0.0
5938227329,5938227330,31.754,900,1642.7505329657806,3.435032033561016,9.244164156187326,13.44165284447246
4336162774,4336162775,23.616,900,0.0,2.1254399999999998,11.111111111111112,0.0
4336162774,5938227329,794.379,900,1642.7505329657806,85.9330261317683,9.24416415618731,336.26524988786286
4343030309,4336193225,583.694,700,0.0,46.695520020000004,12.499999994646165,0.0
4336217881,4336217882,10.461,700,0.0,0.8368800000000001,12.5,0.0
4337410478,4337410479,146.201,900,2575.8603221430308,51.35023751228158,2.8471338611634014,226.8950836497861
4337410473,4337410478,62.176,900,0.0,5.59584,11.111111111111112,0.0
4337410473,4337410472,66.084,900,1789.9769220358444,8.452840440427927,7.817963732514805,34.26540410300028
4337410485,4337410473,127.17199999999998,900,1789.9769220358444,16.266639799196483,7.817963732514805,65.94031793757566
4337410479,4337412292,56.219,900,2575.8603221430308,19.745822550481584,2.847133861163402,87.24847783330696
4337410479,4337410485,52.906,900,0.0,4.76154,11.11111111111111,0.0
4337412292,5728765645,118.167,900,2575.8603221430308,13.887812421367169,8.508683471141469,82.97420465732347
4337702896,4337702901,21.649,900,277.87921919257406,1.9496908576501921,11.103811619700481,1.3902274921254851
4337702896,4337745395,271.751,900,1522.6964209248115,25.969394341464316,10.464279467854427,98.78823094052031
4337702901,4346623030,52.95,900,1933.544301276316,8.072870932223598,6.559004899811449,33.870329196772936
4341331577,4337702901,257.869,900,1491.0348713830767,23.90350374314313,10.787916397987109,90.23999557737496
4346623030,4346623033,46.046,900,1946.743541704845,7.137722824901622,6.451077063311805,30.038054781139174
4346623029,4346623030,13.492000000000003,900,13.199240428528284,1.2142800040635962,11.111111073927704,0.0411403256169027
4337713692,4337713696,31.721000000000004,700,0.0,5.70978,5.555555555555555,0.0
4341204489,4938677950,56.226,900,0.0,5.06034,11.11111111111111,0.0
4938677950,4341204495,14.815,900,0.0,1.33335,11.11111111111111,0.0
4341295258,4341295255,33.019,700,828.952112114343,2.2629828690887703,14.590919114334998,5.674825616423907
4341295257,4341295260,69.108,700,1217.1498951860829,8.2658919220953,8.360622259682534,23.214669016333335
4341295258,4341295257,11.931,700,0.0,1.43172,8.333333333333332,0.0
4341295260,4341295261,55.31399999999999,700,1217.1498951860829,6.616014727365564,8.360622259682533,18.581006568985693
4341295259,4341295260,12.261,700,0.0,1.10349,11.111111111111109,0.0
4341295259,4341295258,69.311,700,828.952112114343,4.750283341088821,14.590919114335001,11.912166882702607
4346623029,4346623034,66.138,700,890.150042040068,7.078373742528449,9.343671640652165,15.06470126286933
6405362639,6405362635,81.632,900,1447.0658344365609,7.568869462791865,10.785230264744069,27.728101090904005
5413173076,5413173078,29.317,700,1.1650231381986564,2.638530000001464,11.111111111104947,0.007890354750841638
5413173076,5413173077,923.982,700,671.6999770748563,56.110542402165386,16.467172842092186,125.53300802958381
4341425377,4341425376,13.661,700,0.0,1.22949,11.11111111111111,0.0
4341425377,5115330755,797.228,700,1.1650231381986564,95.66736000005311,8.333333333328707,0.2569289551391764
5413173078,4341425377,24.499,700,1.1650231381986564,2.204910000001224,11.111111111104943,0.006593641949751661
5115330755,7567414048,602.762,900,2632.332537737613,73.98309017151935,8.147294180367181,446.0489822711478
4346542999,4346543001,58.897,900,1965.542783811336,9.3491004965319,6.299750443569215,39.512624132244724
4341753125,4355905825,245.90300000000002,900,107.25265103466528,14.754395250147413,16.666423518615115,5.325355200453824
4341753125,4341753126,30.752,900,0.0,2.7676800000000004,11.111111111111109,0.0
4355905825,4355905824,105.37500000000001,900,107.25265103466528,6.322518220159806,16.66661863685963,2.282031555681588
4355905825,4355905829,54.621,900,0.0,4.91589,11.11111111111111,0.0
4341753127,4357846721,150.804,900,2345.6560901931425,39.24898810278948,3.8422391834678193,175.2289914199193
4341753128,4341753127,21.954,900,107.25265103466528,1.9763212161774062,11.108518099331723,0.5440229596571162
4355905829,4341753127,223.71300000000002,900,2238.403439158477,50.5756328006003,4.423335658142169,224.10326725665385
4357846721,4357846722,25.965999999999998,900,0.0,2.33694,11.111111111111112,0.0
4357846721,4341753130,296.422,900,2345.6560901931425,77.1482424299426,3.8422391834678193,344.43203160841443
4341753130,4341832546,540.137,900,2345.6560901931425,140.57870273252965,3.8422391834678193,627.6203664264937
4341753130,5712425423,50.118,900,0.0,4.510619999999999,11.111111111111112,0.0
4341832546,4341767877,104.722,900,2238.403439158477,23.674893359547568,4.423335658142168,104.9046874953682
4341767876,4341767877,26.091999999999995,900,0.0,2.34828,11.11111111111111,0.0
4341767877,5058947218,191.008,900,2238.403439158477,43.18189139646361,4.423335658142168,191.34121339465716
5058947218,5058947219,28.649,900,914.3705672227884,5.757897697219506,4.975600732509476,10.731226220118396
5058947203,4341767886,21.512,900,0.0,1.9360799999999998,11.111111111111112,0.0
6131131883,4341834795,301.865,900,1417.0403008518515,31.396352727350067,9.614651823459692,107.46901265646773
6131131882,5728765649,482.959,900,1096.1375973411807,40.30781437824963,11.981770965498143,117.8535074643435
6131131883,6131131882,28.077999999999996,900,129.5018378442361,2.527098362565072,11.110766567669367,0.8400238262859263
4341839203,4341839202,24.683,900,1629.5748643487327,3.15890841314754,7.8137751310763175,11.656151040384119
4341839203,4341839208,27.087,900,0.0,4.87566,5.555555555555555,0.0
4341839228,4341839203,55.595,900,1629.5748643487327,7.114998712836265,7.813775131076316,26.25384746951971
4341839208,4341839223,54.668,900,2157.8561378754925,13.345277989593912,4.096430216187914,55.835122705659664
4341839223,4341839234,23.328,900,2157.8561378754925,5.694714365648034,4.0964302161879145,23.82603611761227
4341839223,4341839228,26.235,900,0.0,4.7223,5.555555555555555,0.0
4343299466,4466943299,10.0,700,0.0,0.8999999999999999,11.111111111111112,0.0
4343299466,4343299467,61.062000000000005,700,0.0,5.4955799999999995,11.111111111111112,0.0
4343299467,4343299466,40.795,700,1199.7759328222432,3.051842515258494,13.367334584282974,10.424399304183183
4346465517,4343605717,107.07899999999998,700,0.0,12.84948,8.333333333333332,0.0
4344532849,4344532846,408.71500000000003,700,0.0,24.5229,16.666666666666664,0.0
4344532849,4344532848,9.242,700,0.0,1.10904,8.333333333333334,0.0
4346241073,4346241076,15.229000000000001,700,1129.2585504203553,1.3614226898844781,11.186092396691462,3.9590066065807004
4346241074,4346241073,18.537,700,386.4766923211956,1.11969580638969,16.555389324686395,1.4479219804551673
4346241074,4346241080,19.72,700,1483.949292270445,2.911855768820862,6.772313454242787,9.445310060231044
4346241085,4346241074,15.975000000000001,700,473.87855663358994,0.973062450427302,16.41724022233607,1.5318750648689619
4346241085,4346241390,20.844,700,0.0,2.5012800000000004,8.333333333333332,0.0
5481378451,5481378450,43.706,900,0.0,3.9335400000000003,11.11111111111111,0.0
4346543002,4346543001,11.171,900,503.88477754143366,1.012535880546606,11.032695447759798,1.3052249112356316
4346555755,4346555754,11.061,700,0.0,1.32732,8.333333333333332,0.0
4346555754,6302622131,36.885,700,0.0,2.65572,13.888888888888888,0.0
4346558757,4346558760,26.601,900,0.0,2.39409,11.11111111111111,0.0
4346571269,4346571268,14.937,900,0.0,1.3443299999999998,11.111111111111112,0.0
4346571271,4346571269,45.065,900,2537.913474154136,3.4768904459843943,12.961294208176,24.63583488548369
4346571271,4346571270,19.839,900,0.0,1.78551,11.11111111111111,0.0
4346623033,4346623034,12.849,900,270.3589192833245,1.157091194107686,11.10456986055344,0.8027613425673752
4347713092,5589381665,102.49700000000001,1200,2614.188372593601,6.967717689058681,14.710268781548045,55.43573682345662
7575681837,4347713092,137.527,1200,2614.188372593601,9.349047461099053,14.710268674134277,74.38179256298878
5589381665,5589339742,2098.067,1200,2614.188372593601,142.62601462681425,14.710268708619973,1134.744335904018
4347843015,4347843020,419.091,1200,3073.4140064720614,34.80500385931882,12.041113447191616,286.1024541848404
6016402366,4347843015,119.495,1200,3073.4140064720614,9.923916164806585,12.041113408814144,81.57610832034445
6042788250,4347843015,23.613,1200,0.0,2.12517,11.111111111111112,0.0
4347843020,4347843021,60.61099999999999,1200,0.0,5.45499,11.11111111111111,0.0
4347843020,7152089559,626.734,1200,3073.4140064720614,52.0495054297008,12.041113452009274,427.854894256012
7152089559,7152089557,40.306,1200,0.0,3.6275399999999998,11.11111111111111,0.0
4347900329,4347900330,30.660000000000004,1200,0.0,2.7594000000000003,11.11111111111111,0.0
4352897782,4361742956,122.493,900,2954.808504257075,19.551019859050978,6.2652997584314205,124.06484489417251
5589645927,4351472329,10.939,700,0.0,0.787608,13.88888888888889,0.0
4361829639,4351744822,1052.936,700,1069.4198504412054,102.1406751248917,10.308684554047941,271.16221582312085
4361829639,4361829640,21.991,700,566.4975457135105,3.9490441515730925,5.5686893222604095,4.679688262825187
8742738137,4351788307,18.876,900,0.0,1.69884,11.111111111111112,0.0
8742738145,4351788307,130.313,900,2474.921593558682,14.207531174170992,9.172107272015452,83.53521514519738
7117555925,4351793597,14.760999999999997,700,1454.5248126954743,2.49599242581633,5.91388012532623,7.697075602456422
5721315407,7117555925,7598.488,700,1454.5248126954743,1070.7138459259918,7.096656150391476,3441.970268009223
4352758565,4352758563,168.485,700,1521.8873353048757,26.44776692147378,6.370481126071998,86.76487859239762
4352758564,4352758565,17.768,700,0.0,2.13216,8.333333333333334,0.0
4352758564,4352768308,188.19,700,1397.905658140561,24.2821240746732,7.750145721242171,76.69525393189654
4352786282,4352786279,15.858,900,0.0,1.90296,8.333333333333334,0.0
8430473486,4352786279,259.389,900,1530.0332396859003,17.42087698507315,14.889548914343065,81.86212716776143
4352786282,6829179664,31.306999999999995,900,513.5800491051413,1.881266141464404,16.641451897725744,3.2472507278468252
6829179664,6829179665,61.02199999999999,900,513.5800491051413,3.66686755308528,16.641451897725748,6.329374705806017
6829179664,6829179667,38.814,900,0.0,3.4932600000000003,11.11111111111111,0.0
4361742956,4361742955,12.126,900,27.548041031967177,1.0913400692977562,11.11111040557936,0.07717039997523122
4361742955,4361742970,202.8,700,1033.361295331918,32.69649661493125,6.202499380541857,72.39773150051576
4361742956,4361742969,202.93800000000002,900,2955.927987808542,32.42144056913978,6.259376401465816,205.77100386339762
5735144313,5711838599,87.934,700,6.248097060272569,6.33124800290706,13.888888882511658,0.11553980402626199
5735144313,5735144312,23.187,700,0.0044904882707887,1.669464,13.88888888888889,2.189601885484101e-05
5711838616,5711838608,9.824,900,0.0,0.44208000000000003,22.22222222222222,0.0
5711838616,4352933916,7.772,700,1580.2082842554016,1.6108115647272059,4.824897070636691,5.150090561323744
4353165250,4353165249,10.806,700,0.0,1.2967199999999999,8.333333333333334,0.0
6129287592,4353165249,866.512,700,0.0,51.990719999999996,16.666666666666668,0.0
4353165250,6129287596,850.04,700,1116.344496988503,74.86719297691539,11.353971829317842,216.79541111915944
6129287596,6129287592,26.740999999999996,700,0.0,3.20892,8.333333333333334,0.0
4354035770,4354035769,15.159999999999998,700,0.0,1.8192,8.333333333333334,0.0
4354035769,4365493160,374.289,700,1389.9999048407356,47.71490684738298,7.844278124594696,150.33633256724806
5712158357,5712158355,24.916,900,0.0,2.2424399999999998,11.111111111111112,0.0
4354354748,4354354756,32.238,700,1392.3618519787804,4.949485813074066,6.513403860021849,14.930041363884758
4354354748,4354354751,22.326,700,0.0,2.6791199999999997,8.333333333333334,0.0
7566579308,4354354748,138.92,700,1392.3618519787804,21.328325862406146,6.513403860021847,64.33653906169344
4354624126,4354624120,91.67,900,0.0,5.5002,16.666666666666664,0.0
4368442314,4354624126,22.08,900,0.0,1.3248,16.666666666666664,0.0
4354635102,4354640088,759.71,700,531.1129822731364,56.01042018720456,13.563726132759024,85.50695178725434
4354635098,4354635102,16.885,700,0.0,2.0262000000000002,8.333333333333334,0.0
4354635098,4354635094,58.716,700,36.45155739082167,4.2275542486788,13.888881501248623,0.45009029882360047
4354680887,4354680888,65.879,900,0.0,5.9291100000000005,11.11111111111111,0.0
4354767117,4356245526,243.526,700,274.81971701060485,19.515561177986083,12.478554819868664,14.636546178913328
4356245527,4356245526,9.548,700,515.1995705930218,1.170080345521056,8.160123393704318,1.3813160629440309
4356245526,4356245534,188.391,700,1125.3237603056225,22.353003906021634,8.427994769385322,58.179113186581986
4355852534,4357819529,244.278,900,2238.403439158477,22.670143525649326,10.775317753221119,128.41423573605178
4357819529,4357819530,19.172,900,0.0,1.72548,11.111111111111112,0.0
4357819529,4357846716,364.693,900,2238.403439158477,40.61426400805458,8.979431461017597,214.45379393094825
4355905818,4355905819,25.155,900,0.0,2.2639500000000004,11.11111111111111,0.0
4355905824,4355905819,148.253,900,107.25265103466528,8.895205634100613,16.66661863685962,3.2106099570530247
4355905820,4355905829,150.668,900,2238.403439158477,13.982696700982212,10.77531775322112,79.20449680232959
4355905820,4355905824,98.755,900,0.0,8.88795,11.11111111111111,0.0
4357846716,4355905820,14.976999999999999,900,2238.403439158477,1.38993580913406,10.775317753221122,7.873242816049115
4355975717,4355975718,14.354999999999999,900,0.0,1.29195,11.111111111111112,0.0
4365225103,4365225105,25.737,900,0.0,3.08844,8.333333333333334,0.0
4356234875,1273751326,50.143,900,0.0,6.01716,8.333333333333334,0.0
4356234875,6815891567,331.1,900,1318.1062222437768,21.17200028789455,15.638579042968939,89.05694657239192
5451609619,6815891567,67.873,900,0.0,6.10857,11.11111111111111,0.0
4356245535,4356245527,191.075,700,803.2509896675887,17.20322486302366,11.10692916714084,35.463632169705626
4356245534,4356245571,70.086,700,1125.3237603056225,8.31585708318036,8.427994769385327,21.644034623707
4356245535,4356245534,11.758,700,0.0,1.41096,8.333333333333332,0.0
4356286904,4358027277,14.629999999999999,700,1388.3417899054016,2.029474249671354,7.208763551628769,6.250817182879199
4356286904,4356286908,25.746,700,0.0,4.63428,5.5555555555555545,0.0
4358027277,4356286913,17.122,700,1388.3417899054016,2.375164542533058,7.208763727055214,7.315549544387292
4358027276,4358027277,10.443,700,0.0,1.2531599999999998,8.333333333333334,0.0
4356286913,4358027279,51.407000000000004,700,1388.3417899054016,7.131181369059936,7.208763504885684,21.964166814556943
4358027278,4358027279,10.364,700,0.0,1.24368,8.333333333333334,0.0
4356631544,4356631543,14.859000000000002,700,0.0,1.78308,8.333333333333334,0.0
4356631543,5711796781,178.078,700,1451.176401391856,33.28134162549108,5.350685738690451,100.12041335917817
4356638069,4356638072,22.498,700,0.0,4.04964,5.555555555555555,0.0
4356638069,4356638068,25.079,700,1645.7949226748813,2.59410260936109,9.6676977655008,10.33400280927532
4356638075,4356638069,178.043,700,1645.7949226748813,18.41627699981967,9.66769776550078,73.36404410749256
4356638074,4356638075,23.744,700,1092.6028453838987,1.854560242660158,12.80303516371186,5.614810013459983
4356640168,4356638074,77.419,700,2309.505475972789,15.011845172096677,5.157194143189196,71.26448096847251
5809906370,4356638922,16.237,700,0.0,1.9484400000000002,8.333333333333332,0.0
4356638922,6302571554,110.33999999999999,700,1168.4506477361217,13.784424370442556,8.004686814242174,36.70930846120923
4356638924,4356638922,51.851,700,1168.4506477361217,6.477580129399338,8.004686775647516,17.250447341662156
5809906370,5809906373,52.059999999999995,700,1262.0208971336117,7.347783927371976,7.0851294097076005,20.48642828542822
5809906373,4356638924,16.267,700,0.0,1.95204,8.333333333333334,0.0
5809906373,5809906371,69.843,700,1262.0208971336117,9.857688730385389,7.085129375683733,27.484318401157356
4356640303,5757754005,34.913,700,0.0,4.18956,8.333333333333332,0.0
5757754005,4356654916,459.121,700,1665.917967543233,109.76604701033784,4.182723278326308,356.60742863081464
4356668497,4356661498,307.983,700,1832.6559740409573,26.884952282039137,11.455590352888679,128.37512440636968
4356668506,4356668494,42.762,700,1679.9504824324756,4.5383015211392825,9.422467811099768,18.28269551210759
4356668494,4356668497,23.034,700,299.97733657816605,2.8719742959117003,8.020266766589538,1.9646193759140278
4356668502,4356668506,21.895,700,14.432666000897818,2.6274005495491437,8.333331590326848,0.08741531597417095
4356668502,4356668497,43.086,700,1532.6786374627914,3.424541664558186,12.581537683104434,14.393065801583136
4356685704,4356680115,228.598,700,1258.07652047521,28.88150625680131,7.915030399294615,82.56020323490519
4356685704,4356685703,14.473999999999998,700,0.0,1.7368800000000002,8.333333333333332,0.0
4356685703,4356685706,212.03700000000003,700,1360.3689118232137,31.01900325079089,6.835712878510811,92.43832934477584
4357620781,4357620780,16.843,700,0.0,2.02116,8.333333333333334,0.0
4357620780,4357630799,121.34899999999999,700,9.310170585673363,8.737128019777584,13.888888857449649,0.23758601352473216
4357620781,6292424471,122.54599999999999,700,0.0,8.823312,13.888888888888891,0.0
4357630800,4357620781,119.54199999999999,700,0.0,8.607024000000001,13.888888888888888,0.0
4357630800,4357630799,19.357,700,1.6293157366373274,2.322840000078906,8.333333333050254,0.008724474118652866
4357749543,4357749544,33.995,2000,2367.711679291527,3.29420615721912,10.31963343444712,19.371091509628847
4363575411,4357749543,399.885,2000,6499.724249574721,33.47662502295795,11.945200560861876,579.4358890155172
4357807521,4357807520,16.538,900,0.0,1.4884199999999999,11.111111111111112,0.0
4357807520,5729018829,140.197,900,2316.447032211785,13.686676728104256,10.243319308632397,78.49788606050643
4357807521,5729018830,112.62300000000002,700,625.2472260081255,10.602783980397144,10.622021556623427,16.669430500073734
5729018830,5729018829,17.15,900,625.2472260081255,1.569508180187268,10.926989879054803,2.4992442110790463
4357818352,4357818353,14.341000000000001,900,0.0,1.29069,11.11111111111111,0.0
4357846716,4357846717,28.311,900,0.0,2.54799,11.11111111111111,0.0
4357932981,7085445108,143.89,700,726.3730179714057,14.036240606258922,10.2513204237777,25.25154095312716
7085445108,7085445111,51.318,700,1064.454001272995,6.405082654925148,8.012074592127135,15.543146259420412
7085445107,7085445108,49.774,900,338.08098330158924,4.486112444257788,11.0951298297729,3.8903923804938145
7085445107,7085445112,134.251,900,3216.437349866336,13.995866683748377,9.592189110795736,108.64846380615445
4361742969,4361742970,10.299,900,954.4237619049142,1.0117105712218861,10.179788857559783,2.3846691406842266
5396195310,4362108510,16.765,700,777.460978679764,1.6749365962370701,10.009334107132426,3.1942168082349824
6302942769,6302942768,49.319,700,1431.2747104022733,8.040621909045576,6.133729524642476,24.598210961121513
6302942769,4366943118,349.973,1200,2191.4595758149662,24.335685014692398,14.381062205099536,159.63553507758195
4363111044,8477444248,73.866,900,2032.5409909086616,15.325966481183562,4.819663418335731,63.009858027135465
4363111045,4363111044,18.304,900,0.0,1.6473600000000002,11.111111111111109,0.0
6986230261,4363111044,113.79100000000001,900,2032.5409909086616,23.609739959661535,4.81966341833573,97.06705053428885
8477444248,6829185267,20.596,900,0.0,1.8536400000000002,11.11111111111111,0.0
8477444248,6829185281,775.734,900,2032.5409909086616,160.95190320735455,4.819663418335731,661.7237864081161
6047098112,4514450756,16.539,700,0.0,1.9846800000000002,8.333333333333334,0.0
4365174136,4363567282,27.837,700,2566.869598967348,7.1824688840484665,3.875686821536136,35.18107048833687
5759473462,1758916493,37.727,700,0.0,4.52724,8.333333333333332,0.0
5835252253,4363575411,74.911,2000,11868.829819120549,7.550153266995378,9.92178534010227,219.05572261946892
4363580972,4363580971,200.677,700,942.6745958723764,15.127769976473287,13.26547140207003,40.40006714943837
4363635903,4363635904,15.726,700,0.0,1.8871200000000001,8.333333333333334,0.0
4363635904,4363635905,19.455,700,610.1384900604176,1.459245948590844,13.3322282092249,2.530497923773639
4363635903,4363592980,1561.655,700,848.3821160851378,129.98837631820146,12.013804958815623,294.5883992048064
4365093213,5718525562,1186.111,700,0.0,85.399992,13.888888888888891,0.0
4365093214,4365093213,15.904999999999998,700,0.0,1.9085999999999999,8.333333333333334,0.0
4365093214,4365093218,89.303,700,0.0,6.429816,13.88888888888889,0.0
4365101462,4365101465,227.68200000000002,700,0.0,16.393103999999997,13.888888888888891,0.0
4365101461,4365101462,12.531,700,0.0,1.50372,8.333333333333334,0.0
4365101464,4365101461,232.76299999999998,700,0.0,16.758936,13.888888888888891,0.0
4365101465,5718485035,97.092,700,0.0,6.990624,13.888888888888888,0.0
4365101464,4365101465,14.006999999999998,700,945.9468053186008,2.086318049611728,6.713741465548246,4.305295830894162
4365174136,4365174137,27.752,700,0.0,3.33024,8.333333333333334,0.0
6047036755,6047036756,23.072,1200,279.4353314095923,2.0769216663482757,11.108748285420935,1.4895578673391436
4366590210,4366590211,63.852,1200,0.0,5.7466800000000005,11.111111111111109,0.0
4366930358,4366889528,442.1890000000001,700,246.7015152173964,31.84462637836123,13.885827855103122,22.9422880774828
4366930359,4366930360,8.287,700,2370.599494663448,1.431743910828552,5.788046268137648,7.16151051176327
4366930358,4366930359,11.149,700,1642.5848184322056,4.272166357935036,2.6096830193169027,11.611369656571611
4368021749,4368021767,43.184,700,1117.341762105554,4.569317752549872,9.450863857279678,12.256130682895614
4368021749,4368021754,17.672,700,0.0,2.12064,8.333333333333334,0.0
4368005787,8374579149,416.427,700,1140.6625040486151,45.27509134750533,9.19770645637682,122.80545726196307
4368021754,4368005787,394.001,700,1140.6625040486151,42.83687480881029,9.19770645637682,116.19196874042917
4368421379,7085445110,56.891,900,161.79603658135326,4.09646148800124,13.887839582194744,1.9357476423261732
7085445112,4368421379,309.683,900,3377.2064031264576,35.237155430769604,8.788535743426674,278.78776547387093
7085445110,7085445144,39.341,700,1065.4809845942254,4.91550680682006,8.003447364860936,11.936382620048478
7085445111,7085445110,400.928,700,903.684948012872,43.33374035668429,9.252097711850444,93.30860209640566
4368661282,4368661284,34.058,700,289.2388413913869,3.071683417625496,11.087731178471465,2.278232208234458
4368661283,4368661282,13.764999999999999,700,0.0,1.6518,8.333333333333334,0.0
4368661281,6030429365,308.051,700,1082.642441027607,39.20029668332977,7.858384401743599,96.24504327757964
4368661283,4368661281,35.547,700,1082.642441027607,4.52344886464359,7.858384401743603,11.106026448179426
4368661284,4368661286,76.513,700,289.2388413913869,6.900690390885546,11.087731178471449,5.118162574098402
4368661285,4368661284,13.777,700,0.0,1.6532399999999998,8.333333333333334,0.0
4368661285,4368661283,34.458,700,1082.642441027607,4.384870762030236,7.858384401743605,10.765787811949439
4368661287,4368661286,15.410999999999998,700,0.0,1.8493199999999999,8.333333333333334,0.0
4368661286,4368661289,75.746,700,289.2388413913869,6.831514832094109,11.087731178471449,5.066855858973737
4368661287,4368661285,77.098,700,1082.642441027607,9.810922456643082,7.858384401743599,24.087895662130087
4375775116,4375806208,68.909,700,315.02629612179925,6.220212626004162,11.078238662118991,5.022738143969253
4372813291,4374684928,194.53,900,1689.9901793275146,26.60272244476089,7.312409487560192,100.08886150483438
4372813285,4372813291,30.299,900,0.0,3.63588,8.333333333333334,0.0
4372813285,4372813284,28.21,900,1709.3642218349864,3.285868655066088,8.585248821953481,13.063148856725475
4374684927,4372813285,196.233,900,1709.3642218349864,22.85699623500831,8.58524882195347,90.86922685578915
4374684927,4374684928,25.144,900,575.1732001396471,2.2902666034283703,10.978634523317579,3.362242858089232
4374675302,4375737629,444.13200000000006,900,1723.0246179304368,52.543490487959616,8.452655045857169,209.57542596040602
4375737628,4375737629,13.907000000000002,900,0.0,1.25163,11.11111111111111,0.0
4375737629,4375748038,48.078,900,1723.0246179304368,5.687916960903786,8.452655045857176,22.68687536436103
4374677113,6013990706,1340.099,900,2550.151029765429,142.58382406297378,9.39867484132092,871.158612992432
6013990706,4374900353,82.073,900,2767.600205742318,36.778177346870145,2.231567900332192,156.78187187447938
6013990707,6013990706,22.43,900,0.0,2.0187,11.11111111111111,0.0
4375806209,4374684927,655.646,900,1360.5879783173027,54.20233986222429,12.096267461267756,197.74027078250936
4375805787,4374900292,1363.195,900,1350.6104012927435,83.84919360388574,16.257699584326435,373.12934014803795
4375805787,4375805788,7.830000000000001,900,0.0,0.7047,11.11111111111111,0.0
4375805788,4374928369,383.856,900,1550.5668435783173,37.709728721725526,10.179229949719868,144.39920003123584
4374900353,4374900354,34.486,900,0.0,3.1037399999999997,11.11111111111111,0.0
4374928369,4374928368,9.031,900,0.0,0.81279,11.111111111111112,0.0
4374928368,4375805787,383.522,900,1350.6104012927435,31.453568447017943,12.193274688244825,114.41390733948201
4375805785,4374928368,85.087,900,1350.6104012927435,6.978191025420744,12.19327468824483,25.383514202039304
4374928369,4375805786,84.475,900,1550.5668435783173,8.298761342190204,10.17922994971987,31.777860506644803
4375805786,4375805784,71.753,900,1550.5668435783173,7.048961498504574,10.179229949719868,26.99209026260177
4375805785,4375805786,9.362,900,0.0,0.84258,11.11111111111111,0.0
4439657971,4374934042,376.743,700,1395.0206915270703,52.79679612037759,7.135717082927145,162.99489531598186
4439657972,4439657970,9.295,700,2069.4229646643075,1.272441681721734,7.304853443202981,5.860733076310026
4439657972,4439657971,18.157,700,5.34165070858885,2.178840000534438,8.333333331289287,0.02682968267357919
4375725230,4375725229,29.792000000000005,900,302.78903904888256,2.683764843289782,11.100823559295423,2.084937533344762
4375748037,4375748038,13.603,900,0.0,1.22427,11.11111111111111,0.0
4375920177,4375757668,76.902,900,2099.162578797869,14.492129171307793,5.30646664068205,62.944273191953314
4375920176,4375920177,10.275,900,0.0,0.9247500000000001,11.11111111111111,0.0
4375757669,4375757668,10.219,900,0.0,0.91971,11.11111111111111,0.0
4375806209,4375806208,9.539,900,71.60598805109022,0.858512488507542,11.111078904143628,0.15779574976545352
4375806208,4375814131,511.866,700,384.896835588517,46.37255428764334,11.038123904604374,45.67195543995299
4375805783,4375805785,71.393,900,1350.6104012927435,5.855112906529357,12.193274688244827,21.298262124956732
4375805784,4375805783,9.614,900,0.0,0.86526,11.111111111111112,0.0
4375805784,4375805782,71.464,900,1550.5668435783173,7.020570352865118,10.17922994971987,26.88337405441686
4375814132,4375814131,11.317,700,0.0,1.0185300000000002,11.111111111111109,0.0
4375855312,4375855311,27.328999999999997,900,0.0,2.45961,11.11111111111111,0.0
5711943178,4375855311,136.275,900,0.0,6.132375,22.222222222222225,0.0
4375855312,5711943178,165.321,900,1099.9370386651656,7.676605875104113,21.535689429641046,36.31070535155085
4375855313,4375855312,74.358,900,1099.9370386651656,3.4527801045299222,21.53568942964106,16.331811618188926
4378038411,4379600154,1250.169,2000,3841.59299176977,86.15860925836071,14.510087973346499,997.1977293953089
4378038411,4378038415,26.409,2000,609.920339006402,1.585075124462592,16.66103996739825,3.2525276903947935
4379572815,4378038411,375.282,2000,4451.513330776175,33.070729531780714,11.34785973316243,381.7649565234556
4379600154,4379600163,27.147,2000,3841.59299176977,1.870905266037402,14.51008797334653,21.653813812288117
4379600154,4379600158,25.237,2000,0.0,1.51422,16.666666666666668,0.0
4378038415,6013907478,186.062,2000,4965.004716897341,20.789541629600436,8.949788471289928,243.227420425598
4379600158,4378038415,1248.63,2000,4355.084377890942,105.51614556226073,11.83354446228549,1217.579958735445
4379572810,4379572815,33.355,2000,991.419068051322,2.006018461316982,16.627464125181543,6.679362457838044
4624415033,4382765230,567.327,700,615.9042650750824,42.61843940168203,13.311773212831655,74.52968865192749
4382868368,4938677835,31.588,700,0.0,3.7905599999999997,8.333333333333334,0.0
4411897406,4411897407,9.487,700,0.0,1.1384400000000001,8.333333333333332,0.0
4412069358,4411897407,256.106,700,601.0277541335047,18.582830819273212,13.781861466143212,32.449274533943566
5049084135,5049084164,4.049,700,0.0,0.291528,13.88888888888889,0.0
5049084178,5049084135,29.32,700,0.0,2.11104,13.88888888888889,0.0
4436905515,4436905511,12.785,900,0.0,1.15065,11.111111111111112,0.0
4436905511,5142602425,545.695,900,2524.865418604042,215.33826253520579,2.53412929767084,888.218083891001
4436905515,6277607302,306.708,900,2371.501245234794,37.29483283567971,8.223873836661216,203.11063476188068
5142602424,4436905515,543.002,900,2371.501245234794,66.02752070190462,8.223873836661213,359.59114498797186
5142602425,7567412332,1.228,900,3656.043988721621,0.43245502945659003,2.8396016148617065,2.709280090552184
5142602424,5142602425,10.415,900,1131.1785701175788,0.776619153066582,13.410691661253798,2.506357542386602
4927553718,4927554323,26.326,900,0.0,4.7386800000000004,5.555555555555555,0.0
4455867818,4455867819,87.614,900,0.0,10.513679999999999,8.333333333333334,0.0
4919930484,4455867818,143.268,900,1659.1494525021044,18.933563384060857,7.566879889107911,70.53820932935814
4465650739,5056593438,564.426,1200,3306.853844812588,52.946882213862274,10.660231091987226,440.9530285654969
4465650739,5056593313,84.706,1200,0.0,7.62354,11.11111111111111,0.0
5056593435,5056593438,91.064,1200,0.0,8.19576,11.11111111111111,0.0
4488982989,4488982991,357.102,700,806.5536944362991,28.98951823870824,12.31831440107134,63.336504844491905
4624253363,4488982989,9.786,700,806.5536944362991,0.993033592236942,9.85465152085713,1.952754210653523
4624415087,4488982989,12.725,700,0.0,0.7635000000000001,16.666666666666664,0.0
4488982991,4624415033,10.433,700,837.7226908671349,0.862635460057116,12.094332407004483,1.9374909738018695
4624415033,4624415034,41.196,700,221.8184257920524,2.96827547627052,13.878765744398015,1.922112673371968
4624415087,4624253363,11.047,700,564.5171229143801,0.6668260204397221,16.56654008899552,1.2602660366404737
4497392691,4497392690,13.406,900,0.0,1.20654,11.111111111111112,0.0
4497392690,5724092516,909.0649999999999,900,1727.392070007071,129.7047844900687,7.008723722675055,493.7047606493305
4497392691,4497392692,554.121,900,1524.5137851745742,63.65738655301479,8.70474001534009,226.66827463530518
4545791229,5413173060,317.577,700,0.0,22.865544,13.88888888888889,0.0
5413173060,7189159864,934.0730000000001,700,65.00802570396169,56.04443956745623,16.666648952314542,12.2609383710396
5413173060,5413173059,26.252,700,56.04456111946591,1.89014961827376,13.888847605606736,0.3094021319432749
4580618459,4580618460,12.583999999999998,700,0.0,1.5100799999999999,8.333333333333334,0.0
4580618460,4580618461,52.73800000000001,700,369.11627390851385,4.77296563097625,11.049314844786156,4.5102764656293335
8504991390,8504991389,19.92,1200,0.0,1.7928,11.111111111111112,0.0
4919930484,4919930492,48.182,900,196.82611150836613,4.337097553720248,11.109272826632813,2.191026426875529
6292470216,6292470215,10.886,1200,0.0,0.9797399999999999,11.11111111111111,0.0
6294711418,4895906767,13.441000000000003,700,0.0,1.61292,8.333333333333334,0.0
6294711418,6294711419,22.783,700,794.1294691532119,1.836930400429338,12.402756247419623,3.967002217548833
4919931373,4919931339,7.039,700,0.0,0.63351,11.11111111111111,0.0
4931574870,4919931373,4.215,700,296.8851485659914,0.30419032660592404,13.856456406848519,0.26334907251271283
5022418621,5022407311,15.508000000000001,700,0.0,1.116576,13.888888888888888,0.0
5022418621,5721315407,2664.148,700,1454.5248126954743,450.4907004439893,5.913880125326229,1389.2113388071998
5022407309,5022418621,5.353,700,0.0,0.385416,13.88888888888889,0.0
5022407311,5022407309,21.249,700,1300.6582008568323,2.84908911801813,7.458173163351636,8.29049941517185
5721315407,5022407311,2654.456,700,1300.6582008568323,355.91235841018084,7.4581731633516375,1035.6612506752974
5043677858,5043677859,36.18,700,391.9997922174227,2.901469425730872,12.469543769494093,3.102638341899034
5043677858,6277873575,142.861,700,0.0,11.42887998,12.50000002187441,0.0
5045616018,5045616016,11.272,700,773.1877049644988,0.8288456502409021,13.599637033413664,1.8453032540313796
5045616016,5045616015,19.55,700,760.3623724139903,1.549354169271024,12.618160771593198,3.2360632248530914
5048425054,5049246840,121.896,1200,0.0,7.31376,16.666666666666668,0.0
5048425054,5049246840,140.601,1200,2501.557207200957,289.24248140262426,0.48610079445516857,382.27894091483216
8504991398,5048425054,166.136,1200,2501.557207200957,12.658040651035087,13.124938099042568,89.10047639758453
5049084133,5049084132,98.14,700,0.0,8.832600000000001,11.111111111111109,0.0
5049084132,5049084211,20.837,700,0.0,1.500264,13.888888888888888,0.0
5049084206,5049084132,20.2,700,1145.1680849071884,13.511834389587978,1.4949857597104523,19.091180682493416
5049084133,5049084170,35.786,700,1145.1680849071884,23.937351755732443,1.4949857597104526,33.82163326255988
5049084164,5049084133,30.335,700,0.0,2.1841199999999996,13.888888888888891,0.0
5049084211,5049084197,19.501,700,0.0,1.404072,13.88888888888889,0.0
5049084206,5049084211,19.463,700,0.0,1.4013360000000001,13.888888888888888,0.0
5049084170,5049084178,36.182,700,1145.1680849071884,3.954924826373982,9.148593611366557,10.750275943705006
5049084164,5049084170,24.798,700,0.0,1.785456,13.88888888888889,0.0
5056593428,5056593435,39.977,1200,0.0,3.59793,11.11111111111111,0.0
5056593429,5056593435,56.835,1200,0.0,5.11515,11.11111111111111,0.0
5056829456,5056829457,33.747,1200,0.0,3.03723,11.11111111111111,0.0
5056829456,5589381664,2042.882,1200,1907.7246245828424,114.65179916236428,17.818141668295763,781.2460992287818
5120674550,5120671417,342.644,700,770.2624096196322,27.286770517014155,12.557147420078559,57.569782568572016
5142601889,6996995331,31.271,900,12.310355300199266,1.876260004750848,16.666666624465268,0.0777299177814183
5142601889,5142601895,36.335,900,3486.15510846718,11.031537880452317,3.2937384065357698,69.6510531696463
5142601895,5142602424,5.715,900,3502.679815352376,1.760386013605998,3.24644706094507,11.111050564114722
5142601891,5142602428,15.617999999999999,900,3539.1907463214675,4.966917422035506,3.14440500474428,31.316532018859547
7567412332,5142601891,33.887,900,1652.8920729464944,2.836484180082858,11.946832010538522,12.48606851755026
7567412332,6996995324,35.012,700,2003.151915775128,14.74952984844003,2.3737705784366416,46.862526784736815
5314050396,6986230235,16.559,900,0.0,1.49031,11.111111111111112,0.0
7847837434,5413129592,119.579,700,932.370351688022,10.569955539853728,11.313103404184686,25.518153049513906
7711686649,5413129574,19.528,700,0.0,2.34336,8.333333333333332,0.0
5413129592,4361767534,27.598,700,0.0,2.48382,11.11111111111111,0.0
5413173043,5413181253,8.814,700,0.0,0.79326,11.111111111111112,0.0
5413173043,6237367747,35.338,700,1195.530301023951,2.8536687432294663,12.383357418005135,9.269401050537487
5502382607,5413173043,42.366,700,0.0,3.8129399999999998,11.111111111111112,0.0
6237367747,5502382603,43.937,700,128.7560573463094,5.2728765725641615,8.332643367495658,1.5650186840015412
6237367747,5413173061,224.511,700,1066.7742436776427,17.410652122776224,12.895036809465612,51.69113230469598
5413181255,6237367747,12.986,700,0.0,1.55832,8.333333333333334,0.0
5413173059,5413173069,8.981,700,1005.3969766017492,0.571626897676914,15.711297065443727,1.8409041406118696
7189159864,1245532994,569.638,700,0.0,51.26742,11.11111111111111,0.0
5502382603,5502382612,34.191,700,0.0,2.461752,13.88888888888889,0.0
5502382603,5502382612,38.795,700,151.01655242490165,4.6561295067639294,8.332027694599722,1.6208563330693784
8013723179,5467901749,153.062,900,0.0,15.74352,9.722222222222223,0.0
5520579413,5520583122,26.843999999999998,700,472.0741600369917,1.634739804059376,16.420961876221,2.5642366542630985
5520579413,5520579417,22.43,700,687.411214578618,2.872671911625174,7.808061863671212,4.470560570008304
5502382612,5502382607,22.89,700,151.01655242490165,1.648131013553142,13.888458994926825,0.7269450410280821
5502382604,5502382607,26.321,700,0.0,2.3688900000000004,11.11111111111111,0.0
5520579418,5520583122,20.565,700,0.0,2.4678,8.333333333333334,0.0
5520579418,5520579417,26.834999999999997,700,881.5118401944841,1.667959480310214,16.088520324851725,4.802260328672794
6292470216,5579385527,262.201,1200,0.0,13.48462284,19.44444446916396,0.0
5589085018,5589085015,71.675,1200,0.0,6.45075,11.11111111111111,0.0
7575681837,7575681823,25.057,1200,0.0,2.25513,11.11111111111111,0.0
6302880062,5711838594,224.476,900,645.8064240743743,10.13968688160981,22.13835620576495,28.974440566683885
5711943185,5711943183,17.621,700,492.3998600988703,1.291182298716534,13.647182134943836,1.8349616690611312
5711943186,6290870788,393.233,700,554.8424063430149,29.12119247238018,13.503327529357168,46.306580447118336
5711943186,5711943185,22.458,700,0.0,2.69496,8.333333333333332,0.0
5712092597,5712092603,248.18000000000004,700,1353.9113004721623,39.95419996651814,6.211612301284379,115.94890736955648
5712092597,5712092592,17.276,700,0.0,2.07312,8.333333333333334,0.0
5712092592,5712092591,219.403,700,36.45957113029802,17.55224932443153,12.49999335951809,1.748188270477872
5712092598,5712092592,240.75799999999998,700,36.45957113029802,19.260650273946624,12.49999333229507,1.9183434684380825
5712092603,5712158358,52.914,700,1353.9113004721623,8.518561265608428,6.211612307541547,24.721252638220104
5712092603,5712092598,17.964,700,0.0,2.1556800000000003,8.333333333333332,0.0
5712158358,5712092609,490.447,700,1353.9113004721623,78.95647304880028,6.211612310707846,229.13527965865194
5718483513,429567614,30.459000000000003,700,0.0,3.65508,8.333333333333334,0.0
5718485022,6129383104,1326.354,700,1856.3085672444888,437.13593486902795,3.0341911844822236,1426.66653279991
5718485024,5718485022,14.336,700,1257.8392054270605,3.0177497780877722,4.750559540786099,7.650986832909133
6302942768,5726327137,273.728,700,1720.2518990317285,71.70729956473487,3.8172961701463586,234.32675906433042
5835252253,411935459,23.546,2000,0.0,1.41276,16.666666666666664,0.0
7152093857,6016375928,26.161,1200,0.0,2.3544899999999997,11.111111111111112,0.0
6016375940,6016375937,57.19599999999999,1200,0.0,5.14764,11.11111111111111,0.0
6016402369,6016402366,61.108999999999995,1200,0.0,5.49981,11.11111111111111,0.0
6027734924,6027734921,46.369,1200,733.2853623364182,4.215302390740183,11.00015982290131,7.896662516865331
6027804518,6027804517,25.012,1200,480.90322615988,2.25528013241538,11.090418276869414,2.7814615920748618
6047167133,6047167141,16.965,900,0.0,1.52685,11.11111111111111,0.0
6129242511,6292681696,95.681,700,668.4477761064445,8.114905913526384,11.790771331127019,14.344953663395085
6129242512,6129242511,9.773,700,0.0,0.703656,13.88888888888889,0.0
6129242512,6129242514,63.07599999999999,700,1174.2556162595,7.936618948455672,7.947464834792589,21.199411102779468
6291513263,6291513258,35.441,700,0.0,4.25292,8.333333333333334,0.0
6432886104,6980956376,25.657,1200,0.0,2.30913,11.11111111111111,0.0
6467353234,6829165680,40.647,900,0.0,3.6582299999999996,11.111111111111112,0.0
6829165679,6829165680,92.732,900,1765.198283133837,6.7404041031704995,13.757632121252408,34.52704563561575
8126845032,8126845030,23.976,900,11.697541482816677,2.1578400044544477,11.111111088174349,0.06479086470158914
6739492888,7229257043,39.737,900,0.0,3.57633,11.111111111111112,0.0
7140204913,6739492888,185.117,900,2935.9327078175043,29.079712492730735,6.365846981680958,184.0083671166299
7058930526,6829165679,120.535,900,1765.198283133837,8.761318731135486,13.757632121252414,44.87897862322548
6829165679,6467353233,44.09,900,0.0,3.9680999999999997,11.111111111111112,0.0
6829179666,6829179665,35.645,900,0.0,3.20805,11.111111111111112,0.0
6829185281,6829185280,26.0,900,0.0,3.1199999999999997,8.333333333333334,0.0
6829185281,6829185283,238.289,900,2032.5409909086616,49.441004343469935,4.81966341833573,203.26748516811656
6829185283,6829185284,105.3,900,2032.5409909086616,21.84799867961754,4.819663418335731,89.82397923614877
6829185282,6829185283,25.726999999999997,900,0.0,3.08724,8.333333333333334,0.0
6829185284,6829225785,20.753,900,0.0,2.49036,8.333333333333334,0.0
6986230256,7287228776,27.04,900,2032.5409909086616,2.225440375016094,12.150404164301392,12.158516306923925
6986230256,6986230257,27.723,900,0.0,3.32676,8.333333333333332,0.0
6986230241,6986230242,23.798,900,0.0,2.14182,11.11111111111111,0.0
6986230241,8742738140,89.105,900,2389.2678977606106,9.140707041574572,9.748151821814742,53.027107787914964
8742738140,8742782806,182.811,900,1429.6055625465112,11.966474229270935,15.276930906919096,53.58916685358884
8742738140,8742738145,395.4,900,959.6623352140994,25.94249243610027,15.241403692182681,77.84579541067666
6986230249,6986230250,30.042,900,0.0,2.70378,11.11111111111111,0.0
8737538757,8737538758,21.836,900,0.0,1.9652399999999999,11.11111111111111,0.0
6986230257,7741672255,1882.1870000000001,900,2110.567339139389,194.08046445269378,9.697972463677685,992.642434986358
7741672255,8210896035,64.684,900,2110.567339139389,14.846034330205416,4.356988442926832,61.780978251530684
7741672254,7741672255,19.406,900,0.0,1.74654,11.11111111111111,0.0
6986230261,6986230260,23.711,900,0.0,2.13399,11.11111111111111,0.0
6986230260,6986230267,256.114,900,2110.567339139389,58.78234550192057,4.356988442926832,244.61958852131173
8210896035,6986230260,165.22,900,2110.567339139389,37.920688146010434,4.356988442926832,157.80491662107937
6986230268,6986230261,261.573,900,2032.5409909086616,54.27204709044254,4.81966341833573,223.12941805068533
6986230267,8388117064,211.96800000000002,900,2110.567339139389,48.65011757010979,4.356988442926832,202.45486361419293
6986230268,6986230267,27.604000000000003,900,0.0,2.4843599999999997,11.111111111111112,0.0
6986230273,6986230268,119.70699999999998,900,2032.5409909086616,24.837211566391044,4.81966341833573,102.11357153296933
6986230272,6986230273,39.931,900,0.0,4.79172,8.333333333333334,0.0
7058960859,7058960858,16.835,900,0.0,2.0202,8.333333333333334,0.0
7058960859,8156645716,70.443,900,0.0,4.22658,16.666666666666664,0.0
7085445111,7085445112,46.489,900,160.76905326012306,4.184318175967506,11.110292775298028,1.7266800015933135
7085445144,4376219517,7.659999999999999,700,0.0,0.6894,11.11111111111111,0.0
7140204915,7140204913,40.03,900,2385.367378035908,21.9504431697619,1.823653385510859,72.60219814363491
7928760134,7928760133,13.583,900,0.0,1.6299599999999999,8.333333333333334,0.0
7928760133,7778156635,201.72000000000003,900,1530.0332396859003,13.54775763594045,14.889548914343058,63.66202226108606
7728715333,7728715334,75.824,700,0.0,6.82416,11.11111111111111,0.0
7728715333,7728715334,13.049,700,0.0,1.56588,8.333333333333334,0.0
7728715334,7728715360,65.622,700,0.0,5.9059800000000005,11.11111111111111,0.0
8210896035,8210896036,22.896,900,0.0,2.7475199999999997,8.333333333333334,0.0
7792299884,7792325729,23.772,2000,2598.057619483439,1.584908327870064,14.99897475581244,12.71695456143584
7792325729,7792325746,682.22,2000,2598.057619483439,45.48444217733127,14.998974755812391,364.9571235446225
7792325729,7792325726,695.832,2000,0.0,41.74992,16.666666666666664,0.0
7792325726,7792325781,1193.079,2000,2166.895056728534,54.25914916756854,21.988531304009467,516.5812052791765
7792325745,7792325726,1313.131,2000,2145.100848440208,59.69401749096539,21.997698516417337,562.851592644916
8013723182,8013723178,1111.165,900,0.0998344734727777,114.29125716,9.722222220763959,0.027676527040352176
8013723182,8013723181,8.728,900,0.0,0.78552,11.11111111111111,0.0
8013723181,8013723179,21.344,900,0.0,2.19538284,9.722222298139124,0.0
8013723180,8013723179,8.672,900,0.0,0.7804800000000001,11.11111111111111,0.0
8013723180,8013723182,21.303,900,0.0998344734727777,2.1911657399999998,9.722222108127704,0.0005306080193374962
8430473486,8430473487,44.924,900,0.0,5.39088,8.333333333333334,0.0
8742738144,8742738145,11.049,900,1515.259258344583,0.73905201328638,14.950233273660741,3.4499628925255457
8742738144,8742738146,14.257999999999997,900,0.0,1.28322,11.11111111111111,0.0
8746159406,8742738164,80.148,900,968.1552464013092,4.90089426337218,16.3537500898565,15.711182327669794
8746159406,8746159405,20.792,900,0.0,1.87128,11.111111111111112,0.0
31035567,885930834,16.455,700,0.0,1.18476,13.888888888888888,0.0
31035567,885930904,104.157,700,1120.2253324269193,11.057391562167792,9.419671847053602,29.70042674920553
6277581753,6277581754,8.785,700,0.0,1.0542,8.333333333333334,0.0
6129107406,1330494890,8.533,700,0.0,1.02396,8.333333333333332,0.0
2470149614,4375812187,24.168,900,0.0,2.17512,11.11111111111111,0.0
3736766001,2534611428,663.724,700,1337.6722175466414,93.88728268427218,7.069370643434181,277.3118090163563
4375775117,4375775116,9.215,900,110.28360159782206,0.829363526263662,11.11092989767007,0.23477531963712467
5726327136,5726327137,22.225,700,0.0,2.6670000000000003,8.333333333333334,0.0
31069864,6027804508,23.164,1200,0.0,2.08476,11.11111111111111,0.0
31080098,1324512676,16.268,700,0.0,1.171296,13.888888888888891,0.0
6466813117,6466813121,29.453,700,309.508403571494,2.126479081476678,13.85059474911323,1.9186937455384476
31080429,3737747934,11.885,700,0.0,1.06965,11.11111111111111,0.0
3737747934,273928116,36.659,700,0.0,3.29931,11.11111111111111,0.0
31080505,1305701215,27.439000000000004,900,0.0,3.2926800000000003,8.333333333333332,0.0
4325994661,4325994662,11.32,900,0.0,2.0376,5.555555555555556,0.0
108009619,262728248,28.0,700,2221.7675821742573,14.013260347264135,1.998107457231861,45.353037575908104
108009619,108009631,453.141,700,2168.2566748325003,62.95166694344359,7.198236710826203,302.7056208224738
262728248,262729474,410.18799999999993,700,982.6732726149096,31.525527035075505,13.011297147978594,86.69785513869115
108009631,262730330,310.607,700,2076.1843114053804,25.15691012447592,12.346786567313808,141.66902199262069
108009631,108009637,960.7979999999999,700,2194.384678234661,137.1984815993431,7.002978377018716,663.2815774728291
262730330,262730858,211.131,700,2529.078315117515,22.426886530869822,9.41419129710161,135.97095627805857
262730330,262730105,124.055,700,0.0,8.93196,13.88888888888889,0.0
262730330,4139135543,764.972,700,1709.9913618924215,63.94561951043602,11.96285227755367,291.4208027510434
4334601930,4334601928,15.129,700,0.0,1.81548,8.333333333333334,0.0
4331411128,3811342112,596.239,700,1013.2163047245184,38.01816709641534,15.683002247002548,123.20878096211689
4356049401,4356049400,14.377999999999998,700,0.0,1.72536,8.333333333333334,0.0
4334559237,4334559239,14.774,700,0.0,1.77288,8.333333333333332,0.0
108183458,4081333635,421.565,700,1301.675976033115,39.48722545067914,10.675984326286706,129.53305541204352
108193650,1435193372,137.03,700,706.3839986175575,13.257814937112617,10.335790675159583,23.27401814977717
3777385837,4266659697,318.637,900,575.5210991583683,28.699010034453185,11.102717467169635,42.38106339661578
108237805,4266659697,593.761,700,1494.9232019468195,89.23155646909181,6.654159397137357,290.40450216749855
4266659697,4077452604,465.14900000000006,700,545.2542759877599,28.652153820724884,16.23434674092616,51.41173153732629
4347538933,4347538934,18.686,700,0.0,2.2423200000000003,8.333333333333332,0.0
632033213,632033718,14.036,900,0.0,1.26324,11.11111111111111,0.0
4139135523,4139135543,503.58399999999995,700,234.83148029000637,36.26012426993214,13.888093605282684,24.86927053499448
3811342113,3811342112,9.109,700,1708.6234524629529,1.647509690582544,5.528950786795763,5.878971692005245
3811342113,3245705889,272.155,700,752.6519087657639,33.282310868047794,8.177166575932636,57.43353179781726
135459129,2168736631,8.763,700,0.0,0.78867,11.11111111111111,0.0
4358010935,4358010936,19.565,900,6.924376916553027,2.347800000595086,8.333333331221121,0.03747628289890442
4358010935,4358010934,14.652000000000001,900,0.0,1.75824,8.333333333333332,0.0
847692749,301458135,21.025,900,210.10779593074335,1.8926565775727702,11.10872423932472,1.0206327117713292
4895906753,6294711419,12.609,700,0.0,1.51308,8.333333333333334,0.0
6128881829,6128881830,11.737,900,0.0,1.05633,11.11111111111111,0.0
182402424,5711943169,19.442,900,1331.7432606387845,1.57106837129478,12.375018398452688,5.682444536474997
5711943169,5711943167,251.23,900,1916.668492582736,37.50264969937721,6.698993324841579,156.72735329780716
5664307378,289311395,31.217000000000002,900,2923.168804544539,2.81541777169233,11.087874884456545,21.103978495536918
5664307378,5572366905,2331.37,900,1311.6161055051691,142.73496285911864,16.3335594398206,619.258395500256
197668686,262577993,11.184,700,100.88838724413483,1.0065914179975322,11.11076430817277,0.26066810052564643
4331365978,4331365979,18.578,700,0.0,2.2293600000000002,8.333333333333332,0.0
257943483,7792325687,532.765,900,20.375963002007424,31.965900607513248,16.666666349915985,2.191945145820952
607232820,593898339,410.811,700,1652.1887214856974,33.728575554439864,12.179909564722868,149.9927107624319
607232820,589643195,202.69900000000004,700,1640.0879504267862,16.582741881316146,12.22349123267618,73.3508389479591
593898341,593898339,160.366,700,16.96713277488294,14.43294036038172,11.111110833673443,0.6285838411361689
7792325687,309581255,1183.254,900,166.5844151677126,71.00126785702463,16.665251702022005,39.8009323159288
589642824,593898339,758.46,700,1516.6598915680026,60.050037212909906,12.630466777411787,250.32147552837225
4346609885,4346609884,10.026,900,240.4752344033069,0.902672696225514,11.107015911662417,0.5570887089770522
3827052316,347935649,147.839,700,0.0,8.87034,16.666666666666664,0.0
391030304,4069147651,14.513999999999998,700,0.0,1.7416800000000001,8.333333333333332,0.0
262573451,4069153837,14.114000000000003,700,0.0,2.54052,5.555555555555556,0.0
4069153843,4069153842,16.458,700,0.0,2.96244,5.555555555555555,0.0
4069153852,4069153853,14.558,700,0.0,1.74696,8.333333333333332,0.0
3990727157,3990641396,515.55,700,872.1186509374627,54.48654226219752,9.461969480814089,114.12037439749301
1425922063,263376306,12.711,700,0.0,1.52532,8.333333333333334,0.0
262727999,1943098980,8.894,700,1775.7154536556327,0.950320529864862,9.358947555583956,4.036975476616332
262727999,606182822,41.425,700,1177.0851896449733,3.8630192278324262,10.7234775590915,11.481921473847526
1943098980,1943098908,5.773,700,2030.894079275968,0.686006008929366,8.415378181613583,3.2208955295642343
606182822,4332962444,496.147,700,1534.657287877132,95.42097216072217,5.19955926632476,301.5776143081891
262730858,262730859,16.305,700,1945.672257787215,1.863450916533852,8.749895076564952,8.482040275085543
262730859,263111215,657.742,700,490.2324215598803,59.26116138808606,11.099039988308991,74.53280046637322
263111215,263111216,13.236,700,408.5628486769013,1.191865012771596,11.10528445601456,1.2496183843023472
4083554886,4083557589,16.353,700,0.0,1.9623599999999999,8.333333333333334,0.0
419482949,419482948,15.964999999999998,700,0.0,1.9158,8.333333333333334,0.0
316625595,316625723,30.84,700,0.0,3.7008,8.333333333333334,0.0
387411436,4332471858,15.94,900,705.5383850120197,1.4737931031214262,10.81562938938974,2.6357953941059034
4334219658,4334219657,21.616,700,0.0,3.89088,5.555555555555555,0.0
5072692009,5072692010,9.617,700,0.0,1.1540400000000002,8.333333333333332,0.0
263384563,263384507,19.399,900,0.0,1.7459099999999999,11.111111111111112,0.0
263111216,263111221,301.404,700,368.09311149600535,27.13573726984637,11.107271455451647,25.634672094160976
263111221,6129390963,9.314,700,227.63936615609344,0.838302385991418,11.11054931447535,0.48982116934162345
6129390963,2073408891,12.129,700,1328.107274822995,1.15556201900943,10.496191290881308,3.8390527198645326
263375074,1428403905,21.218,700,0.0,2.54616,8.333333333333334,0.0
263384500,263384568,20.722,900,0.0,1.86498,11.11111111111111,0.0
4580618462,4580618461,12.688,700,0.0,1.52256,8.333333333333334,0.0
263387426,4580596640,12.579,700,0.0,1.50948,8.333333333333334,0.0
1273638684,1273605928,12.056,700,0.0,1.44672,8.333333333333332,0.0
263387434,4578541022,14.54,700,0.0,1.7448000000000001,8.333333333333332,0.0
4578581740,4578581741,11.624,700,0.0,2.09232,5.555555555555556,0.0
4334141387,4334141386,7.914000000000001,900,211.33823869026156,0.7124166560338621,11.108667846227107,0.38642622865680915
4326822805,4326822804,13.778,900,0.0,1.2400200000000001,11.11111111111111,0.0
4344600231,263622404,13.401,700,230.1554819213474,0.80410248424296,16.66578609394133,0.6227841063377252
4291002132,4291002134,13.514,900,0.0,1.62168,8.333333333333332,0.0
4346131428,4346131427,14.3,700,0.0,1.716,8.333333333333334,0.0
263634771,263635133,15.473000000000003,700,0.0,1.85676,8.333333333333334,0.0
4266808695,4266808694,14.066999999999998,700,0.0,1.68804,8.333333333333334,0.0
445250123,4365495092,12.908,700,0.0,1.54896,8.333333333333334,0.0
263928384,4042550494,8.997,700,703.4005897076566,0.695560600428018,12.934890208651314,1.364238572827756
266953472,1245526417,63.88,900,103.72843191344197,3.8328489219371518,16.66645393570967,1.33794829131622
266953472,1404067300,1518.705,900,64.11704824089696,91.12231061194547,16.666664725695718,19.661778586125664
1245526417,266953473,20.984,900,103.72843191344197,1.259056070412168,16.666453935709647,0.43950386576361195
1404067300,1404065131,929.8210000000001,900,1241.9863770291024,70.42498251370715,13.202999373397423,247.04658360318368
1404067300,4060113093,5378.999,900,917.7285525386308,324.317500208867,16.585595894565714,997.4376761218323
266953473,266954089,80.933,900,103.72843191344197,4.856041981827486,16.66645393570965,1.6951184887460176
266954089,1706421356,1630.205,900,1992.2776235883991,267.7106405585224,6.089429230750475,1138.1637163819769
1706421356,529750162,102.729,900,0.0,6.16374,16.666666666666668,0.0
1706421356,1706421352,80.956,900,2.467757941488188,4.85736000001986,16.666666666598523,0.04033921576763348
266954459,289311395,251.365,900,22.17312899502768,15.08190002512119,16.66666663890581,1.1254018924649325
266954459,4060113096,340.587,900,3892.4972278843793,52.76247431750954,6.455099090888809,444.03583655482834
4060113096,4060113093,10.594,900,3892.4972278843793,1.641183171758448,6.455099090888827,13.81178862511439
1367680060,1367680088,128.819,700,273.73338212862564,10.322952335591719,12.478891291191454,7.711665285785797
273412958,4374908342,951.238,700,0.0,68.489136,13.88888888888889,0.0
273412958,5581042150,30.51,700,537.9420358655426,2.5023812128911898,12.192386932424855,3.625351010332094
5581042150,4051659315,319.012,700,1355.8429122211314,77.25767465530355,4.129194949541503,203.55137235439042
273426324,4375704579,14.37,1200,777.8950322851483,1.309820552234796,10.970968485325812,2.599775228943219
4365496317,4365496316,15.142000000000001,700,271.9979828533512,1.8200364106770541,8.319613778697521,1.140650467725389
273427390,4366814218,17.169,700,0.0,2.06028,8.333333333333334,0.0
273428687,3737747686,10.758,700,914.0604776203955,0.9374822985498601,11.475416673617154,2.2346360367342455
3737747686,8831128638,42.37,700,916.8742557266464,3.700177440789492,11.450802205571978,8.83754714322768
273428841,1273122333,136.619,900,0.0,8.19714,16.666666666666668,0.0
1273122506,1273123017,10.608,900,127.04829495107342,0.954747425062218,11.110791945114395,0.31135176760207683
4375690412,4375690411,10.779,1200,0.0,0.9701099999999999,11.111111111111112,0.0
4358112702,4358112701,29.235,900,1659.8955078687095,4.833390996820116,6.0485485281934945,17.095050374290793
3703611005,3703611006,32.532,900,0.0,3.9038399999999998,8.333333333333332,0.0
2549104060,2549104056,17.757,700,0.0,2.1308399999999996,8.333333333333336,0.0
6277873574,6277873575,15.333,700,0.0,1.83996,8.333333333333334,0.0
273925698,8831128638,7.985,700,196.54073020776133,0.575178459079182,13.88264785295227,0.3300772582115759
273925698,1273649054,68.809,700,695.1940967558534,6.628608943557042,10.380609353472545,11.47299595640955
273925698,1272936603,271.068,700,1028.508868376235,28.996401827955523,9.348332307171384,71.31679989253854
1272936603,1272936908,24.443,700,644.4518156088126,2.057060307732168,11.88249071168336,3.5202725548997367
273928116,4419292628,499.414,700,0.0,44.94726,11.11111111111111,0.0
6300533682,6300533683,14.349,700,0.0,1.72188,8.333333333333334,0.0
1022562927,1022562935,96.727,1200,371.68100159192255,8.71122579438132,11.103718613560474,8.308295792633531
1571862805,529750162,1034.964,900,0.0,62.09784,16.666666666666668,0.0
289311531,289311674,29.546,900,0.0,2.65914,11.11111111111111,0.0
289313274,1273734378,30.146,900,0.0,2.71314,11.11111111111111,0.0
5314050381,6986230238,24.642,900,0.0,4.435560000000001,5.5555555555555545,0.0
4337488134,4337488133,16.452,700,0.0,1.9742400000000002,8.333333333333334,0.0
4343330530,4343330531,13.114,900,0.0,1.18026,11.11111111111111,0.0
4331439682,4331439683,9.745,700,0.0,1.1694,8.333333333333332,0.0
4341295262,4341295261,12.993,700,174.18597683148417,1.5595924317297238,8.331022731105223,0.6261869239793296
301458135,3673106266,13.711000000000002,900,221.5551557666307,1.234317819905568,11.108160134193774,0.701865435439844
301458135,3673106267,11.477,900,0.0,1.0329300000000001,11.11111111111111,0.0
304904759,304905019,23.729,700,1580.699470578328,4.92202480956054,4.820983420056883,15.738499185785269
304904759,1670123735,618.554,700,1404.8254643641735,120.99550811401582,5.1122063094865275,348.67852439752056
304905019,304905024,17.944,700,1580.699470578328,3.722062167927612,4.820983420056884,11.901539440757327
1670123735,306327609,9.845,700,1404.8254643641735,1.540626399483288,6.390257886858179,4.668691052953592
5393128194,5393128195,14.833,700,0.0,1.77996,8.333333333333334,0.0
304905135,309582388,13.864,700,764.7894661032112,1.0046384707682758,13.799989153708003,2.2342850574329405
304905135,309582383,69.401,700,1085.023515645501,5.127281418905514,13.535633083080226,15.9689159202584
6302798388,6302798389,10.077,700,0.0,1.2092399999999999,8.333333333333334,0.0
4299157508,4299157505,18.533,900,0.0,1.6679700000000002,11.11111111111111,0.0
4331468670,4331468671,9.229,700,981.4522806065976,1.417069883640078,6.5127345563883825,3.013000080961364
4341257621,4341257620,8.519,700,0.0,1.02228,8.333333333333332,0.0
1617053872,1617053871,8.651,700,0.0,0.622872,13.88888888888889,0.0
1617053871,1617053885,1154.053,700,732.3770785406896,90.29411819915485,12.781042918594027,183.05172619659038
629216473,629216447,16.235,700,0.0,1.46115,11.11111111111111,0.0
306763138,4328613977,14.42,900,0.0,1.2978,11.11111111111111,0.0
3736693697,3736693698,15.497999999999998,900,0.0,1.8597599999999999,8.333333333333334,0.0
308131104,309580993,232.443,700,845.7204181400439,24.144206500155377,9.627278494263381,49.34823910413892
309580993,309581245,1028.175,700,845.7204181400439,106.79809466534704,9.62727849426338,218.2841631750495
309580993,629029214,99.481,700,124.19447874718284,8.953931750067,11.11031475075244,2.8543102809792193
308132589,4375983349,22.233,900,2715.3845467389037,2.750591786813112,8.082987852501217,17.06882165083488
308132589,5343450967,108.437,900,2528.274798933184,10.88485023912831,9.962194942305787,67.37939648243925
4375983349,3245797091,33.945,900,2715.3845467389037,4.1995609320996365,8.082987852501205,26.060412492132844
5343450967,4375973962,96.717,900,2676.3786200431887,7.449960359205217,12.982216728240155,55.72303534757879
5343450967,4347911984,429.5059999999999,900,0.0,51.54072,8.333333333333332,0.0
4375983348,1813624318,19.433,700,655.2485570005497,1.846106123512926,10.526480440366697,3.02970541709047
4337488136,4337488135,11.802,700,0.0,1.41624,8.333333333333334,0.0
4332538388,4332539589,9.173,700,0.0,1.1007600000000002,8.333333333333332,0.0
309581245,548807060,30.087,900,1461.0365504518334,4.068215378563122,7.395626140773946,13.26965743014689
6131118239,6131118240,14.852999999999998,700,0.0,1.069416,13.88888888888889,0.0
309581210,309581290,14.935,700,1490.782659834737,3.344376521970744,4.465705312151647,9.894028419819778
309581290,309581295,5.569,700,2303.332495528657,3.8012142308472896,1.465058179254125,10.667615383633256
4331864000,548807060,976.2280000000001,900,1525.2986652087325,187.0588090552858,5.21882933463707,588.095977710249
309581255,4331922127,145.623,900,0.0,8.73738,16.666666666666664,0.0
309581295,589643195,2006.439,700,2091.0493622705926,196.47155731144758,10.212363700153219,1015.9246280264219
589643195,593898516,625.83,700,2832.996650226351,124.64303340773984,5.020978572887801,721.2920795879324
589643195,7792325686,132.76,700,2601.050918013149,22.246552086275436,5.967666337018742,122.9271861552635
309581746,3826928736,299.92,900,3967.8516171597344,73.09757240470984,4.103009034820909,562.6144087609506
3826928736,309581752,32.714,900,3967.8516171597344,7.973172791570003,4.1030090348209125,61.36759058484167
309581752,3245797091,225.558,900,2528.274798933184,26.015981542805918,8.669978475687094,153.439105975242
4351669442,4351669443,9.625,700,0.0,1.155,8.333333333333334,0.0
4352914983,4352914984,27.166,900,0.0,3.2599199999999997,8.333333333333334,0.0
390682432,390682431,106.368,700,0.0,9.57312,11.11111111111111,0.0
4343731020,4343731021,13.464000000000002,700,0.0,1.61568,8.333333333333334,0.0
4356685705,4356685706,12.282,700,0.0,1.47384,8.333333333333334,0.0
391038273,1273580020,49.228,700,634.0306332151688,6.1949730040089666,7.946443022131488,8.93429099133243
316627416,1273679822,17.463,700,900.6106631903986,1.8831884813443263,9.273102598595933,4.044353504193682
316628649,1302813109,22.603,700,126.8835796320183,2.715748934057118,8.322934317139868,0.7940578856760546
411941363,411941345,12.012,700,624.0961559371694,1.004882338607358,11.953638290276988,1.6707110988512235
4270653069,4270653070,24.937,700,0.0,2.99244,8.333333333333334,0.0
6302785498,6302785497,22.777,900,7.292344862001509,2.04993000063915,11.111111107646767,0.038371269881014525
4375805781,4375805782,9.91,900,0.0,0.8919,11.11111111111111,0.0
4357673860,412185059,8.64,700,0.0,1.0368,8.333333333333334,0.0
316801728,1943098908,7.751,700,586.8578741433658,0.699148066976898,11.086349753515256,1.052062005910807
638356999,638356998,6.785999999999999,700,0.0,0.44417454,15.277777965391714,0.0
2055741141,2055741153,14.541999999999998,700,0.0,2.61756,5.555555555555555,0.0
1273529623,4332735078,115.689,700,213.3426608558216,8.32993292978658,13.888347118175902,5.190415233463306
316803765,4570884839,11.391,700,0.0,2.05038,5.555555555555555,0.0
4332964424,4332964425,8.19,700,0.0,0.9827999999999999,8.333333333333334,0.0
3965147472,5052471339,18.282,2000,0.0,1.09692,16.666666666666668,0.0
687483654,4417690380,17.344,700,0.0,2.0812799999999996,8.333333333333336,0.0
4341815211,4341815209,12.633,900,250.9348297891633,1.1374670373501,11.106255904725352,0.7325028365490899
4346555522,4346555523,13.924999999999999,700,0.0,1.671,8.333333333333334,0.0
317337272,317337572,13.466,700,0.0,0.88141092,15.277777588687009,0.0
317337577,4331445591,10.982,700,6.724900094923001,0.718821840442932,15.27777730464197,0.015143298486637303
1273983950,1273658188,46.149,700,0.0,5.53788,8.333333333333332,0.0
4332689692,2147064069,10.593,700,0.0,1.27116,8.333333333333332,0.0
4224818799,331596288,9.175,900,15.186371493494535,0.825750004842402,11.111111045952812,0.032188633902551535
4337335334,4337335335,12.268,900,0.0,1.10412,11.111111111111112,0.0
6290603421,6290603420,15.273,700,232.450197979152,1.834372127529426,8.326009630646766,0.9827002797784758
2166218025,4158625094,61.327000000000005,900,0.0,5.51943,11.11111111111111,0.0
331596284,1842988781,7.048,900,207.37310749081763,0.634449334498812,11.108846076050533,0.33768140680777525
5712433461,4284464004,15.762,700,0.0,1.8914400000000002,8.333333333333332,0.0
331607181,4284464004,16.374,700,198.51166460603915,1.179479576204172,13.88239383736951,0.6836462302804399
331607181,1841300516,14.902,700,1330.2993704145767,2.085336018206394,7.146090543632038,6.14134341877307
2886284248,5045615986,28.694,700,0.0,2.065968,13.88888888888889,0.0
1841300516,1841300518,11.28,700,1336.8994624824288,1.59380707236093,7.0773936165879645,4.7061332841622825
6277628313,4365307891,20.317,900,0.0,1.82853,11.11111111111111,0.0
4272187794,4272187793,25.583,2000,0.0,1.53498,16.666666666666664,0.0
4351706138,4351706137,11.872,900,0.0,1.06848,11.11111111111111,0.0
347933339,2887936518,12.357,700,0.0,1.48284,8.333333333333334,0.0
347933339,347933271,164.46,700,1147.220479353737,30.034393345987496,5.475722386181353,71.80337009284045
4341257611,3991417593,8.731,700,0.0,1.04772,8.333333333333334,0.0
347929897,2459474181,12.459,700,0.0,0.8970480000000001,13.888888888888888,0.0
347933154,347933271,8.928,700,0.0,1.07136,8.333333333333334,0.0
347933154,1753960713,433.085,700,473.52402134327446,39.56806560422285,10.945316466362195,47.75482565522255
347935641,4347911984,484.459,700,0.0,43.60131,11.111111111111112,0.0
4347911984,1838048190,297.293,900,0.0,35.67516,8.333333333333334,0.0
347935649,1273943912,190.46,700,0.0,11.4276,16.666666666666668,0.0
4344516912,1273770886,4.828,700,1444.2746867410613,1.004137186105464,4.808107962543794,2.931775048809823
3826930084,1813624318,380.632,700,0.0,34.25688,11.11111111111111,0.0
4344532851,4170831287,9.421,700,938.2308631038964,5.353423985524584,1.7598083068843335,6.8266521138688265
1273781118,1273548726,17.428,700,0.0,2.09136,8.333333333333334,0.0
4346167526,4346167525,14.114000000000003,700,0.0,1.69368,8.333333333333334,0.0
4352758562,4352758563,16.985,700,0.0,2.0382,8.333333333333334,0.0
5581400122,5581400121,9.639,900,13.344613612918351,0.867510003033156,11.111111072262299,0.029715321696404916
3232454758,3232454759,15.14,700,0.0,1.8168000000000002,8.333333333333332,0.0
386854218,3232454755,15.860999999999999,700,0.0,1.90332,8.333333333333334,0.0
4348865422,4348865421,16.672,700,821.7749573087445,2.275527297984906,7.32665348148708,4.165039342758647
1273492713,390682772,13.073,700,0.0,0.941256,13.88888888888889,0.0
1273736579,4328118507,6.277,900,1255.294201115809,3.039461281159362,2.0651686004059644,5.653849714328111
4069153832,4069153831,14.125,700,0.0,2.5425,5.555555555555555,0.0
5485516635,419481943,27.42,700,1002.2882216218032,4.290845231231496,6.3903493419944,9.277101451646043
391038353,4361829638,21.325,700,0.0,2.559,8.333333333333332,0.0
4361820073,4361820072,12.477,700,0.0,1.4972400000000001,8.333333333333332,0.0
1621885370,4361756351,23.384,700,0.0,2.8060799999999997,8.333333333333334,0.0
1621885370,1273471859,94.046,700,910.4594330696988,13.621870999429344,6.904044239145991,27.231727171614022
1621894062,1621894039,34.054,700,1054.2218976865963,5.607208286239728,6.073253972671147,12.60696800823879
4365330946,4365330945,11.739,900,474.7542577076566,1.062427596138444,11.049223535483451,1.2912733304998194
1273485290,1273960748,16.96,700,0.0,2.0352,8.333333333333334,0.0
392149731,1273504505,16.461,700,0.0,1.97532,8.333333333333332,0.0
392149759,4267524459,23.173,700,0.0,2.78076,8.333333333333332,0.0
4267524470,4267524469,23.027,700,0.0,2.7632399999999997,8.333333333333334,0.0
1273511155,1841059661,10.523,900,435.0703596803259,1.006929941346084,10.450578106687983,1.0938191751254243
4356151451,4356151452,16.09,700,0.0,1.9308,8.333333333333332,0.0
4356231840,4356231839,14.903,700,0.0,1.78836,8.333333333333334,0.0
6292309914,6292309915,14.362,700,0.0,1.72344,8.333333333333332,0.0
4356680114,4356680115,14.405000000000001,700,0.0,1.7286,8.333333333333334,0.0
4352942097,392154026,15.736,700,0.0,2.83248,5.555555555555556,0.0
6129481379,6129481378,14.535,700,0.0,1.7442,8.333333333333334,0.0
1273748034,4352887161,11.248,900,0.0,1.01232,11.111111111111109,0.0
4354297726,4354297727,13.687000000000001,700,0.0,1.64244,8.333333333333334,0.0
4054952832,4353146639,195.121,900,0.0,20.06958858,9.722222218070003,0.0
392154421,4353146642,305.05,900,354.5709014596619,27.50234341174958,11.091782086819416,25.00996224116066
4353146642,4054952827,24.315,900,354.5709014596619,2.192163514363842,11.091782086819434,1.9935001865065447
392156320,392156323,12.946000000000002,700,0.0,0.932112,13.888888888888888,0.0
4117258326,4117258325,13.684,900,0.0,1.23156,11.11111111111111,0.0
393863872,393864276,25.915,700,0.0,2.33235,11.11111111111111,0.0
393863872,5712464585,79.821,700,1.5604047407363888,8.210160000014664,9.722222222204858,0.03107469913303932
393864276,421229649,388.096,700,863.5674273466238,40.78113164836526,9.51655788628801,84.75252370366866
5712464585,5712464578,37.343,700,1.5604047407363888,3.8409942600068585,9.722222287292178,0.01453780940946228
393864453,4054805276,30.024,700,0.0,2.70216,11.11111111111111,0.0
4054805276,5712464578,1621.535,700,0.0,166.78645716,9.72222222122294,0.0
4353191873,4031865334,13.992,700,0.0,1.6790399999999999,8.333333333333334,0.0
6030155451,6030155450,13.369999999999997,700,0.0,1.6044,8.333333333333332,0.0
1574755891,440232467,227.419,700,1290.0685586016366,30.038377749119626,7.570948135062496,87.02731436067195
4365101466,4365101467,14.11,700,0.0,2.5398,5.555555555555555,0.0
411672320,4365101456,15.177,700,0.0,1.82124,8.333333333333334,0.0
4365093217,4365093218,16.114,700,0.0,1.93368,8.333333333333334,0.0
4365158457,4365158456,14.551,700,0.0,1.74612,8.333333333333334,0.0
417252136,4170789705,16.653,700,0.0,1.9983600000000001,8.333333333333332,0.0
6302766843,6302766844,16.273,700,0.0,1.9527599999999998,8.333333333333334,0.0
421084344,7182179219,134.764,700,0.0,9.703008,13.88888888888889,0.0
440209667,6277567878,11.509,700,0.0,1.38108,8.333333333333334,0.0
5718485021,5718485020,12.234,700,0.0,1.46808,8.333333333333332,0.0
440214147,1574755824,124.78500000000001,900,0.0,7.4871,16.666666666666668,0.0
1574755824,4354712572,59.325,900,0.0,3.5595000000000003,16.666666666666664,0.0
5718485016,5718485017,12.3,900,0.0,1.107,11.111111111111112,0.0
4354610817,4354624120,937.433,900,1594.7456498613565,96.35605091645414,9.728844126382937,372.82028942041137
440219747,4354635924,15.344,900,659.5227556401674,1.409766896690388,10.884068874096876,2.363647382682011
4354635924,4354635923,16.9,900,0.0,1.5210000000000001,11.111111111111109,0.0
4354635924,4368442314,902.2010000000001,900,0.0,54.13206,16.666666666666668,0.0
4354635924,4354635953,128.564,900,0.0,7.713840000000001,16.666666666666664,0.0
440232460,3063623168,315.875,900,2763.5273615237784,140.82839497141038,2.242978058964074,600.938045706878
3063623168,440232522,34.262,900,0.0,3.08358,11.11111111111111,0.0
3063623168,3063623164,606.066,900,3007.9182012921647,56.876125529543515,10.655894619354608,430.77927239581993
440232467,4354458983,40.611,900,2763.5273615237784,3.415983698196264,11.888522776453456,25.07474261864215
442360572,4331376812,320.948,700,0.0,38.513760000000005,8.333333333333332,0.0
4331376812,4331376804,36.189,700,0.0,4.34268,8.333333333333334,0.0
442761182,1273928852,17.5,700,0.0,2.1,8.333333333333332,0.0
4198130497,4198130287,16.086,700,0.0,1.93032,8.333333333333332,0.0
442761194,4198130283,15.574,700,0.0,1.8688799999999999,8.333333333333334,0.0
442761250,1273627971,20.157,700,0.0,2.4188400000000003,8.333333333333332,0.0
471051765,6129383856,5.436,700,0.0,0.32616,16.666666666666668,0.0
471051765,3738233957,851.118,700,1296.8199625859886,94.58156914760586,8.998772252041288,289.5405720475741
3738233957,1578886585,35.28,700,693.1917572249735,2.264054135730192,15.582666263685283,4.993980616539064
5711796780,5711796781,12.863999999999999,700,0.0,1.5436800000000002,8.333333333333332,0.0
4272035804,4272035805,20.144,900,227.56559322506232,1.813496056859208,11.107826743713671,1.059161055480079
471613486,3344172741,92.829,700,0.0,11.139479999999999,8.333333333333334,0.0
3344172741,471614148,19.627,700,0.0,2.35524,8.333333333333334,0.0
471613497,471613498,16.816,700,0.0,1.210752,13.888888888888888,0.0
471614172,4938677827,15.004999999999999,700,23.503780065931032,1.080360099332976,13.888887611884428,0.0741652998414383
1042073909,1042073880,14.866,700,0.0,1.7839200000000002,8.333333333333332,0.0
1042073909,1042073829,472.30500000000006,700,938.815894731411,69.94136741694267,6.752870546331188,143.43425177930646
4523898343,1042073881,14.473999999999998,700,0.0,1.7368800000000002,8.333333333333332,0.0
471614190,1840241677,148.96,700,0.0,13.4064,11.111111111111112,0.0
4203559435,4203559436,25.95,700,0.0,2.3355,11.11111111111111,0.0
475477943,4332734096,11.022,700,0.0,1.32264,8.333333333333334,0.0
3672800653,475478327,165.231,700,0.0,11.896631999999999,13.88888888888889,0.0
475735708,3384390176,76.866,900,16.975540306553174,9.223920084451267,8.333333257035994,0.3609556523186197
4051143190,4356601165,223.765,700,0.0,20.138849999999998,11.11111111111111,0.0
494379565,3743408005,18.075,700,0.0,1.3014000000000001,13.888888888888888,0.0
494413680,1355562672,19.425,700,0.0,1.3986,13.88888888888889,0.0
495672331,495672332,18.029,700,1482.1424446888568,1.670885500437324,10.790087049819533,6.27084173578862
495672332,4356661501,153.069,700,2074.0711641781118,23.158305659324718,6.609680442591731,104.40705596690724
4356661501,4356668494,304.738,700,2074.0711641781118,46.104800776194374,6.60968044259173,207.85918390558103
4356661501,4356661498,22.779,700,63.47715122498232,2.733693933949956,8.33268118171747,0.40001119116829725
4354648492,4354648491,11.34,700,0.0,1.3608,8.333333333333334,0.0
4351788448,4351788447,18.718,900,0.0,1.68462,11.11111111111111,0.0
499585798,817694884,18.961,700,685.6078986339938,1.820090727243882,10.417612548750341,3.1115109488032995
499585798,824299308,11.533,700,957.0926399614924,1.300376641220952,8.868968908247547,2.9241390799674116
824299308,824203793,113.176,700,931.7802036370488,12.49910231018478,9.05473026713123,27.548923948015577
885831123,885831076,20.232,700,0.0,1.456704,13.88888888888889,0.0
529750162,1706421352,99.029,900,0.0,5.94174,16.666666666666664,0.0
1706421352,3725402813,1615.7139999999997,900,2.467757941488188,96.9428400003964,16.666666666598516,0.8050871543157531
650001523,3962740783,13.465,700,0.0,1.6158,8.333333333333334,0.0
548745148,593898516,11.487,700,1725.138457222384,0.9650036362395179,11.903582088833579,4.424914556270009
548745148,605041323,96.49,700,1750.5034245757931,8.175626220527832,11.802154036558981,37.86638562438013
608420779,1273653410,12.359,700,0.0,1.48308,8.333333333333334,0.0
4346611954,4346611953,13.779000000000002,900,0.0,1.24011,11.11111111111111,0.0
4347791470,628088060,70.207,700,0.0,5.0549040000000005,13.888888888888886,0.0
610684745,4224821634,15.323,700,0.0,1.103256,13.88888888888889,0.0
549087856,6290588500,15.94,700,0.0,1.9127999999999998,8.333333333333334,0.0
4337762677,1295958155,11.687,700,0.0,1.40244,8.333333333333334,0.0
549100035,3737747721,23.105,700,0.0,1.66356,13.88888888888889,0.0
4366816396,1379749013,9.132,700,4.3526523344035,0.6575040000711,13.888888887386997,0.008358857323577613
4368710609,1379780128,16.304,700,0.0,1.95648,8.333333333333332,0.0
550856376,847673399,486.052,700,814.8338117688572,39.64373751298791,12.26049889571491,87.26998451756545
6292428306,6292428307,12.525,700,0.0,1.503,8.333333333333334,0.0
6046988698,6046988697,14.6,900,0.0,1.314,11.11111111111111,0.0
580662366,4286256490,41.72,700,1454.5248126954743,5.878825057305132,7.096656150391478,18.898364988053512
580662366,4286254587,62.736999999999995,900,0.0,3.76422,16.666666666666668,0.0
580662366,2974719142,397.835,900,1300.6582008568323,31.40197683946016,12.669106853810394,112.46199201159143
4286256490,5017032163,4449.117,700,1454.5248126954743,626.9314597910414,7.096656150391476,2015.3652190928499
4286256490,4286254587,45.437,900,0.0,4.0893299999999995,11.111111111111112,0.0
4286254587,1556534101,6233.536,900,0.0,374.01216,16.666666666666668,0.0
582805017,4029908800,14.467,700,998.7523910801036,1.353884047125054,10.685553190999178,3.4090484440572206
2054187184,2054187182,10.538,700,0.6705680303813623,1.264560000000072,8.333333333332858,0.0019547759855752887
593898339,593898337,256.165,700,1176.5419221277418,36.36448180544699,7.044373720777987,94.3907452542012
4041852019,4041852018,17.204,700,0.0,2.06448,8.333333333333334,0.0
4332625725,4332625724,14.184,700,0.0,1.70208,8.333333333333332,0.0
599281456,4336045832,24.425,900,0.0,2.1982500000000003,11.11111111111111,0.0
4336045831,4336045830,23.624,900,0.0,2.12616,11.11111111111111,0.0
599281489,599284503,25.54,700,0.0,2.04319998,12.500000122357088,0.0
599281489,1814004895,17.505,700,0.0,1.4003999999999999,12.5,0.0
1814004895,2934519350,82.367,700,0.0,6.58936002,12.499999962060048,0.0
4336193224,4336193225,12.758000000000001,700,0.0,1.53096,8.333333333333332,0.0
4343576772,599286869,13.288,1200,0.0,1.1959199999999999,11.111111111111112,0.0
1814939626,1831118251,1535.984,1200,0.0,92.15904,16.666666666666664,0.0
599286937,6292495119,14.126999999999999,700,37.86088698546123,1.017144629679696,13.888880290749473,0.11247806681663347
6292495119,1271066724,81.856,700,675.2750843370503,10.438079319979902,7.842055754770562,15.97583339859375
6292495119,6292504385,382.372,700,33.07967210763515,45.88465655336258,8.333330326997478,3.498995196385668
1271066968,1271067036,14.061,700,933.525433880541,2.07339900762321,6.781617984913807,4.232281282889367
1271066968,1271066859,524.038,700,0.0,62.88456,8.333333333333334,0.0
4368661290,4368661289,15.887,700,0.0,1.90644,8.333333333333334,0.0
4569402982,847669930,20.447,700,1.0910552854121818,2.453640000001044,8.333333333329787,0.006171238215719565
603757985,3672786698,347.103,700,115.72186980491531,24.992766289055346,13.88813851118197,8.447110553773589
4053604159,4053604160,14.623,900,0.0,1.3160699999999999,11.111111111111112,0.0
6302693059,6302693060,11.834,700,0.0,1.42008,8.333333333333332,0.0
662164651,662164662,8.69,700,0.0,0.7821,11.11111111111111,0.0
6300422753,1368672691,9.287,900,0.0,0.83583,11.111111111111112,0.0
1368673249,1368673245,8.992,700,522.5371190965045,0.661966246289742,13.58377417338015,0.9952329961145523
4374675301,4374675302,24.072,900,0.0,2.16648,11.11111111111111,0.0
4374892301,4374892300,9.552,700,0.0,1.14624,8.333333333333334,0.0
4375725240,4375725241,8.057,900,0.0,0.72513,11.11111111111111,0.0
675127383,4080464732,8.545,900,0.0,0.76905,11.11111111111111,0.0
4366889527,4366889528,11.211,700,0.0,1.34532,8.333333333333334,0.0
675164156,1359114431,7.714,900,0.0,0.69426,11.111111111111112,0.0
4375757649,4375757650,10.145,900,0.0,0.91305,11.11111111111111,0.0
4346543000,4346542999,10.748,900,0.0,0.9673200000000001,11.111111111111109,0.0
6302973507,6302973508,13.731,900,9.85379480590199,1.2357900012845582,11.111111099561521,0.03125706050444317
1273549187,1273749237,41.975,700,412.43937170009696,5.080912335109806,8.261311597515066,4.8186684038308485
1305701493,1305701275,29.129999999999995,900,0.0,2.6216999999999997,11.111111111111112,0.0
769223686,769223691,214.668,700,0.0,17.17344,12.5,0.0
1272936179,1272936001,134.69,700,0.0,16.1628,8.333333333333332,0.0
6300533680,6300533681,14.134999999999998,700,0.0,1.6962,8.333333333333334,0.0
1841059661,1273650490,13.318,900,0.0,1.19862,11.11111111111111,0.0
2055741657,799373625,9.645,700,0.0,1.1574,8.333333333333334,0.0
817301978,6294711417,13.288,700,0.0,1.59456,8.333333333333334,0.0
4351746542,4351746541,15.010000000000002,900,0.0,2.7018,5.555555555555555,0.0
1951269473,1947282191,20.415,700,674.4091244806777,2.60248574590359,7.844423367979622,3.9784055098950084
1307610220,1307610103,17.438,700,0.0,2.0925599999999998,8.333333333333334,0.0
1951269610,1951269623,20.03,700,0.0,2.4036,8.333333333333334,0.0
4356649586,4356649585,19.678,700,0.0,2.3613600000000003,8.333333333333332,0.0
817474068,3373840911,25.485,700,692.7166640984659,2.18023968504561,11.689081789861495,3.9758911692401044
4351746555,4351746556,14.486,900,0.0,2.60748,5.555555555555556,0.0
817710908,1317570850,12.172,700,0.0,1.09548,11.11111111111111,0.0
6013680907,4365491326,319.722,700,1177.247874312338,45.42676538918969,7.038185467550039,117.95962290596883
817717266,817728089,17.687,700,0.0,2.12244,8.333333333333334,0.0
1951269457,1951269316,21.523,700,0.0,2.58276,8.333333333333334,0.0
821398584,3468334000,6.366,700,0.0,0.76392,8.333333333333332,0.0
822685952,1951269664,35.029,700,0.1370502302017413,4.20348,8.333333333333334,0.0013280164821611172
1951269659,1951269648,19.325,700,0.0,2.319,8.333333333333334,0.0
1804901494,1804901725,447.577,700,914.0134785609756,48.75215185694169,9.180661426256012,105.89449491947832
824090412,1307610119,15.706,700,0.0,1.8847200000000002,8.333333333333332,0.0
5213227843,4365491326,11.047,700,1219.766321414498,1.325849956172634,8.33201370077325,3.727912617171257
5213227843,5213227842,9.054,700,590.9110148552663,0.6758341359287939,13.396778171847082,1.1386026078278
4356494349,4356494350,11.824,700,0.0,1.41888,8.333333333333334,0.0
4356273444,4356273445,13.132,700,0.0,1.57584,8.333333333333334,0.0
824203789,824203793,14.038999999999998,700,985.1965697935152,1.62213813898656,8.654626669940049,3.72601550246728
4356494362,4356494361,12.131,700,0.0,1.45572,8.333333333333334,0.0
4354641289,4354640088,10.957,700,0.0,1.31484,8.333333333333334,0.0
1273974224,1487321129,9.31,700,584.2249832885402,1.156412591142048,8.050759799152347,1.5422592292121553
1273974224,1578885888,1154.471,700,352.8208306185352,83.50997881970581,13.824347896105323,85.78307373262247
825893863,826000728,225.146,700,7.795456097088228,20.26314002254483,11.111111098748854,0.4054601881081154
4286205499,6030377482,11.416,700,0.0,1.36992,8.333333333333334,0.0
1941297079,1941297108,17.125,700,0.0,2.055,8.333333333333332,0.0
4341620364,4112378275,390.46,700,1239.351953746864,40.0801420162537,9.741981449109055,120.5795208677968
4334528494,1273661112,15.153,700,742.7114173920692,1.19103572018895,12.722540342951323,2.4418781979570587
4334528494,4334514193,465.56399999999996,700,629.4595210934023,35.10607508415974,13.261636308926708,62.59143836239936
1256325888,4334514193,16.032,700,9.908356419894906,1.154304003351972,13.888888848557082,0.03340537528350053
1256325888,1256325874,367.193,700,10.56028027613135,44.0631601651017,8.333333302108892,1.0726691631155798
3951088967,1815030214,24.913,700,613.3494876035536,1.870218956308128,13.320900163037091,3.2584500180184377
5546743936,4379635710,19.08,700,0.0,2.2896,8.333333333333332,0.0
842548359,842548368,19.951,700,239.22190329505787,1.437889343268498,13.87519845904758,1.0039840042685038
842548368,5544120376,82.162,700,239.22190329505787,5.921500888257558,13.875198459047557,4.1345964492360725
4379635740,4379635739,18.937,700,0.0,2.27244,8.333333333333334,0.0
4379685904,4379685905,19.091,700,0.0,2.29092,8.333333333333334,0.0
5794680514,5794680515,13.361999999999998,700,0.0,0.962064,13.88888888888889,0.0
4332728405,4332728406,13.855999999999998,700,0.0,1.66272,8.333333333333334,0.0
4357962685,4357962684,8.511,900,0.0,0.76599,11.11111111111111,0.0
6046988702,6046988703,15.591,900,0.0,1.4031900000000002,11.111111111111109,0.0
844379049,844379791,10.004,700,0.0,1.20048,8.333333333333332,0.0
4358122015,4358122016,13.755,900,0.0,1.23795,11.11111111111111,0.0
6292597681,6292597680,13.312000000000001,700,0.0,1.59744,8.333333333333334,0.0
846500810,846503515,12.095,700,5.036555123544887,0.967600020187584,12.499999739205464,0.013312924114313276
846500810,846503531,343.709,700,69.50848019067139,27.496913397605052,12.499912082129795,5.221123408265781
1394788507,4080312167,10.648,700,0.0,0.766656,13.88888888888889,0.0
4368078527,4368078528,32.576,700,0.0,3.90912,8.333333333333334,0.0
4368661280,4368661281,13.287,700,0.0,1.59444,8.333333333333334,0.0
859740295,859740419,18.628,700,1480.24025495196,3.2812157902567316,5.677163951031241,10.204045304651695
859740295,4226733444,765.599,700,1593.006370924165,162.07244599804304,4.723807278192398,519.6752127523256
4226733444,4226733456,11.508,700,570.4020133620493,0.85500195332649,13.459618373065364,1.3947177107845095
863427746,2953477188,37.887,700,0.0,4.54644,8.333333333333334,0.0
863427746,1845880574,415.394,700,170.52515090120127,29.91598739696454,13.885351484074647,14.897393926768267
863427746,1273836210,137.212,700,0.0,9.879264000000001,13.888888888888886,0.0
2953477188,863427919,2733.25,700,0.0,196.794,13.888888888888888,0.0
2953477188,2953418856,931.3529999999998,700,63.51720391610444,67.05774484134533,13.888820779814864,12.440372532009073
863427862,2460656209,328.435,700,0.0,23.647319999999997,13.888888888888891,0.0
2460656209,2953418856,7.575,700,0.0,0.5454000000000001,13.888888888888886,0.0
6131607410,1324512048,24.81,700,0.0,2.9772,8.333333333333334,0.0
885819429,1324511714,17.062,700,0.0,2.04744,8.333333333333334,0.0
6129437468,885930833,14.659,700,0.0,1.055448,13.888888888888891,0.0
6292387763,6292387764,11.08,700,0.0,1.3296,8.333333333333334,0.0
4331494990,4331494989,8.869,700,0.0,1.0642800000000001,8.333333333333332,0.0
4331494788,4331494787,9.031,700,0.0,1.08372,8.333333333333334,0.0
6292295419,6292295418,18.778,700,0.0,2.25336,8.333333333333334,0.0
4357604403,1024466676,61.844,700,0.0,7.42128,8.333333333333334,0.0
6302449670,6302449671,18.485,700,0.0,2.2182000000000004,8.333333333333332,0.0
1024462915,4460618179,16.847,700,0.0,2.02164,8.333333333333334,0.0
6290870789,6290870788,16.107,700,893.6421736194766,2.304225244218918,6.990202038802816,4.534573331579448
1273881006,2887449498,22.573,2000,2422.283808148921,9.525005578338497,2.369867378485834,36.567259640003066
1042083418,4938677858,20.766,700,0.0,2.49192,8.333333333333332,0.0
6302579235,6302579236,23.913,700,0.0,2.86956,8.333333333333334,0.0
3344168904,1840954996,17.887,700,0.0,2.14644,8.333333333333334,0.0
6277607301,6277607302,13.128,900,0.0,1.1815200000000001,11.11111111111111,0.0
4332836775,4332836776,12.149,700,0.0,1.45788,8.333333333333332,0.0
4332836779,4332836778,15.394000000000002,700,872.1442703046553,2.169283187622228,7.096353342817131,4.181313190774808
5008490468,5008490469,12.413,700,0.0,1.48956,8.333333333333334,0.0
4351598103,4351598102,14.201,700,0.0,1.70412,8.333333333333334,0.0
6129383105,6129383104,12.921,700,0.0,0.930312,13.888888888888888,0.0
1253409724,4351472328,12.295,700,0.0,0.88524,13.888888888888888,0.0
1256325945,1258299433,13.201999999999998,700,659.2084556163336,1.674373485723342,7.8847402401959545,2.5053570217578973
1256325945,1256325857,923.8550000000001,700,9.908356419894906,110.86260032193312,8.333333309134225,2.5322197480927864
1256325857,1256325874,17.181,700,16.61585239475875,2.061720047347194,8.33333314195917,0.07897088897140843
4332905878,4332905879,14.674,700,0.0,1.76088,8.333333333333334,0.0
1258299433,6292504385,951.9069999999999,700,659.2084556163336,120.72775652737839,7.8847402401959545,180.6443634684514
4332890927,4332890926,16.7,700,0.0,2.004,8.333333333333332,0.0
5802742296,5802742297,15.804999999999998,700,0.0,1.8965999999999998,8.333333333333334,0.0
4335662821,4335662822,23.29,900,0.0,2.0961,11.11111111111111,0.0
1258299192,1271066659,9.406,700,0.0,0.84654,11.111111111111112,0.0
6292469242,6292469243,14.494,700,0.0,1.73928,8.333333333333334,0.0
6292504385,6292503284,15.41,700,19.559827161212983,1.109520048929328,13.888888276395225,0.06338619576268824
6292221251,6292221252,9.589,700,0.0,1.15068,8.333333333333334,0.0
1271066859,1271066724,10.036,700,7.056300144513983,1.204320000899544,8.333333327108907,0.019589964763676037
1271066726,6290628124,24.964,900,0.0,2.24676,11.11111111111111,0.0
4335620654,4335724063,24.25,900,0.0,2.1824999999999997,11.111111111111112,0.0
4336098602,4336098601,13.12,900,0.0,1.1808,11.111111111111109,0.0
1305701793,1305701494,26.466,900,0.0,2.3819399999999997,11.111111111111112,0.0
6302568887,6302568886,14.024,1200,0.0,1.26216,11.11111111111111,0.0
1272006384,1314927795,404.761,700,0.0439590368391087,36.42849,11.111111111111112,0.004110449152077779
6131289426,6131289425,14.521000000000003,700,0.0,1.7425199999999998,8.333333333333334,0.0
1272936908,3737747681,163.103,700,644.4518156088126,13.72633082906037,11.882490815002829,23.490038546966854
4332625719,4332625720,13.566,700,0.0,1.62792,8.333333333333334,0.0
6302568886,6302568885,12.077,700,462.402846397427,0.8815209896073241,13.700184275112647,1.1795199391275677
3414621157,4166262964,366.015,700,92.32206836419888,43.922761338527586,8.333150941467421,9.347750386618024
1273121876,1305702148,30.561,900,0.0,3.66732,8.333333333333332,0.0
3951045137,3951045136,12.821,900,31.564964685272624,1.153890126293754,11.111109894995382,0.0934909740442926
1273452700,1273984713,18.197,700,9.271615295637952,1.310184002916942,13.888888857967213,0.03547988705731322
1273889928,1577492137,50.734,700,674.7368131730258,4.851196852460262,10.45803778798844,8.175277551924527
1273889928,1273586184,18.181,700,1506.4796983030349,4.175435130270378,4.354276723926184,12.400483792216875
1746707947,1746707950,12.482,700,857.4198973266682,1.0450446634716961,11.94398711968358,2.386016028833418
1273455151,1575375286,18.095,700,545.1321947703789,1.3375035090644398,13.52893646810477,2.0922028167285274
1273455151,1273892318,804.8330000000001,700,22.144026009373466,57.947980197964085,13.88888788272687,3.7479121093172654
1575375286,1273834998,1024.336,700,535.3280180236375,94.47131180668602,10.842826043276185,128.34260759998645
1273892318,1273589838,39.858,700,22.144026009373466,2.869776207897102,13.888887882726895,0.18560904045083584
1273598604,1746796469,10.651,900,0.0,0.95859,11.11111111111111,0.0
1577564129,1746796486,11.922,900,1184.9498097702988,0.8708078388569039,13.690735737576532,2.984507719859823
1273525541,1273979931,42.355,700,1058.522222638696,7.00507175160606,6.046333499765969,15.798463716404012
1273589838,1575375167,713.604,700,22.144026009373466,51.37949172211869,13.888887882726873,3.3230807793135195
1575375167,1575375027,19.113,700,22.144026009373466,1.37613609969234,13.888887882726902,0.08900460610509363
1273589867,2886412253,35.712,700,0.0,2.571264,13.88888888888889,0.0
4368053290,4368053291,11.354,1200,0.0,1.02186,11.11111111111111,0.0
4343330532,4343330533,10.752,900,0.0,1.93536,5.555555555555556,0.0
1273607730,4337714452,28.374,700,0.0,5.1073200000000005,5.5555555555555545,0.0
4578541020,4578541021,16.801,700,0.0,2.01612,8.333333333333332,0.0
1273645986,5396195308,15.744,700,992.5244499332651,2.441656632387222,6.448081106558787,5.2382184336244615
1841171184,1841171186,10.836,700,0.0,1.30032,8.333333333333334,0.0
1273661112,4343079853,269.958,700,0.0,19.436976,13.88888888888889,0.0
1273689014,1273986850,10.421,700,0.0,1.2505199999999999,8.333333333333334,0.0
4337268535,4337268536,10.977,700,0.0,1.31724,8.333333333333334,0.0
1273718055,4040964440,153.371,700,0.0,11.042712,13.88888888888889,0.0
4040964440,7330263487,41.06,700,0.0,2.9563200000000003,13.888888888888888,0.0
4328118507,8483202821,246.133,900,1521.3224952022454,35.23456026587495,6.9855561739018635,118.02380081676405
4362005183,4362005184,13.304,700,0.0,1.59648,8.333333333333334,0.0
1273754755,4272328367,10.102,700,866.202453119148,0.9188178828505981,10.994561804412125,2.032765396076089
4272328367,3649829081,1314.103,700,1471.707314956775,128.7167570701206,10.209261248588795,468.38178658275825
1273770886,1757657109,116.393,700,0.0,10.47537,11.11111111111111,0.0
6302855148,6302855149,15.633,900,0.0,1.40697,11.11111111111111,0.0
1273812537,5434261104,9.944,700,0.0,0.715968,13.88888888888889,0.0
6292681697,6292681696,9.857,700,0.0,1.18284,8.333333333333334,0.0
1273818292,4336045817,25.521,900,0.0,2.2968900000000003,11.11111111111111,0.0
4352897781,4352897782,12.432,900,96.59718793766731,1.118890740826044,11.111004449658616,0.2774278905759783
1273834998,5380586773,18.406,700,907.2935651667028,1.9947351419593382,9.227290186465867,4.30834968222507
5380586773,1578886585,612.917,700,818.5797376940658,41.74976694281056,14.680728657469698,103.85517598379948
1273841800,1369163280,52.224,700,1084.1046683522025,6.656172452476686,7.8459505628595965,16.357451394699297
1273841800,1369042879,898.0539999999999,700,897.8477255906712,65.45111268392932,13.720989043177955,170.2222136400748
1273841800,1354143292,88.083,700,367.9330224589422,7.971240730454651,11.050099097305276,7.508633348779006
1354143292,5670155602,10.028,700,0.2825783845515197,0.90252,11.111111111111112,0.0006546297150732663
1348442734,1348442727,14.775,900,0.0,1.3297500000000002,11.111111111111109,0.0
1273852834,1826853898,258.379,700,501.3685725590131,23.69680260481719,10.903538519896165,30.22800496876402
1273852834,1847810026,55.89,700,903.8091459796824,6.041347965973489,9.2512466282008,13.009939725120855
1826853898,1826853913,121.39,700,0.0,10.9251,11.11111111111111,0.0
1847810026,7330263487,1250.926,700,666.0968235682702,119.26059088032609,10.489013938017976,198.65715022984494
1847810026,4356786037,612.664,700,903.8091459796824,52.98001660726686,11.564058285251,125.35860765393323
1577492137,2887298636,10.657,700,674.7368131730258,0.815219850304236,13.072547234985581,1.5439025855946207
1273925987,1577491932,80.775,700,783.7226312546754,6.476848203855511,12.471343693359465,13.848088946856112
1577491932,1575375357,376.148,700,783.7226312546754,30.160984192929035,12.471343693359465,64.48691997749344
1273936570,1841059656,12.882000000000001,900,0.0,1.15938,11.11111111111111,0.0
5049902695,5049902694,9.469,700,0.0,1.13628,8.333333333333334,0.0
1273953082,4272187793,45.456,700,8.130691812754007,4.091040005386632,11.11111109648122,0.08538098645876803
4272187793,1306112713,1258.642,700,0.0,113.27778,11.11111111111111,0.0
1273953764,5589339743,13.269,700,0.0,0.955368,13.88888888888889,0.0
5589339743,5589339744,10.329,700,0.0,0.7436879999999999,13.888888888888891,0.0
1578885888,1938227611,372.532,700,942.8982917954232,33.20978455468977,11.217537391322592,80.74581037877337
1287275166,2833304395,10.045,700,0.0,1.2054,8.333333333333334,0.0
1295958817,1295958851,13.964,900,126.8175996855705,1.256795839892826,11.110794256918282,0.4091083139032327
1296147623,5056686922,18.002,900,0.0,1.62018,11.11111111111111,0.0
4274224209,4077576808,40.709,2000,24.811505761895575,2.442540002258982,16.66666665125251,0.20394797934083794
4365524354,4365524355,30.557999999999996,900,24.84423121946949,2.7502218483572043,11.111103643603615,0.17538526106107336
1305070575,4272035805,35.584,900,1098.9061350626278,3.7174754276375337,9.57208748051194,9.851991366420341
4375709615,4375709616,11.262,900,0.0,1.01358,11.111111111111112,0.0
1305701219,1305701365,27.335999999999995,900,0.0,2.4602399999999998,11.11111111111111,0.0
1305701292,1305701442,26.993,900,9.832224417749291,2.4293700025032057,11.1111110996623,0.06131198675739527
1305701969,1305701543,28.262999999999998,900,0.0,2.54367,11.11111111111111,0.0
1305701570,1305701995,26.856,900,0.0,2.41704,11.11111111111111,0.0
6131453007,6131453006,14.132,700,0.0,1.69584,8.333333333333334,0.0
4337472727,4337472728,15.408,700,0.0,1.84896,8.333333333333334,0.0
1330621955,1330621806,18.503,700,0.0,1.66527,11.11111111111111,0.0
1330622058,1330685045,10.502,700,0.0,0.7561439999999999,13.888888888888891,0.0
6277679142,6277679141,15.888000000000002,700,0.0,1.9065599999999998,8.333333333333334,0.0
6129302975,1344313590,18.546,700,0.0,2.22552,8.333333333333334,0.0
1342139026,1342138992,9.089,700,0.0,1.0906799999999999,8.333333333333334,0.0
1342138940,1342139095,22.15,700,795.8917868920859,1.986216973498266,11.15185314371161,4.064811540335472
1343053257,2637042666,168.678,700,0.0,12.144816,13.888888888888888,0.0
1343446359,1343446764,10.563,700,0.0,1.26756,8.333333333333334,0.0
1344415894,1345379671,1064.44,700,0.0,76.63968,13.88888888888889,0.0
1345485748,2381102758,21.659,700,0.0,1.5594480000000002,13.888888888888888,0.0
2381102758,2381104245,2416.054,700,0.0,173.95588800000002,13.888888888888888,0.0
1345486038,3738203652,15.51,700,0.326130428915718,1.11672,13.88888888888889,0.001063726918243636
1348442712,1348442717,14.041,900,0.0,1.26369,11.11111111111111,0.0
4399296533,6129215359,12.229,700,0.0,1.4674800000000001,8.333333333333332,0.0
2832607564,2832607565,15.744,700,0.0,1.88928,8.333333333333332,0.0
4366930361,4366930360,10.967,700,0.0,1.3160399999999999,8.333333333333334,0.0
1359116352,2534611428,27.717,700,1097.5552366356535,2.868109820966334,9.663855894702625,7.618399311648853
1359116352,1359116524,521.917,700,1274.0952082201402,67.4123055371125,7.742162144456978,194.01139054765136
1359116475,6047167140,788.889,700,1329.5774604419114,110.2782458306723,7.153623038321687,324.67730027815026
4368145528,4368145527,15.227,700,0.0,1.82724,8.333333333333334,0.0
4363635906,4363635905,15.701000000000002,700,0.0,1.88412,8.333333333333334,0.0
4363663819,4363663820,15.844,700,0.0,1.90128,8.333333333333332,0.0
6047167128,6047167135,10.234,900,0.0,0.92106,11.11111111111111,0.0
1359117059,1359117068,9.514,900,0.0,0.85626,11.11111111111111,0.0
1359117068,6047167130,14.680000000000001,900,0.0,1.3212000000000002,11.111111111111109,0.0
2848760385,2848760384,18.091,700,0.0,2.1709199999999997,8.333333333333336,0.0
1367679757,1367679832,26.251000000000005,700,0.0,1.890072,13.88888888888889,0.0
1367679992,1367680088,212.763,700,1830.11969781048,0.555414030007134,44.703925898772425,340.1810624963154
1367680088,1367680102,29.878,700,2103.853079939106,0.12292007400065999,44.703925898772425,54.91632461981978
1367680102,1367680196,390.239,700,1125.2591064406763,0.344944667961822,44.703925898772425,383.63457312293184
6007974391,1368673206,48.418,700,522.8196974810561,4.455711468484374,10.866502542290862,5.917699324844007
6302855174,6302855173,8.097,900,0.0,0.72873,11.11111111111111,0.0
3736744780,3672786681,21.396,700,151.17629393852624,1.540754423087652,13.886703604019317,0.6802439536051614
4368709385,4368709386,16.154,700,0.0,1.9384800000000002,8.333333333333332,0.0
1381308439,4275766257,35.775,700,979.4023458304418,5.483089333831404,6.524606443900777,11.638704725369688
6292239174,6292239175,7.9,700,676.4769860623503,1.007812858423752,7.838756902105641,1.5450633819641852
1381395662,4366616513,104.021,700,0.0,12.482520000000001,8.333333333333332,0.0
1381395662,6027834423,94.747,700,125.60077337117104,6.822295494929664,13.887847583033608,2.502620487266557
4366616513,4366616512,11.017,700,0.0,1.32204,8.333333333333332,0.0
6027834423,3126718357,16.439,700,125.60077337117104,1.183696746505416,13.887847583033619,0.4342151011659996
1381396012,4366616512,343.965,700,0.0,41.275800000000004,8.333333333333332,0.0
1384282209,1384282412,424.901,700,0.0,38.24109,11.11111111111111,0.0
1382546108,1382565358,54.455999999999996,1200,0.0,4.90104,11.11111111111111,0.0
1382565339,6032982297,15.920000000000002,1200,0.0,1.4327999999999999,11.111111111111112,0.0
4335724068,4335724067,22.454,900,0.0,2.0208600000000003,11.111111111111109,0.0
1382690336,1382690505,1077.466,700,0.0,77.57755200000001,13.888888888888886,0.0
4145455862,4145455868,38.271,700,0.0,4.59252,8.333333333333332,0.0
1394788148,1394788172,812.7709999999998,700,20.855419219613363,73.14939082356045,11.111110986015445,3.915881831896336
1394788172,4080324082,121.69,700,20.855419219613363,10.952100123305417,11.11111098601545,0.5862951066456175
3265079415,3265079416,16.9,900,534.7304459162436,1.534710872743248,11.011846139977997,2.097583856164586
5474383330,5474383238,48.349,700,566.660325741434,5.98211290577913,8.082261361749218,7.746626268924774
1404129816,3756611513,26.24,700,0.0,1.88928,13.888888888888888,0.0
4202201289,5460585605,8.138,700,1088.2487268531956,0.694606837580496,11.715980263521248,1.992336377704355
1408095155,2833362059,12.003,700,259.7670795670235,0.8642900990912761,13.887698138183097,0.6557111884596604
1408095155,4232295990,109.20400000000001,700,1241.9767266728904,8.2149607142898,13.293307636887572,28.94337466320791
2833362059,6816453258,12.208,700,0.0,0.878976,13.88888888888889,0.0
2833317251,2833317250,10.864,700,895.7909979211784,1.5565934308017,6.979343343627412,3.069515773332263
1410761960,3475457101,27.959999999999997,900,1301.2798206032442,3.421494492129804,8.171867604730682,10.206217183871324
1422684264,2687164513,223.82699999999997,700,0.0,13.42962,16.666666666666668,0.0
2687164513,5984044880,169.394,700,1533.6760697034672,27.105377700289555,6.249460969444098,89.2263313148299
1425314572,1835606557,11.507,700,0.0,0.828504,13.888888888888888,0.0
4358119064,4358119065,17.865,1200,156.5807853893847,1.6078837163605202,11.110878117752081,0.6462323691458689
1470172113,4261132461,15.222,700,0.0,1.8266399999999998,8.333333333333334,0.0
3951062360,3951062361,23.996,900,0.0,2.15964,11.11111111111111,0.0
1570774999,4285378993,14.177000000000001,700,0.0,0.85062,16.666666666666664,0.0
1570774999,4785198885,2097.812,700,0.0,125.86871999999998,16.666666666666668,0.0
4285378993,4285378990,29.167,700,0.0,1.75002,16.666666666666668,0.0
8156657717,8156645716,7.806,900,0.0,0.70254,11.11111111111111,0.0
1572589640,3759247709,8.922,700,2177.985021701821,4.997386263399887,1.7853332781865192,14.914049625471684
8013723183,5467901749,8.527,900,0.0,0.76743,11.11111111111111,0.0
1573127009,4353244477,11.293,700,0.0,1.35516,8.333333333333334,0.0
1574755567,6291571872,8.44,700,0.0,1.0128,8.333333333333334,0.0
1575375027,1752556174,6004.958,700,76.96425717860353,432.3615465968288,13.88874206613832,97.19132931136318
1575375128,1575375357,14.931000000000001,700,0.0,1.075032,13.888888888888888,0.0
1575375128,5045616007,1219.395,700,913.010396479768,106.17679574340673,11.484571477810121,252.90003832940496
4194294462,5711838590,166.259,900,626.5638686020309,9.515768989351471,17.47194579713426,20.918879094663748
4368167757,4368167758,17.656,700,0.0,2.11872,8.333333333333332,0.0
1577491985,1577492201,13.281000000000002,700,156.91396680147554,0.9564066561144121,13.886352541665325,0.43827249905526505
1577492201,1577952901,56.983,700,807.1814592544458,4.627506891095281,12.31397409902349,10.116049879417151
6300395390,6300395395,17.939,700,0.6622328480442233,2.15268000000012,8.333333333332869,0.0032862825830534442
1577952901,1577952883,10.942,700,0.0,0.7878240000000001,13.888888888888888,0.0
6302571555,6302571554,12.401,700,0.0,1.48812,8.333333333333332,0.0
1746771546,1746771540,89.538,700,1688.4494688625327,22.232524210559962,4.027342966187861,72.43481494389157
6290715358,6290715357,10.088,700,0.0,1.21056,8.333333333333332,0.0
6129242513,6129242514,9.731,700,0.0,1.16772,8.333333333333332,0.0
1941296720,1941296732,9.397,700,0.0,1.1276400000000002,8.333333333333332,0.0
1804901715,1804901730,36.302,700,1527.1232750839636,6.896600753850972,5.263752578359627,21.751132565326046
1617053754,1756940732,1654.62,700,0.0,148.91580000000002,11.111111111111109,0.0
1617053754,1617053825,1050.122,700,0.0,94.51098,11.11111111111111,0.0
1756940732,1617053825,1322.787,700,0.0,119.05082999999999,11.111111111111112,0.0
1756940732,1760799303,5383.706,700,386.0681702177316,390.2212738168606,13.796546629404657,438.0140711679543
1617053825,1617053836,67.455,700,1522.4816915557233,15.898360243235107,4.242890396744073,47.387648559065624
1617053836,1757278876,434.7579999999999,700,638.2623365746875,41.08463542160704,10.582009443154364,65.82782606223084
1617053836,1617053951,1235.109,700,884.2193549810356,105.30551233841882,11.72881620888703,245.5587493927737
1757278876,1758292907,421.853,700,0.0,30.373416,13.88888888888889,0.0
1757278876,1617053926,1168.748,700,638.2623365746875,88.3573583091879,13.227511803942955,159.47435528042433
1617053951,1617053971,364.722,700,716.8270937386981,28.348925219076108,12.86546128932525,56.47664367844197
1617053951,3739702478,388.366,700,0.0,34.95294,11.11111111111111,0.0
1617053885,1758293457,512.773,700,311.2491904830898,37.02404739060377,13.849728383022091,33.59275549850691
1617053885,1759542687,218.45799999999997,700,421.1278880576001,19.847531896661717,11.006809367402697,21.359212357821466
1758293457,1759542884,20.384,700,4.822094059881836,1.834560000298842,11.111111109301158,0.022707406774592476
1758293457,1758293496,96.41,700,309.2355343292757,6.9606443316305215,13.850729243827931,6.27500133645572
1759542687,1617053892,15.125,700,421.1278880576001,1.374149355651924,11.006809367402713,1.4788109701272087
1617053892,1758293414,636.728,700,421.1278880576001,57.84855344962246,11.006809367402695,62.2545686867542
1758293414,1617053933,232.268,700,425.65760541153,21.11087098853405,11.002293563640825,22.958727082132114
1758293414,1758293496,502.287,700,26.451042073966825,36.164669333713626,13.888886840498643,2.7939702304325835
1617053943,1617053971,434.407,700,0.0,39.09663,11.11111111111111,0.0
1617053971,1758293496,916.143,700,716.8270937386981,71.20949489468703,12.865461289325252,141.86334185900182
1758293496,1759542884,105.29499999999999,700,825.4835346560784,8.641831203141852,12.184338888928844,19.20502726900784
4341620362,4341620363,10.149,700,0.0,1.21788,8.333333333333332,0.0
1674134014,4829727160,7.263,700,0.0,0.5229360000000001,13.888888888888888,0.0
5413129573,7015621728,19.852,700,0.0,2.3822400000000004,8.333333333333332,0.0
1707800056,4368666511,28.987,700,915.3157771802842,2.3496100294217284,12.336940869772377,5.830698320205534
1712297563,3509285998,11.562,700,0.0,0.832464,13.88888888888889,0.0
2477162365,2477162366,14.386999999999999,700,0.0,1.72644,8.333333333333334,0.0
1745996650,4765289121,2054.243,700,0.0,147.905496,13.88888888888889,0.0
1746771522,3649829081,9.093,700,1694.9224968324577,0.94554542840703,9.616671739737633,3.871575108739332
1746771522,7383217303,15.055000000000001,700,945.5843800392064,1.375347575985834,10.946323869592558,3.3148335676993796
1746796489,1841059573,11.571,900,1683.487646943158,1.570913209840386,7.365779298001882,5.898199942705871
1752989168,3759223890,1939.61,900,1776.0046934229122,325.3756660621195,5.961140313515937,1227.3256497933344
5724092515,5724092516,14.056,900,48.612623415841504,1.265040778926948,11.111104269636899,0.15785320311808718
1755155773,5589085008,14.77,1200,105.17263037733971,1.32930567381588,11.111063686053122,0.3588613225498826
1755155773,3122728365,23.7,1200,0.0,2.133,11.11111111111111,0.0
4366943117,4366943118,16.27,1200,1506.6486898197943,1.727520279591054,9.41812388092573,6.240428588994763
6292424472,6292424471,16.944,700,0.0,2.03328,8.333333333333332,0.0
1759542884,6023368552,146.007,700,830.3056287159602,15.022294667330321,9.719354015703619,30.25131225707504
1759655317,4347589942,4.992,700,0.0,0.29952,16.666666666666668,0.0
1760799452,1760799379,18.69,700,386.0681702177316,1.354686828671016,13.796546629404665,1.5206036492574184
1760799343,1760799379,33.048,700,0.0,2.3794560000000002,13.888888888888888,0.0
4346274131,4346274132,14.453,700,0.0,1.7343600000000001,8.333333333333332,0.0
1767758546,1767758548,13.934000000000001,700,0.0,1.67208,8.333333333333332,0.0
1809564424,4284437401,1393.346,700,0.0,125.40114,11.11111111111111,0.0
4284437401,1826853913,56.049,700,0.0,5.04441,11.11111111111111,0.0
1814003862,5120653592,123.135,700,1785.5194220045262,40.01584176180656,3.077156310567161,126.27932327103748
5762617139,5762617136,22.83,700,155.28417493804318,1.6440479528082181,13.886456268507132,0.7455622962129863
5794680517,5794680516,13.996,700,0.0,1.007712,13.88888888888889,0.0
1814195452,1814940168,18.477,700,0.0,1.330344,13.88888888888889,0.0
6302440064,6302440063,10.277,700,0.0,1.23324,8.333333333333334,0.0
1814196825,1814196876,78.16,700,0.5303050663851384,5.627520000000132,13.888888888888562,0.008716404113731294
1814939575,4054790942,172.204,700,0.0,15.498359999999998,11.111111111111112,0.0
3951088453,3951088454,24.44,900,0.0,2.1995999999999998,11.111111111111112,0.0
1825961131,4356786037,10.038,700,1167.465396127284,1.127246565987234,8.904884080271113,3.0960119984866297
1831121665,6315360064,257.018,700,0.0,18.505296,13.888888888888886,0.0
1831121665,3344678230,14.347,700,1062.1403962418767,1.429075402715298,10.039358296098406,3.7276923964330995
3344678230,5883334476,114.88000000000001,700,1062.1403962418767,11.442962449566714,10.039358296098394,29.84856084911377
1831121679,3344678243,15.47,700,787.084877174728,1.242630312564588,12.44939854080368,2.665529326625343
1831121679,3344672203,233.93900000000002,700,674.9796868615978,17.896956431928217,13.07144043680255,33.90451817858715
3344678250,5762617152,997.834,700,863.3293016329927,83.86865341792767,11.89757983865166,192.40240660987214
1831121693,5762617353,442.42900000000003,700,0.0,31.854888000000003,13.888888888888888,0.0
1831121693,3346478396,1154.237,700,0.0,83.105064,13.88888888888889,0.0
5762617353,5762617152,18.855,700,1.0213181704554946,1.357560000000444,13.888888888884347,0.004049623288410397
1835738675,3759070865,12.128,700,1024.628524229245,1.45398959285142,8.341187625845224,3.4352752345441537
1835738675,4134658361,267.757,700,1673.5271722145485,81.04744837561906,3.303706722006408,245.90788780582363
1837272288,2833675292,539.342,700,777.460978679764,48.87472526166006,11.035192466300954,97.21938559326095
2833675292,2833684004,15.193,700,777.460978679764,1.214306553254034,12.511667633915511,2.5804024552631257
1840977021,1840977020,16.064,700,580.7590519998771,1.164438314779644,13.795492467147064,1.9660882782040243
1840977021,7085445128,22.722,700,1778.3545797935374,2.609765593731504,8.706529067046038,10.84072214012797
7085445128,4356668506,78.805,700,1665.517816431578,8.272279062926351,9.526395253416707,33.169119721374535
1841300518,4284464016,231.004,700,1336.8994624824288,32.63969937443841,7.077393616587947,96.3772706715093
6128998296,6128998297,29.938,900,0.0,2.69442,11.11111111111111,0.0
1842066758,3663141583,16.095,700,0.0,1.9314000000000002,8.333333333333332,0.0
4341331576,4337745395,7.270999999999999,900,23.36164694092725,0.6543900214905061,11.111110746216488,0.03924099944360834
6302477701,6302477702,15.822,700,0.0,1.8986399999999999,8.333333333333334,0.0
3370211399,3370211400,17.244,900,0.0,1.55196,11.11111111111111,0.0
3421715537,3421715536,16.448,700,415.507627399097,1.9914849271954318,8.259163690062866,1.902605833171575
6129107407,4687733956,11.426,1200,0.0,1.02834,11.11111111111111,0.0
6292292769,6292292770,15.283999999999999,700,0.0,1.8340800000000002,8.333333333333332,0.0
1951269629,1951269642,19.809,700,0.0,2.37708,8.333333333333334,0.0
3663132185,3663132186,17.387,700,88.62009379902791,2.0864787711637076,8.333178482473905,0.4262442552382067
2055741330,4569365858,174.344,700,422.9014376628356,15.8421699174378,11.005058076551494,17.1193069411264
4333045971,4333045970,15.58,900,1142.3766770740926,1.6654955454001799,9.354573203770705,4.550867078941348
2146336251,8329325321,9.954,700,0.0,1.19448,8.333333333333334,0.0
6292604455,6292604454,9.972,700,0.0,1.19664,8.333333333333334,0.0
4341331578,4341331577,11.502,900,855.6891813964496,1.096369411246038,10.490989516870805,2.346270055079546
4337745396,4337745395,13.786,900,548.7475843092418,1.253144164193274,11.001128516506236,1.7568447458210248
2166224153,5049882985,13.281000000000002,700,0.0,2.3905800000000004,5.555555555555555,0.0
2390246503,5572366905,7.79,900,28.14525315722707,0.467400002021088,16.666666594598205,0.04427091194942651
2390246503,6617238591,417.88699999999994,900,546.5143895319746,25.08863319847381,16.656427502213266,46.118257475711964
6479657236,6177044145,21.856,700,0.0,2.62272,8.333333333333334,0.0
4341257598,4341257597,10.272,700,0.0,1.23264,8.333333333333334,0.0
4337472725,4337472726,20.354,700,0.0,3.66372,5.555555555555555,0.0
5463096109,5463096108,12.286,700,0.0,1.47432,8.333333333333332,0.0
4357989263,4357989262,17.237,900,0.0,1.55133,11.111111111111109,0.0
4545719490,4545719489,7.817,700,0.0,0.9380399999999999,8.333333333333334,0.0
2542288889,4368053292,16.546,1200,623.7389999115892,1.9960040034483362,8.289562531645629,2.8656051758612615
2542288889,4362157927,15.342,1200,885.9917262677467,1.880615205649602,8.157968708277336,3.817676693655977
2687164507,5984044880,70.021,700,1581.276505152331,12.115057744865165,5.779667045307947,40.40862965692052
2761900769,2761900771,13.908,700,1138.9204500987196,1.886253960363204,7.373344359908976,4.792496016670353
6302866756,6302866757,13.204,700,0.0,1.58448,8.333333333333334,0.0
4382868366,4382868367,15.566999999999998,700,0.0,1.86804,8.333333333333334,0.0
2843704375,4358112700,28.915,900,0.0,2.60235,11.11111111111111,0.0
4375941194,4375941195,13.078999999999999,900,0.0,1.17711,11.11111111111111,0.0
4375940783,4375940784,11.76,900,0.0,1.0584,11.11111111111111,0.0
2833725845,4351837823,17.919,700,0.0,2.15028,8.333333333333334,0.0
2833725848,2833725847,17.307,700,0.0,2.07684,8.333333333333334,0.0
5729205051,5729205052,4.68,2000,915.8078074965392,0.28128202948465203,16.638105209118454,0.8656224102367437
4341257618,4341257619,8.319,700,0.0,0.9982800000000001,8.333333333333334,0.0
2948080439,5589324863,287.65,700,683.9439908355523,22.07617875892651,13.02988180795051,42.292898957086464
3036360882,3036360903,42.927,900,0.0,3.86343,11.11111111111111,0.0
3063623164,3789484199,21.593,900,1455.284941500942,1.9362768877254297,11.151814152657467,7.245601954341673
3109724269,5589339744,14.738,700,392.9715149218876,1.0687601151635522,13.78981100707023,1.2207033789024644
4375989804,4375989805,4.253,700,0.0,0.5103599999999999,8.333333333333334,0.0
6047105414,6047105415,16.709,700,0.0,2.0050800000000004,8.333333333333332,0.0
5883334476,5120674550,10.794,700,1062.1403962418767,1.07516832068787,10.039358296098445,2.804538351369541
6047105418,6047105417,16.367,700,0.0,1.96404,8.333333333333334,0.0
5589066952,5589066951,12.906000000000002,700,0.0,1.54872,8.333333333333334,0.0
4357962684,6290624656,18.713,900,0.0,1.68417,11.111111111111112,0.0
3536212356,3536212355,10.181,700,0.0,1.2217200000000001,8.333333333333332,0.0
3626018979,5711838600,13.313000000000002,700,0.0,0.9585359999999999,13.888888888888891,0.0
3626018979,4374853084,9.385,700,15.2143221202345,0.6757200109081499,13.888888664680518,0.03002713635551983
5711838600,5711838599,14.126999999999999,700,1497.2568185257214,2.557218587041362,5.524361535454264,7.9948428117449275
6302880063,6302880062,11.365,700,0.0,0.81828,13.88888888888889,0.0
4368167755,4368167756,18.152,700,0.0,2.17824,8.333333333333334,0.0
4354250483,4354250482,12.086,700,0.0,1.45032,8.333333333333334,0.0
3703610998,5726327134,20.91,900,0.0,1.8819,11.111111111111112,0.0
3703611001,3703611000,32.681,900,0.0,2.94129,11.11111111111111,0.0
3703611004,3703611003,32.434,900,0.0,3.8920799999999995,8.333333333333334,0.0
7778156636,7778156635,14.648000000000001,900,1115.8428171508676,1.543655266176114,9.489165308447063,4.14094039859329
3736694443,3736694444,13.585999999999999,900,0.0,1.6303200000000002,8.333333333333332,0.0
3736714672,4365491326,5.941,700,22.184528236029426,0.534690039019074,11.111110300276357,0.030447540606569422
3736714672,5213227842,11.384,700,585.4425309901633,0.9429526748078819,12.072716165017917,1.4786250751227275
4368005786,4368005787,13.945,700,0.0,1.6734,8.333333333333334,0.0
6294869896,6294869897,13.42,1200,0.0,1.2078,11.11111111111111,0.0
5718485036,5718485035,14.226999999999999,700,0.0,1.70724,8.333333333333334,0.0
7058930527,7058930526,19.899,900,0.0,1.79091,11.111111111111112,0.0
4331517663,4331522684,14.148,700,903.8091459796824,1.223445926249316,11.56405828525101,2.894855224214002
7847837435,7847837434,18.601,700,0.0,2.23212,8.333333333333332,0.0
4497392693,4497392692,13.429,900,0.0,1.2086100000000002,11.111111111111109,0.0
8013723177,8013723178,8.632,900,0.0,0.77688,11.11111111111111,0.0
5718485019,5718485018,14.463,900,0.0,1.3016699999999999,11.11111111111111,0.0
4344532847,4344532846,9.876,700,0.0,1.7776800000000001,5.5555555555555545,0.0
6292596720,4199807654,16.259,700,0.0,1.95108,8.333333333333334,0.0
4335637474,4335637473,24.051,900,980.6156838002,2.385272159363208,10.083126114388914,5.754313641939672
6300728523,6300728522,19.55,900,0.0,1.7595,11.11111111111111,0.0
4336045818,4336045819,25.910999999999998,900,0.0,2.33199,11.111111111111112,0.0
4015833534,4015833535,14.704000000000002,700,0.0,1.76448,8.333333333333334,0.0
4042421393,6129505181,12.495,700,0.0,1.4993999999999998,8.333333333333334,0.0
4053604157,4053604158,13.498,900,0.0,1.21482,11.11111111111111,0.0
4112539411,6829179661,14.737,900,0.0,1.32633,11.11111111111111,0.0
4139638809,6131565503,12.759000000000002,700,707.5092371439227,1.6466647280654159,7.748389688889439,2.6321785142166343
4200839797,4347782940,20.594,1200,301.1706801177534,1.8539919554556539,11.107923062664332,1.433049252320832
6302622132,6302622131,11.501,700,0.0,1.38012,8.333333333333332,0.0
4266808696,4266808699,13.974999999999998,700,0.0,1.677,8.333333333333332,0.0
4284612890,4284724868,250.618,900,2254.268405501524,57.85072901487564,4.332149382863551,256.7446561825353
4284792022,4341295254,10.338,700,0.0,1.2405599999999999,8.333333333333334,0.0
4341295256,4341295255,11.536,700,0.0,1.38432,8.333333333333334,0.0
4285378989,4285378990,9.659,700,0.0,0.5795399999999999,16.666666666666668,0.0
6292546899,6292546900,16.038,700,0.0,1.92456,8.333333333333334,0.0
4288572680,4288572910,304.227,700,859.972837446852,28.348680984807846,10.731610411187605,61.580717726048086
4288572910,4288572928,330.453,700,1630.235247066484,82.69302583214719,3.996141109538833,259.55168080974926
4288572910,5883334482,624.917,700,610.6052603322522,46.87841541095083,13.330591371781287,81.3482224054609
5883334482,5120671417,8.327,700,0.0,0.599544,13.88888888888889,0.0
4328613974,4328613975,13.963,900,0.0,1.2566700000000002,11.111111111111109,0.0
4331340383,4331376804,380.307,700,0.0,45.63684,8.333333333333334,0.0
4331443695,4331443696,8.851,700,0.0,1.59318,5.555555555555556,0.0
4331494991,4331494992,9.011,700,0.0,1.08132,8.333333333333332,0.0
4331443697,4331443698,9.061,700,0.0,1.08732,8.333333333333332,0.0
4332538364,4332538365,8.109,700,0.0,0.97308,8.333333333333334,0.0
4332613116,4332613117,8.215,700,0.0,0.9858,8.333333333333334,0.0
4332538378,4332538377,9.097,700,6.807593367336836,1.091640000706362,8.333333327941125,0.017131198914843927
4332625721,4332625722,13.688000000000002,700,0.0,1.64256,8.333333333333334,0.0
4333981476,4333981475,9.539,700,0.0,1.1446800000000001,8.333333333333332,0.0
4332964415,4332964417,10.803,700,0.0,1.29636,8.333333333333334,0.0
4332964419,4332964418,8.663,700,0.0,1.03956,8.333333333333334,0.0
4333981477,4333981478,9.834,700,0.0,1.18008,8.333333333333332,0.0
6131453004,6131453005,14.228,700,0.0,1.70736,8.333333333333334,0.0
4334559240,4334559242,14.680000000000001,700,50.55302196463947,1.761603466329984,8.333316935725271,0.205290919545619
4335620660,4335620661,23.453,900,0.0,2.11077,11.11111111111111,0.0
4335637471,4335637472,22.093,900,0.0,1.9883700000000002,11.11111111111111,0.0
6287549938,6287549937,23.652,900,0.0,2.12868,11.11111111111111,0.0
4335883542,4335883543,13.104,1200,65.86345720918204,1.17936077422248,11.111103816929221,0.19938432331444475
4335883542,6146712640,11.348,1200,0.0,1.02132,11.111111111111112,0.0
4336045809,4336045810,25.486,900,0.0,2.29374,11.11111111111111,0.0
4336162775,4336162774,23.616,900,0.0,2.1254399999999998,11.111111111111112,0.0
4341295257,4341295258,11.931,700,0.0,1.43172,8.333333333333332,0.0
4341295260,4341295259,12.261,700,0.0,1.10349,11.111111111111109,0.0
4341767886,5058947203,21.512,900,0.0,1.9360799999999998,11.111111111111112,0.0
4344532848,4344532849,9.242,700,0.0,1.10904,8.333333333333334,0.0
4346543001,4346543002,11.171,900,0.0,1.00539,11.11111111111111,0.0
4346555754,4346555755,11.061,700,0.0,1.32732,8.333333333333332,0.0
4346571268,4346571269,14.937,900,0.0,1.3443299999999998,11.111111111111112,0.0
4361829640,4361829639,21.991,700,0.0,2.63892,8.333333333333332,0.0
7117555925,5721315407,7598.488,700,1300.6582008568323,849.0113054022678,8.949807796021963,2602.1055955820993
4352786279,4352786282,15.858,900,0.0,1.90296,8.333333333333334,0.0
4361742955,4361742956,12.126,900,28.66752458343524,1.091340081267534,11.111110283713112,0.08030641266072161
4353165249,4353165250,10.806,700,0.0,1.2967199999999999,8.333333333333334,0.0
4354035769,4354035770,15.159999999999998,700,0.0,1.8192,8.333333333333334,0.0
4354624120,4354624126,91.67,900,1594.7456498613565,9.42249652776396,9.728844126382935,36.4574704871379
4354624126,4368442314,22.08,900,0.0,1.3248,16.666666666666664,0.0
4356245526,4356245527,9.548,700,0.0,1.14576,8.333333333333334,0.0
4355975718,4355975717,14.354999999999999,900,0.0,1.29195,11.111111111111112,0.0
4358027277,4358027276,10.443,700,0.0,1.2531599999999998,8.333333333333334,0.0
4358027279,4358027278,10.364,700,0.0,1.24368,8.333333333333334,0.0
4356631543,4356631544,14.859000000000002,700,0.0,1.78308,8.333333333333334,0.0
4356638922,5809906370,16.237,700,0.0,1.9484400000000002,8.333333333333332,0.0
4356638924,5809906373,16.267,700,0.0,1.95204,8.333333333333334,0.0
4356668494,4356668506,42.762,700,2074.0711641781118,6.4696017260454,6.609680442591733,29.167594530942807
4356685703,4356685704,14.473999999999998,700,0.0,1.7368800000000002,8.333333333333332,0.0
4357620780,4357620781,16.843,700,0.0,2.02116,8.333333333333334,0.0
4357630799,4357630800,19.357,700,0.0,2.32284,8.333333333333334,0.0
4357807520,4357807521,16.538,900,16.672144600958607,1.488420012679074,11.111111016461349,0.06369669656832513
4361742970,4361742969,10.299,900,1349.76439663633,1.266117681258888,8.134314963329324,3.9124310937310094
4363635904,4363635903,15.726,700,0.0,1.8871200000000001,8.333333333333334,0.0
4365093213,4365093214,15.904999999999998,700,0.0,1.9085999999999999,8.333333333333334,0.0
4365101462,4365101461,12.531,700,0.0,1.50372,8.333333333333334,0.0
4365101465,4365101464,14.006999999999998,700,0.0,1.6808400000000001,8.333333333333332,0.0
4366930359,4366930358,11.149,700,6.108179848986552,1.337880000561096,8.3333333298384,0.018838385850901886
4368661282,4368661283,13.764999999999999,700,0.0,1.6518,8.333333333333334,0.0
4368661284,4368661285,13.777,700,0.0,1.6532399999999998,8.333333333333334,0.0
4368661286,4368661287,15.410999999999998,700,0.0,1.8493199999999999,8.333333333333334,0.0
4374684928,4374684927,25.144,900,398.141679783328,2.2692293669813877,11.080413626696306,2.316034110796845
4375737629,4375737628,13.907000000000002,900,0.0,1.25163,11.11111111111111,0.0
4375805788,4375805787,7.830000000000001,900,0.0,0.7047,11.11111111111111,0.0
4374928368,4374928369,9.031,900,0.0,0.81279,11.111111111111112,0.0
4375805786,4375805785,9.362,900,0.0,0.84258,11.11111111111111,0.0
4375748038,4375748037,13.603,900,0.0,1.22427,11.11111111111111,0.0
4375920177,4375920176,10.275,900,0.0,0.9247500000000001,11.11111111111111,0.0
4375757668,4375757669,10.219,900,0.0,0.91971,11.11111111111111,0.0
4375806208,4375806209,9.539,900,1.7354485843726772,0.858510000000858,11.111111111100007,0.003824344896275724
4375805783,4375805784,9.614,900,0.0,0.86526,11.111111111111112,0.0
4375814131,4375814132,11.317,700,384.896835588517,1.025264809292388,11.03812390460442,1.0097750577572013
4375855311,4375855312,27.328999999999997,900,0.0,2.45961,11.11111111111111,0.0
4436905511,4436905515,12.785,900,0.0,1.15065,11.111111111111112,0.0
4497392690,4497392691,13.406,900,0.0,1.20654,11.111111111111112,0.0
4580618460,4580618459,12.583999999999998,700,0.0,1.5100799999999999,8.333333333333334,0.0
6292470215,6292470216,10.886,1200,0.0,0.9797399999999999,11.11111111111111,0.0
4895906767,6294711418,13.441000000000003,700,0.0,1.61292,8.333333333333334,0.0
4919931339,4919931373,7.039,700,966.78280440777,0.800251328933322,8.795986642574508,1.8129547626777962
5049084132,5049084133,98.14,700,1145.1680849071884,13.409164863065298,7.31887488909324,34.19331189264264
5413129574,7711686649,19.528,700,0.0,2.34336,8.333333333333332,0.0
5718485022,5718485024,14.336,700,0.0,1.72032,8.333333333333334,0.0
6129242511,6129242512,9.773,700,0.0,0.703656,13.88888888888889,0.0
6986230260,6986230261,23.711,900,0.0,2.13399,11.11111111111111,0.0
7928760133,7928760134,13.583,900,0.0,1.6299599999999999,8.333333333333334,0.0
8013723181,8013723182,8.728,900,0.0,0.78552,11.11111111111111,0.0
8013723179,8013723180,8.672,900,0.0,0.7804800000000001,11.11111111111111,0.0
